208,212,209 207,211,208 207,211,209 208,211,210 207,210,208 158,159,158 30,32,28 44,47,36 134,133,128 122,116,115 141,139,139 234,238,239 226,230,231 222,225,226 225,227,229 219,220,222 218,219,221 215,216,218 209,209,211 211,211,213 215,214,215 214,213,214 220,219,218 207,207,209 208,209,212 205,206,208 205,206,208 199,201,203 196,200,203 201,205,206 99,104,88 50,53,40 50,62,22 23,27,18 28,33,20 31,40,21 42,53,25 33,42,23 29,37,20 31,40,21 27,33,21 23,26,21 23,25,21 36,45,24 25,29,21 25,29,20 25,27,21 28,32,22 33,43,23 29,37,22 
75,76,75 76,77,77 74,75,75 76,77,77 79,80,79 69,69,69 42,44,39 37,38,35 40,41,38 55,55,53 68,71,57 169,169,168 233,237,238 226,230,231 224,226,228 221,222,224 219,220,222 212,213,215 210,211,213 209,209,211 209,209,211 209,209,210 210,210,211 202,203,205 202,203,205 206,207,209 206,207,209 201,202,204 198,201,203 202,206,207 141,141,137 68,77,43 31,39,18 18,20,17 36,47,19 41,55,23 32,40,21 35,43,20 29,35,20 24,29,20 39,50,23 36,45,25 28,34,22 46,57,24 45,58,24 39,48,24 24,27,21 24,27,21 32,42,23 31,43,24 
82,83,82 106,107,106 119,120,119 121,122,121 116,117,116 102,102,100 81,82,79 92,94,91 71,72,70 49,51,47 29,36,21 41,48,29 140,140,137 231,235,236 225,227,229 223,224,226 221,222,224 211,211,213 210,210,212 207,207,210 207,207,209 206,207,209 203,204,207 203,203,205 199,200,202 208,209,211 208,209,211 203,204,206 198,202,203 201,205,206 146,147,139 53,62,27 24,29,19 23,26,20 37,48,20 40,52,22 28,35,21 22,25,19 28,32,20 33,42,22 41,52,21 34,44,22 36,47,21 32,39,22 25,29,21 24,28,21 22,24,20 24,26,21 27,32,21 30,38,21 
68,69,68 76,77,76 77,78,77 76,77,76 74,74,74 43,43,40 34,35,33 34,35,33 36,38,33 40,42,34 35,44,20 30,37,22 36,40,28 193,197,194 230,234,235 222,223,225 222,223,225 214,214,216 216,216,216 209,210,211 206,207,209 205,206,208 203,204,206 201,201,203 198,198,200 207,208,210 209,210,212 201,203,204 198,201,202 199,203,204 191,193,192 46,56,27 26,33,20 36,47,20 42,56,19 39,51,20 44,55,23 35,44,25 48,64,22 40,50,21 26,30,22 24,27,21 22,24,19 24,25,21 22,25,21 24,26,20 27,32,21 25,29,21 31,40,22 26,34,21 
48,48,45 89,89,88 96,97,96 95,96,95 94,94,93 37,39,35 31,32,30 34,36,32 32,33,31 33,34,31 44,53,25 34,44,18 27,31,23 103,106,98 226,229,229 222,224,223 214,216,217 218,219,220 211,211,212 208,209,211 207,207,209 204,205,207 201,202,204 197,197,199 197,197,200 205,206,208 208,209,211 199,200,202 197,201,202 200,203,204 126,128,119 46,56,26 50,56,39 38,49,19 35,46,19 46,58,20 42,52,23 21,25,19 26,31,21 30,39,21 25,28,21 27,31,21 28,33,21 32,40,21 28,34,23 40,48,24 30,38,23 24,29,21 23,27,21 22,25,20 
51,57,35 158,157,153 216,217,215 220,222,219 186,186,183 84,85,77 29,35,24 26,31,21 21,23,20 20,22,20 24,28,19 28,38,18 28,37,19 29,34,25 137,138,131 223,225,224 217,219,218 222,224,224 208,209,211 207,207,209 207,208,210 203,204,206 199,200,202 195,195,197 197,197,199 201,201,203 199,200,202 196,197,199 198,201,202 193,195,194 108,114,93 40,48,24 29,35,22 42,55,20 45,58,23 26,31,19 24,27,20 26,32,21 23,26,21 22,24,20 24,27,21 36,45,21 34,43,22 29,33,22 27,31,22 25,29,21 30,37,23 31,40,23 49,66,23 34,42,23 
48,60,22 72,78,53 199,197,195 188,185,180 118,116,104 55,66,36 54,60,46 30,35,20 27,30,25 19,21,18 19,23,17 21,26,18 38,50,23 35,46,19 55,59,43 211,213,211 212,214,213 210,212,212 204,205,207 208,208,211 204,204,207 198,198,200 196,195,198 194,194,196 196,196,198 198,198,200 198,199,201 196,197,199 199,203,203 188,190,188 92,97,81 26,31,20 34,44,19 38,50,21 34,42,19 21,24,19 24,28,21 21,24,20 24,26,21 25,28,21 26,30,21 26,30,22 28,31,22 24,27,20 34,42,23 29,34,23 28,35,23 28,36,24 28,34,24 24,28,23 
34,42,19 48,58,25 134,132,125 92,97,74 44,56,21 36,49,17 32,43,20 26,33,19 30,33,24 34,39,26 31,35,25 22,24,21 26,28,25 29,36,21 45,55,31 191,192,191 210,212,210 207,209,209 202,202,205 205,204,207 198,199,202 192,192,194 193,193,197 195,194,198 194,195,198 197,198,200 197,198,200 201,201,202 207,208,208 177,179,177 70,78,57 32,40,20 28,35,19 31,38,23 25,29,21 20,22,18 21,23,20 22,25,20 37,48,21 39,50,22 41,52,23 33,39,22 26,30,20 34,40,24 36,45,24 41,55,25 31,41,24 32,41,24 43,56,27 39,51,26 
24,27,19 31,38,19 83,89,58 71,80,54 35,47,18 26,31,19 26,33,18 33,42,21 26,30,21 24,28,18 23,27,18 43,47,39 48,47,48 17,20,16 56,61,47 204,203,204 213,215,212 205,207,206 205,206,207 207,207,210 198,198,201 189,189,192 199,198,201 200,200,202 197,197,201 200,201,203 198,199,201 202,203,203 207,209,207 193,194,191 46,56,28 28,37,19 33,42,20 38,51,19 26,30,21 20,22,19 21,23,20 21,22,20 35,45,21 29,35,21 27,30,22 28,33,23 34,44,24 32,40,25 33,40,26 38,47,26 37,48,26 43,51,32 41,51,29 53,65,36 
21,24,18 37,47,19 39,55,17 38,53,18 31,41,19 26,34,19 23,30,19 25,30,19 33,39,23 37,40,29 31,42,17 30,36,21 87,85,78 31,32,25 47,48,42 208,208,208 227,229,226 215,216,214 214,215,214 207,207,209 198,198,201 192,192,194 203,203,205 202,202,204 180,179,185 201,202,205 196,197,198 201,203,202 208,210,208 112,117,99 44,56,22 29,35,21 24,29,19 30,37,20 21,24,20 22,25,20 20,23,19 23,27,21 25,29,22 25,29,21 31,36,24 33,40,26 37,47,23 32,37,25 34,44,27 31,37,27 40,52,29 63,78,35 54,66,36 59,72,44 
41,51,25 45,61,21 35,46,17 36,48,21 25,30,19 29,39,18 27,37,19 30,36,21 33,42,19 29,35,22 20,24,18 26,30,21 29,34,23 40,49,21 44,49,25 137,131,130 237,238,236 227,228,226 228,228,227 201,202,204 194,194,198 197,198,200 205,205,207 185,186,190 120,118,125 203,205,205 197,198,197 203,205,203 199,201,197 66,76,42 30,38,19 20,23,18 21,24,18 22,25,19 22,25,20 24,28,21 19,21,16 25,29,21 29,35,23 43,55,27 49,61,26 30,34,23 34,42,25 30,34,25 26,28,24 46,58,32 65,85,34 52,66,32 48,63,27 40,52,28 
33,47,17 42,54,20 39,50,19 34,45,19 26,32,20 25,28,20 23,27,19 25,30,19 22,25,19 25,29,19 22,25,18 21,25,18 20,24,18 21,24,18 38,46,18 117,119,98 236,237,233 224,225,221 218,218,216 204,204,204 190,190,194 206,206,206 209,209,209 209,210,211 199,199,202 205,206,207 199,201,200 208,210,207 166,170,158 40,49,21 23,25,19 28,30,27 26,31,21 24,27,23 25,30,22 22,24,20 24,28,20 35,44,25 30,37,23 30,34,25 32,36,24 33,38,23 33,39,25 33,41,27 40,47,30 46,59,31 50,67,34 46,56,34 34,44,28 35,44,29 
43,57,22 35,42,22 24,28,21 23,26,21 25,29,22 31,36,23 24,29,19 21,24,18 20,22,19 23,28,17 26,31,18 20,25,18 22,27,17 21,25,18 28,32,19 44,55,20 137,139,125 214,216,211 203,204,202 209,208,207 195,194,197 198,199,200 210,210,211 215,215,217 208,206,210 210,210,210 205,206,204 206,208,205 154,159,152 42,48,30 25,27,23 26,31,22 25,28,22 27,35,22 29,36,23 28,34,24 37,49,24 39,52,24 32,39,25 26,28,23 30,33,23 49,62,26 51,67,28 45,55,32 64,81,38 50,66,35 50,64,37 51,65,34 51,66,35 44,56,36 
28,35,23 23,27,20 26,30,21 29,37,21 30,33,27 32,42,20 31,39,21 32,39,19 24,27,20 20,21,18 25,30,18 22,26,18 24,30,19 23,28,20 22,25,19 28,34,22 124,129,112 210,211,208 199,200,200 208,207,205 205,205,205 209,210,209 214,215,213 218,219,219 210,210,213 209,210,211 204,205,204 207,209,207 155,161,148 37,44,29 54,53,56 26,31,21 30,38,21 32,44,22 29,38,24 33,42,28 36,45,30 28,32,23 38,47,24 37,48,26 51,67,26 39,48,25 54,69,32 48,61,32 60,77,37 55,68,37 35,42,28 42,51,30 44,54,29 59,75,40 
28,33,24 26,33,23 34,45,23 34,45,21 28,38,22 30,43,22 31,36,25 34,41,24 25,27,23 22,23,20 22,23,18 25,29,19 23,27,19 26,32,21 25,28,22 23,25,22 73,80,60 183,184,178 206,207,205 202,204,202 209,209,208 213,213,212 219,219,217 221,223,222 176,179,184 146,148,151 199,201,203 207,208,207 151,157,150 61,66,55 29,35,22 26,34,22 37,49,22 38,48,23 30,37,25 47,58,33 59,66,55 28,33,24 44,58,24 45,62,25 38,49,24 37,49,27 40,54,27 40,51,26 37,49,28 31,40,23 25,27,20 29,34,23 39,48,31 34,44,29 
33,42,25 39,53,24 37,49,23 34,48,21 28,36,22 28,37,21 25,31,20 23,26,21 22,24,21 22,23,21 22,24,19 27,32,19 27,34,20 24,28,21 26,30,23 28,30,25 41,48,32 128,133,124 212,213,211 210,211,209 215,215,214 219,219,217 223,224,222 143,148,149 118,125,126 112,115,127 205,206,209 190,193,192 199,204,202 58,70,42 36,46,25 41,54,24 47,61,24 28,34,25 34,40,31 71,79,73 33,38,28 31,39,25 41,52,25 39,50,23 34,42,23 33,40,24 27,33,24 24,30,18 21,27,18 23,31,17 29,36,24 32,36,24 33,44,26 30,41,28 
42,56,27 40,52,26 36,46,25 31,42,23 31,41,23 28,37,22 26,34,21 24,28,21 23,28,20 24,27,20 22,24,18 22,25,19 22,25,19 24,26,21 29,35,25 33,39,28 38,44,29 81,86,78 199,200,200 218,218,216 221,221,219 226,226,224 208,209,212 101,107,113 82,91,87 112,118,129 112,119,120 110,119,113 170,174,176 60,71,52 29,35,27 31,39,25 36,41,34 43,50,34 67,74,63 84,87,81 29,33,25 44,59,25 36,46,22 27,34,21 27,36,21 26,33,22 42,53,30 67,84,48 37,49,27 30,41,22 27,33,14 34,45,23 32,44,22 25,36,17 
38,48,26 34,42,25 25,31,20 26,32,21 27,35,21 27,34,21 30,42,22 25,30,22 25,31,21 27,32,21 23,25,19 23,25,20 24,27,21 25,29,22 27,33,25 40,49,29 47,55,35 43,53,38 185,187,187 223,224,219 227,227,224 232,232,229 236,237,233 99,107,109 60,72,57 82,90,97 63,76,63 65,77,64 98,108,99 50,64,34 38,45,37 34,42,29 44,48,43 77,79,82 62,66,58 39,50,28 45,60,26 38,49,28 31,42,21 23,29,18 34,45,25 64,80,37 61,73,42 53,65,38 37,49,28 27,36,19 29,38,18 35,45,23 31,38,23 34,46,26 
43,54,30 48,62,34 37,50,24 26,33,20 27,35,23 25,30,22 24,30,22 24,29,20 28,34,22 31,39,22 27,31,22 27,33,22 24,29,21 29,34,24 29,34,26 32,39,27 42,51,35 34,40,37 138,141,138 229,228,224 218,219,220 158,163,164 205,206,211 113,120,117 64,73,66 68,81,66 62,74,69 65,82,59 65,76,65 53,64,43 38,45,33 37,41,36 52,55,55 42,46,40 40,45,34 38,48,28 36,46,24 27,37,19 35,47,22 38,53,25 37,49,24 49,64,35 43,51,30 50,66,22 29,37,19 28,36,18 36,48,18 45,59,27 40,52,30 51,65,29 
36,46,24 26,35,24 32,45,18 39,53,24 27,36,22 35,44,31 34,44,26 27,36,22 32,42,23 32,43,22 34,42,23 29,36,22 26,31,22 27,33,23 32,38,29 35,40,30 23,28,18 43,49,45 99,103,107 207,208,209 154,158,163 102,109,107 113,124,109 101,114,89 101,119,77 70,84,68 85,93,111 70,82,77 66,82,64 64,79,59 58,69,53 44,46,39 64,66,62 47,59,33 36,45,28 37,48,25 31,39,22 34,44,23 51,63,30 35,47,24 29,36,19 32,42,22 36,43,25 42,57,29 28,37,20 31,42,20 40,54,24 39,52,24 28,36,21 36,46,25 
35,46,24 35,46,20 29,40,18 22,31,14 28,34,16 15,17,14 20,24,16 27,35,23 28,40,23 24,27,17 26,29,20 27,31,23 34,42,23 33,42,25 32,38,27 36,42,29 42,47,30 40,46,30 149,150,152 198,200,205 96,105,100 78,87,75 81,92,70 80,93,70 82,95,82 79,91,87 78,92,83 57,70,60 55,65,53 58,71,53 81,93,77 49,54,39 56,62,55 51,60,45 48,59,33 33,44,22 38,50,26 33,40,23 33,39,21 27,30,16 26,29,16 30,37,19 30,34,19 30,36,20 27,32,18 28,34,18 28,36,19 32,35,20 28,33,18 32,42,22 
35,46,23 37,51,24 41,58,22 27,37,20 31,44,22 22,28,17 20,24,14 21,26,14 26,33,21 26,30,21 34,40,24 24,26,20 30,34,23 30,37,25 32,37,26 40,48,35 47,55,40 50,56,44 167,168,177 183,185,190 90,96,99 77,85,77 73,82,65 75,86,73 63,78,56 77,98,60 67,82,61 50,66,46 51,65,48 54,63,55 74,84,74 53,61,35 82,87,72 83,86,81 83,85,86 49,59,34 32,39,21 33,38,25 15,14,13 20,20,14 21,21,15 27,32,16 34,32,20 26,30,17 31,37,22 33,42,22 33,40,21 28,33,20 36,43,25 42,50,31 
47,64,33 38,54,30 37,49,26 43,56,25 34,47,26 38,47,29 37,49,21 32,39,20 39,49,28 28,32,23 32,37,23 19,19,17 31,36,24 31,37,24 43,52,29 27,33,24 40,51,35 63,74,51 139,142,148 132,140,139 83,93,84 75,85,78 67,74,64 64,81,53 74,91,64 71,88,55 85,104,72 70,83,73 45,55,39 41,53,33 76,89,67 45,51,27 51,60,46 60,67,44 52,60,39 66,77,48 59,62,50 30,31,22 18,13,15 18,17,14 20,18,15 32,34,18 37,38,22 33,39,23 24,26,18 31,38,23 28,32,18 24,23,18 32,32,23 35,39,25 
37,48,25 39,53,21 31,40,24 26,35,21 40,52,32 45,59,30 35,47,20 47,61,32 40,53,25 45,58,30 47,59,30 43,55,28 35,45,23 34,42,26 24,29,18 30,38,22 42,52,27 54,64,45 122,125,135 73,83,72 75,87,73 73,90,60 60,73,54 61,73,50 73,90,52 71,88,53 81,98,75 82,100,77 48,59,41 50,65,41 57,65,50 51,55,44 46,56,46 48,55,37 58,66,39 71,84,57 94,98,82 82,88,63 21,17,16 21,21,14 27,32,16 42,42,25 51,60,32 34,40,21 24,26,17 25,28,18 23,23,17 18,19,16 33,37,22 36,38,23 
50,63,36 50,69,34 33,43,27 29,38,23 28,37,22 42,54,29 35,42,24 36,49,26 42,59,30 48,61,29 49,62,34 47,60,35 48,63,30 49,60,33 32,42,23 40,53,23 47,58,41 62,71,58 74,86,65 89,101,79 74,89,61 82,100,57 72,88,53 66,79,54 66,81,44 68,83,42 69,83,52 70,88,62 54,68,43 46,57,36 43,54,40 44,56,46 47,57,48 47,54,41 45,51,43 80,94,65 89,101,73 74,89,40 26,27,18 34,31,22 33,35,21 37,37,22 38,43,26 42,48,25 36,41,25 32,38,21 21,23,16 20,23,16 29,32,20 36,44,22 
31,41,21 31,40,22 34,45,28 29,38,21 35,46,23 49,63,33 48,61,29 37,47,21 35,48,24 39,53,26 40,50,29 36,43,27 36,43,25 43,51,29 46,55,33 36,46,23 49,58,37 71,83,69 81,97,73 83,96,72 76,89,51 74,92,48 64,81,40 65,82,42 61,76,47 55,69,40 62,75,44 63,79,48 70,90,55 53,67,46 43,46,40 44,54,43 39,45,44 35,38,42 39,42,46 61,64,58 86,100,73 70,86,46 35,38,23 23,22,17 39,36,26 62,62,40 93,93,62 93,106,63 63,75,50 53,64,38 28,33,21 19,23,16 30,35,23 74,84,56 
32,36,18 28,32,16 31,35,17 24,29,14 30,39,17 36,48,35 36,43,22 33,42,18 38,48,23 41,51,25 30,28,25 28,29,29 35,39,37 41,46,41 41,47,43 51,57,45 59,64,51 74,80,69 72,86,57 75,90,58 70,90,36 80,101,52 65,81,43 51,62,36 57,70,48 43,54,32 63,77,44 81,98,64 80,100,72 66,83,62 40,46,34 38,45,37 42,44,45 46,46,50 59,61,60 61,61,57 82,89,71 85,102,60 45,47,30 32,32,20 53,50,33 84,92,51 60,73,34 56,67,34 83,77,74 81,71,74 41,39,38 20,23,16 48,44,44 100,89,98 
33,37,18 29,34,18 31,37,21 36,40,19 32,37,18 40,56,53 49,60,34 44,53,27 45,56,30 47,59,29 36,36,29 46,48,41 62,70,51 70,82,60 73,88,62 79,91,67 89,100,73 90,100,72 90,107,58 83,101,59 75,91,57 74,94,52 68,86,49 62,78,38 49,61,37 46,55,30 73,93,48 74,92,53 58,74,52 47,58,39 35,40,32 48,55,42 109,114,89 121,118,90 117,124,88 115,125,85 121,133,90 118,132,86 58,63,40 32,32,22 53,57,34 93,108,59 88,105,59 83,99,60 104,118,76 108,122,84 104,114,80 31,34,26 27,29,28 66,62,57 
42,53,34 59,73,42 67,83,52 72,86,48 74,88,53 63,74,45 81,95,59 82,96,61 57,65,43 67,75,47 29,28,24 62,69,46 101,116,69 103,119,70 99,115,70 98,113,70 94,110,69 93,112,68 96,114,69 95,112,62 100,118,70 81,93,57 80,99,47 67,84,39 52,67,33 57,70,42 68,82,52 74,89,56 54,69,43 55,63,44 70,76,53 95,101,73 126,132,96 126,130,93 117,126,84 111,120,79 120,130,80 122,133,78 66,68,43 25,20,19 60,65,41 114,129,75 108,125,70 93,111,63 88,106,62 89,107,63 93,113,66 39,44,31 33,39,28 83,96,62 
79,92,65 83,92,60 84,94,67 84,93,66 81,92,64 81,93,62 88,94,67 75,82,56 80,89,58 89,96,59 21,16,18 73,82,50 99,108,65 92,101,63 85,97,60 91,101,66 93,100,71 96,106,71 87,99,61 102,110,74 100,109,70 100,102,75 70,81,46 71,79,52 54,70,32 43,48,28 79,90,59 95,105,70 106,118,80 108,117,81 82,92,61 98,111,72 102,112,69 100,111,65 100,110,66 100,110,65 104,115,65 102,114,62 67,73,40 28,21,21 48,52,33 83,98,54 77,91,49 76,91,49 71,86,49 69,86,46 78,98,52 42,50,32 32,36,26 91,105,63 
85,85,77 92,89,89 89,90,79 80,84,69 86,88,76 83,87,72 78,82,61 67,68,50 84,88,71 89,92,73 28,24,24 82,89,57 90,97,65 97,103,73 104,108,84 102,106,74 111,115,84 106,114,73 117,121,84 118,122,83 116,123,76 106,117,74 105,119,69 115,124,75 64,70,40 64,72,40 104,117,67 114,129,81 103,117,71 82,94,55 69,81,49 75,89,52 84,98,54 85,100,52 90,103,55 83,94,54 85,98,54 82,94,49 60,69,35 30,24,23 37,39,26 64,73,40 71,81,44 76,84,48 84,92,56 86,95,58 87,99,57 60,65,41 30,31,25 85,99,54 
61,75,41 62,75,44 58,71,39 57,71,37 64,79,43 65,81,43 66,82,42 58,68,40 64,77,40 72,88,45 29,27,23 76,90,48 88,105,54 96,112,59 99,112,60 105,116,64 105,116,64 106,118,65 109,119,70 109,119,66 111,122,66 107,120,63 114,126,68 99,108,57 75,81,42 77,85,48 93,104,55 102,115,66 99,114,59 94,110,55 90,104,58 84,101,55 78,96,48 81,97,49 82,96,52 80,92,53 72,83,47 67,75,40 65,70,42 38,32,29 42,42,35 77,81,50 84,89,51 92,93,58 104,101,68 107,102,71 106,101,68 76,71,47 43,37,33 57,60,38 
56,71,40 62,75,50 60,72,40 64,77,40 62,79,43 62,79,40 62,78,42 55,72,41 58,75,40 67,86,43 28,27,25 81,97,51 79,95,51 88,102,53 94,107,55 96,109,56 103,116,60 103,116,58 101,114,56 101,111,59 105,113,60 106,117,63 104,116,63 88,99,43 67,74,33 81,84,49 102,115,64 105,117,63 98,111,54 96,110,51 88,102,51 85,98,50 77,90,48 73,86,46 76,87,52 79,89,56 78,81,53 80,81,53 82,81,53 48,42,35 53,45,41 85,82,53 82,80,51 85,82,53 88,85,53 85,84,53 85,85,52 70,58,40 47,23,24 59,57,41 
55,64,45 62,65,48 56,70,42 58,76,38 57,74,40 58,78,38 58,78,38 62,81,42 63,82,43 63,82,41 49,43,41 65,82,43 73,90,48 81,95,52 83,97,53 82,95,52 74,89,43 87,97,51 94,107,51 97,110,52 103,114,57 100,113,56 98,110,59 79,90,44 60,65,37 81,92,43 90,103,54 91,101,62 95,107,62 94,105,61 87,96,59 90,99,58 87,94,54 87,92,57 85,92,58 88,95,59 83,85,54 85,87,53 87,86,56 55,47,41 56,45,45 82,78,50 81,76,50 73,69,45 66,72,39 65,66,45 62,67,41 56,50,37 51,27,27 54,48,37 
62,67,49 68,72,57 58,62,50 48,54,37 50,68,34 51,70,32 57,76,38 54,71,36 57,75,39 61,75,43 52,44,42 71,87,48 74,88,49 74,90,47 74,87,50 79,89,54 85,95,55 86,96,51 92,103,52 100,109,59 93,104,55 86,98,51 87,100,48 69,83,36 69,80,30 83,95,47 92,103,55 99,108,67 102,113,70 99,112,68 86,91,61 88,93,60 90,95,58 89,93,57 87,88,55 85,87,54 84,83,54 82,82,51 82,85,51 59,42,34 56,31,32 72,70,43 65,61,41 68,70,44 61,64,43 66,63,50 65,68,45 56,49,40 56,56,38 49,45,37 
71,81,73 72,81,74 80,86,76 58,70,48 43,61,30 45,60,32 57,73,37 56,71,38 55,70,39 55,59,35 53,29,26 56,68,38 58,69,38 63,74,42 71,82,49 72,81,47 81,89,51 80,92,47 85,97,47 77,87,44 74,86,40 74,88,41 86,96,48 68,79,36 68,72,34 76,90,40 82,90,48 88,98,50 96,104,57 92,98,58 79,80,56 75,76,55 86,88,58 80,82,49 82,80,50 80,76,50 75,77,47 78,83,47 77,78,51 65,45,40 58,30,32 67,62,44 64,64,43 68,64,47 78,69,62 64,64,50 70,70,50 73,76,48 67,70,45 58,53,42 
60,74,52 65,74,51 66,69,45 66,67,54 66,71,55 66,66,56 66,68,50 50,57,39 45,51,35 55,53,42 57,44,42 47,53,34 57,65,45 55,67,41 55,67,40 59,69,39 57,67,39 65,76,41 62,74,37 71,81,47 68,81,40 69,81,38 77,86,43 69,76,38 70,72,32 72,85,48 83,92,46 81,87,47 79,87,46 82,91,47 80,85,54 77,77,57 79,79,59 82,83,51 78,77,52 73,74,47 66,70,41 68,72,45 88,79,72 65,50,47 64,47,47 84,70,61 63,53,45 85,79,62 73,63,54 77,72,56 74,68,52 73,63,46 69,59,46 68,55,49 
75,84,60 76,78,61 75,74,58 72,73,54 68,66,52 74,70,58 79,71,62 67,68,55 67,66,54 69,68,53 59,52,47 67,63,52 72,69,59 64,74,49 54,63,41 55,63,41 57,66,41 59,64,42 51,53,37 64,73,46 55,64,34 59,69,43 69,77,46 69,65,43 72,65,31 64,72,41 69,77,42 67,75,42 68,77,40 73,81,44 74,79,52 72,78,51 68,70,52 73,79,50 77,74,54 77,79,54 83,79,63 86,74,68 83,82,67 67,60,49 62,49,45 72,72,49 82,64,58 91,81,65 83,78,60 85,72,61 82,74,59 78,69,59 85,73,67 88,78,75 
78,75,69 79,79,72 81,82,70 83,80,70 77,76,61 78,75,65 73,66,59 66,64,54 74,71,58 65,63,52 74,73,58 80,75,63 83,77,63 75,69,53 67,64,53 65,61,51 67,68,50 76,70,59 66,68,51 80,80,58 77,73,58 88,83,74 69,67,54 62,55,43 73,66,42 66,64,49 73,66,57 61,57,46 71,69,54 75,74,60 71,70,58 71,68,61 77,75,66 86,82,70 89,86,72 97,85,80 81,66,59 78,67,55 89,78,64 84,71,62 79,68,60 73,77,54 75,62,55 83,75,61 80,73,60 87,76,66 89,79,66 106,95,93 101,92,93 91,85,90 
82,80,67 77,77,67 65,64,59 79,74,76 86,84,81 92,85,83 83,76,76 83,79,72 76,72,64 77,73,64 81,76,64 85,80,67 89,78,65 88,81,64 90,83,66 87,81,67 85,82,67 90,83,67 94,93,69 97,89,75 100,90,78 95,83,75 94,84,71 84,74,63 73,69,49 84,74,66 87,85,66 93,80,71 83,71,65 81,75,66 71,70,59 77,70,65 84,80,70 79,73,56 81,68,61 93,81,69 96,79,72 91,88,68 86,80,61 89,78,65 84,71,64 86,74,66 75,64,57 80,74,62 81,70,62 97,85,79 100,90,86 112,101,102 93,85,89 97,88,92 
81,82,65 69,77,55 68,74,56 77,78,66 74,80,63 79,79,68 76,77,68 79,75,75 91,87,89 92,89,87 101,94,90 85,79,74 90,80,71 92,84,76 83,82,68 85,86,66 86,89,66 95,91,72 100,92,77 93,81,72 98,86,80 95,84,75 87,77,66 92,83,68 74,67,53 88,83,68 96,83,71 94,75,70 98,85,80 85,77,69 88,77,77 87,79,77 81,75,62 89,71,67 88,77,66 94,79,72 78,76,61 86,77,63 90,76,67 91,78,74 104,87,81 101,84,78 106,89,85 117,103,102 118,107,107 113,103,105 101,91,93 99,89,92 112,103,105 131,118,116 
88,82,63 76,74,58 81,79,67 78,77,63 61,69,51 60,67,51 70,72,56 84,86,68 84,86,72 84,86,74 86,85,79 79,71,69 79,72,72 91,83,84 107,101,100 108,102,102 98,90,84 94,86,78 93,85,77 100,89,85 98,90,80 86,80,68 90,79,70 87,77,66 84,70,64 90,76,66 84,71,68 94,74,75 98,81,80 85,73,69 96,82,79 102,90,88 89,81,68 90,77,70 88,79,72 99,86,82 106,92,89 118,101,102 115,99,98 128,113,115 126,111,112 119,107,109 116,107,109 99,90,95 96,89,92 110,101,104 124,111,109 127,114,110 58,56,55 111,102,100 
91,84,74 95,91,82 87,85,73 80,80,69 81,77,67 85,74,65 87,81,74 84,80,69 78,78,60 77,79,60 89,92,72 95,97,80 96,92,84 100,95,88 102,96,91 96,92,87 71,67,66 83,74,73 86,77,77 102,91,93 99,91,95 94,85,86 104,94,95 107,96,97 100,90,90 98,88,89 98,88,92 112,97,104 116,100,105 102,86,87 100,82,82 106,92,94 102,89,93 99,89,90 101,89,95 97,82,88 98,86,93 103,92,99 101,92,98 98,89,93 100,89,94 110,100,105 121,109,113 135,122,125 126,113,104 132,121,112 133,117,114 118,106,103 86,63,64 116,109,109 
103,94,90 237,234,226 238,235,227 235,229,214 231,223,205 222,173,160 217,186,178 187,160,155 100,92,84 103,91,86 105,90,81 101,92,74 100,92,79 100,97,77 93,92,70 101,98,82 102,100,90 100,96,95 99,96,89 102,95,94 96,93,89 93,84,81 95,87,88 91,84,87 90,84,90 88,83,92 91,84,94 87,80,89 86,78,84 92,84,89 96,86,94 95,86,95 94,84,95 89,79,89 80,72,79 87,78,82 103,93,95 101,90,94 108,96,100 104,103,87 124,111,105 116,103,98 127,113,111 127,114,110 120,109,106 125,115,113 132,122,123 134,123,122 69,65,65 139,128,127 
104,96,95 229,226,217 238,234,224 234,228,213 220,197,152 222,193,179 210,168,159 185,153,146 107,101,99 111,102,101 115,106,105 115,106,102 126,111,108 121,109,101 119,108,100 114,103,95 100,94,82 93,85,75 90,86,70 94,88,75 87,85,70 93,91,76 89,90,75 96,92,79 96,87,83 95,86,82 101,90,89 100,94,87 98,94,88 102,95,90 95,90,83 90,82,80 93,84,84 97,88,87 99,94,85 94,96,76 97,93,76 106,98,88 108,97,91 106,98,86 113,101,99 118,106,105 113,104,102 125,115,115 122,113,114 125,115,116 139,129,131 148,135,137 63,61,61 136,125,125 
104,99,100 238,235,227 236,232,221 226,218,195 193,182,151 230,222,202 231,220,203 201,191,179 118,108,112 115,105,107 114,108,110 127,115,114 124,114,113 120,113,112 123,114,113 126,114,114 127,112,110 125,108,105 125,108,102 111,97,93 117,99,87 102,88,79 98,86,77 104,90,83 114,96,94 114,97,93 119,99,96 109,92,88 102,88,83 103,88,84 103,92,87 105,91,89 108,92,91 114,97,98 111,96,96 119,105,106 119,103,104 117,104,107 119,109,113 125,113,115 122,112,116 128,118,120 126,116,117 127,116,118 129,117,119 135,124,126 132,124,124 140,130,131 52,50,50 130,118,117 
104,100,100 237,233,225 234,227,208 232,223,199 220,218,197 231,225,207 235,224,206 202,193,172 118,110,113 113,107,108 124,115,117 127,118,117 128,117,115 125,115,113 128,115,117 129,116,122 122,113,115 125,112,114 121,108,111 124,111,115 117,104,105 123,103,98 124,104,101 127,107,104 130,107,105 134,110,111 132,110,111 127,108,107 130,111,114 126,108,111 125,108,108 124,107,109 114,101,106 113,101,107 115,104,110 109,99,105 115,103,108 121,108,113 123,113,117 124,114,117 122,112,115 127,115,119 121,109,112 135,121,124 133,123,126 127,118,120 131,120,121 125,117,117 63,61,61 134,123,122 
103,99,96 237,234,226 236,232,223 232,221,190 232,224,203 217,210,191 220,212,197 191,184,168 115,108,108 117,108,110 137,121,121 129,118,115 125,115,112 133,118,118 133,119,123 124,115,117 125,115,119 129,117,120 125,116,121 135,120,124 139,120,120 138,118,117 134,113,115 123,109,107 123,110,112 134,115,116 130,111,114 128,110,113 124,109,114 129,111,115 119,106,110 124,108,111 121,106,110 119,106,112 124,109,117 120,107,115 124,111,118 122,108,113 127,111,116 121,110,114 117,108,111 144,136,140 148,133,138 36,36,36 39,39,39 53,57,61 113,114,103 75,78,61 42,42,42 130,119,117 
113,107,105 124,122,119 123,122,119 120,116,105 120,117,110 114,112,107 114,111,106 106,105,98 129,119,120 131,120,119 144,126,126 135,124,121 134,122,120 137,124,124 129,122,124 135,124,126 130,120,123 134,120,120 124,114,119 132,117,121 145,124,125 142,120,121 139,119,120 138,119,120 134,122,122 145,129,129 136,115,115 136,115,117 136,116,118 133,115,119 120,105,110 118,106,111 122,107,113 123,107,114 125,106,112 126,107,115 128,109,117 120,109,112 119,108,111 127,112,116 118,107,112 128,120,123 134,122,125 71,66,66 69,64,65 71,66,67 98,93,82 78,77,67 63,60,60 135,122,120 
120,125,113 107,107,107 108,108,108 88,88,88 83,83,83 87,87,87 87,87,87 93,92,92 152,146,146 159,149,147 158,148,148 154,146,147 155,148,147 151,146,147 157,150,150 156,148,149 144,137,140 128,115,119 121,109,116 134,118,120 137,120,120 138,119,121 136,119,119 132,117,120 134,117,115 139,117,114 138,115,114 141,118,118 144,119,121 125,108,110 96,86,88 92,84,86 90,81,83 91,83,86 90,81,83 89,80,82 90,81,85 76,70,71 90,85,85 86,81,83 89,82,84 71,67,68 84,80,80 88,81,82 86,79,80 81,75,75 84,77,76 90,85,85 84,79,79 74,71,70 
