178,179,183 175,176,180 170,171,175 177,178,183 184,185,189 189,190,195 187,188,192 179,180,184 164,165,169 181,182,187 195,194,199 194,194,197 196,197,199 202,202,203 211,211,211 202,202,203 205,205,205 207,207,207 209,209,209 211,211,211 212,212,211 212,212,211 213,213,213 214,214,212 214,214,214 215,215,215 214,214,214 214,214,212 213,213,213 212,212,211 211,211,210 210,210,209 206,206,204 205,204,205 211,209,212 212,210,212 210,208,210 211,209,212 213,209,213 215,210,214 212,207,211 208,203,206 206,201,203 208,203,205 201,196,197 199,194,196 196,194,195 201,197,198 202,197,201 201,196,200 
69,69,71 69,69,71 66,66,68 69,69,71 71,71,73 70,70,72 71,71,73 71,71,73 70,70,72 188,189,194 192,192,197 199,198,202 197,197,199 209,209,211 217,217,218 204,204,204 204,204,204 206,206,207 208,208,208 210,210,210 211,211,211 212,212,212 213,213,213 214,214,213 214,214,213 215,215,215 215,215,215 214,214,214 214,214,212 213,213,212 212,212,211 211,211,210 210,210,210 211,209,210 213,211,213 214,212,213 212,209,211 211,206,210 211,206,210 210,205,209 209,204,208 206,200,204 206,202,203 204,200,201 198,194,195 199,195,197 201,197,198 202,197,200 201,196,200 202,198,201 
76,76,78 100,100,102 112,112,113 114,114,115 109,109,110 116,116,117 107,107,108 118,118,119 103,103,104 189,189,194 184,184,189 195,195,199 199,200,202 214,214,216 218,218,220 208,208,208 204,204,204 205,206,206 207,207,208 209,209,209 210,211,211 212,212,212 213,213,213 214,214,214 214,214,213 215,215,215 215,215,215 215,215,215 214,214,213 213,213,212 212,212,212 210,210,210 212,212,212 214,212,214 218,216,218 214,212,213 213,209,211 209,204,208 207,201,205 205,200,204 202,197,201 203,197,199 202,198,199 200,195,196 198,193,194 198,194,194 200,196,197 200,195,200 202,197,200 202,199,201 
71,71,73 70,70,72 70,70,72 68,68,69 68,68,70 68,68,70 67,67,69 67,67,69 72,72,74 192,193,198 184,185,189 192,193,197 204,204,208 218,218,220 216,216,217 209,209,210 204,205,204 205,206,205 206,207,207 208,209,209 210,210,210 212,212,212 213,213,213 214,214,214 214,214,214 215,215,215 215,215,214 215,215,215 215,215,214 213,213,212 212,212,211 210,210,209 211,211,211 216,214,216 218,216,218 212,210,211 210,206,209 205,200,204 203,198,202 201,195,199 198,193,196 199,194,196 198,193,194 198,193,195 198,193,194 200,196,198 200,197,198 202,198,200 201,198,200 199,195,196 
71,71,72 85,85,87 90,90,92 87,87,88 87,87,89 68,68,70 66,66,68 64,64,66 68,68,70 192,193,198 188,189,194 194,195,199 207,208,212 224,223,227 190,187,183 190,190,186 205,206,205 205,206,206 206,208,207 208,210,209 210,211,211 212,213,212 213,214,213 213,214,214 214,214,214 214,215,214 215,215,215 213,213,213 215,215,213 214,214,213 212,212,210 209,209,207 212,212,212 216,215,217 214,212,214 208,206,208 205,201,205 202,197,201 198,194,198 196,191,195 194,189,193 193,188,191 194,190,193 197,192,196 198,193,195 201,197,200 201,197,199 202,197,199 197,195,196 193,190,190 
183,184,186 188,188,190 187,188,190 186,186,190 184,184,188 186,186,190 187,188,192 177,178,182 166,167,172 183,184,189 191,191,196 199,200,204 211,211,215 203,202,200 103,102,77 135,135,119 209,210,208 208,210,209 210,212,211 212,214,213 213,215,214 215,217,216 216,218,217 214,216,215 213,214,214 215,215,214 209,209,208 193,192,192 216,216,214 211,211,210 213,213,211 207,207,205 206,206,206 212,211,212 209,208,209 205,203,205 202,198,202 198,195,198 197,193,197 195,191,194 192,187,191 190,185,189 193,188,192 197,192,196 200,196,198 200,197,199 200,197,199 201,196,199 196,192,193 188,186,188 
198,200,200 203,204,207 210,211,213 213,214,216 208,209,212 202,203,207 203,204,208 212,213,217 195,196,201 182,183,188 131,127,124 73,64,54 87,78,70 74,70,47 38,45,18 75,75,58 92,85,80 99,90,89 102,93,92 109,100,99 115,107,105 121,114,112 125,121,118 194,194,194 214,215,214 214,216,214 192,192,191 162,162,160 146,148,142 197,197,196 213,213,211 204,205,202 200,200,200 205,203,203 202,200,202 203,201,204 178,176,173 158,153,145 198,195,198 193,189,192 189,186,189 186,185,187 191,187,190 199,195,198 200,198,200 198,196,198 201,199,202 199,196,198 192,189,191 188,186,188 
200,202,201 198,199,199 207,208,209 212,213,215 214,215,217 206,207,209 202,203,206 208,209,213 200,201,205 185,186,191 165,163,165 96,90,86 99,93,85 52,56,30 23,27,15 32,35,18 92,87,79 98,91,87 100,92,88 101,92,89 102,93,90 102,93,88 99,92,85 178,176,175 214,216,214 209,210,210 178,177,178 146,148,144 103,108,95 164,165,162 206,207,205 205,205,203 198,197,195 196,196,196 197,195,197 200,200,202 155,154,143 90,90,65 186,183,184 192,188,192 185,184,186 185,182,186 189,187,190 197,196,197 202,200,201 200,199,200 201,199,202 197,195,197 193,191,192 190,188,190 
206,207,205 201,202,201 201,203,202 207,208,209 209,210,212 209,210,212 206,207,209 205,206,210 204,205,210 191,192,197 170,169,171 102,97,94 102,96,87 37,41,18 19,25,16 28,30,24 82,81,67 99,93,90 97,91,87 102,94,90 107,100,97 109,103,99 110,104,99 176,174,172 215,217,214 196,196,196 183,182,182 137,139,134 92,98,80 142,145,139 181,183,182 181,182,181 193,193,192 189,189,190 192,192,194 156,156,147 100,102,84 40,41,22 164,163,160 188,186,188 183,182,185 186,184,187 193,191,194 200,199,200 207,204,204 207,206,206 202,201,202 200,199,200 196,195,196 193,193,193 
209,210,208 206,207,204 204,205,203 201,203,201 208,209,209 209,210,211 206,207,209 202,203,205 204,205,209 197,198,201 175,174,175 102,98,95 101,98,92 24,27,16 26,30,15 20,21,18 93,91,82 96,90,87 90,84,79 100,93,89 105,99,94 109,104,98 110,104,98 173,171,169 216,218,215 184,184,182 143,143,137 128,130,122 81,86,66 118,123,116 145,148,148 188,189,189 185,186,186 181,182,183 187,188,190 118,121,104 64,71,55 27,32,21 147,149,147 183,182,185 185,183,186 189,187,190 200,198,199 205,204,203 206,205,203 205,205,205 200,200,202 197,196,197 198,196,196 195,194,195 
208,210,205 202,204,201 202,203,200 188,189,185 189,191,186 212,214,213 211,212,212 202,203,205 203,204,208 202,203,205 182,180,180 103,100,96 86,86,76 22,28,18 20,21,16 22,25,19 94,91,81 98,93,90 99,94,91 94,88,83 105,99,95 108,103,98 109,104,98 170,168,165 198,200,195 95,99,72 101,103,86 102,106,90 84,88,70 89,96,81 141,146,142 181,183,183 175,178,179 174,178,179 168,171,169 46,53,26 35,40,27 26,29,24 93,97,87 184,184,186 190,189,191 195,194,195 202,200,200 204,202,202 201,200,200 198,198,199 198,198,200 198,198,198 199,198,196 201,199,199 
159,158,147 198,200,195 201,203,199 139,143,127 107,112,87 154,157,145 215,217,215 211,213,212 198,200,202 200,202,204 184,184,184 104,101,98 68,73,59 20,26,19 18,20,18 23,26,17 85,84,71 99,94,91 98,94,91 95,90,85 104,99,95 68,64,58 108,104,95 166,163,157 193,194,189 81,85,46 105,104,73 93,100,79 93,98,80 62,71,48 131,137,129 190,193,193 170,175,175 170,175,176 140,145,132 38,40,26 31,37,26 30,33,25 72,79,68 189,190,191 194,193,195 195,193,194 198,196,198 203,201,202 198,198,199 199,199,201 203,203,204 204,203,202 207,206,204 207,206,204 
145,141,129 146,144,130 188,189,183 160,163,151 100,107,81 90,98,71 187,190,185 210,212,211 190,194,192 195,198,199 180,180,179 104,104,99 90,92,83 20,23,20 21,26,19 24,27,20 85,82,73 90,86,80 96,91,87 93,88,82 102,98,93 80,75,66 83,85,60 156,155,143 181,184,173 63,69,23 69,76,33 112,119,99 91,100,72 73,85,35 79,90,56 156,162,161 169,176,175 168,174,177 136,142,134 35,41,31 33,38,29 28,29,26 48,54,36 162,163,163 191,191,193 193,193,193 199,198,199 201,201,202 202,201,202 181,176,179 166,160,165 171,166,169 173,168,171 173,168,170 
135,129,110 138,133,116 186,188,180 166,169,157 77,85,62 61,72,40 153,160,150 198,202,200 151,155,144 182,186,185 176,178,177 109,109,104 80,85,73 21,25,22 20,22,22 21,22,22 27,26,21 25,23,17 70,66,59 90,86,80 92,89,83 74,73,59 72,74,56 113,115,98 99,105,78 45,52,16 46,53,15 63,70,38 65,78,36 55,71,18 59,73,24 98,110,88 153,162,158 170,177,178 107,116,100 37,42,33 33,40,30 29,36,28 39,44,33 143,146,146 197,197,199 199,199,199 204,202,203 198,196,197 163,153,158 147,134,141 128,114,124 138,124,134 133,120,130 95,88,98 
151,145,125 137,132,107 143,137,120 125,127,106 46,55,39 57,68,45 119,126,107 115,121,96 111,118,100 156,163,156 181,182,180 109,108,101 43,51,39 23,25,24 23,27,24 24,27,25 30,33,29 32,34,27 80,78,73 84,81,75 88,86,81 48,61,45 55,62,41 93,99,77 54,65,42 27,35,19 26,33,19 42,56,19 45,63,19 37,52,17 44,60,24 61,75,50 156,164,159 183,187,188 83,93,81 36,44,34 23,26,21 20,24,17 43,56,38 154,157,158 201,199,203 205,203,204 208,206,207 160,148,155 163,150,157 160,144,153 139,123,133 143,128,136 150,132,138 156,136,141 
98,98,51 116,115,79 132,128,101 120,117,91 51,55,42 39,44,36 42,52,35 52,67,28 75,86,57 132,142,130 189,191,188 102,105,94 67,74,61 26,30,27 26,29,26 26,30,27 43,48,40 50,52,43 87,86,81 87,85,79 94,92,86 84,84,75 73,77,60 53,66,30 45,56,29 33,45,17 27,32,18 33,40,17 34,47,17 31,41,21 42,55,36 43,54,36 154,161,157 189,191,194 56,68,59 32,42,32 31,38,27 25,32,24 27,34,25 143,146,146 204,201,207 211,209,210 211,209,210 172,158,165 171,156,162 163,146,152 153,135,141 170,152,158 169,149,154 177,157,164 
78,82,41 91,88,54 98,101,71 73,78,56 41,48,37 38,41,36 37,44,36 34,42,32 41,51,35 88,100,82 185,188,185 125,125,121 66,74,61 27,31,27 30,35,27 31,38,30 42,50,43 42,48,44 83,84,79 88,87,80 98,97,90 99,99,90 46,56,31 31,45,15 33,47,18 24,34,19 31,36,17 30,38,20 34,44,24 26,31,22 35,42,30 51,60,51 177,181,180 200,201,205 87,94,85 32,43,30 38,51,35 29,38,29 37,48,37 88,97,76 183,183,185 191,191,191 194,192,194 180,166,173 151,140,135 141,133,116 181,163,170 180,162,166 153,133,133 130,110,101 
72,77,41 81,84,54 110,109,92 123,121,113 46,49,42 36,43,34 39,44,36 24,26,23 40,46,38 75,84,75 102,109,96 134,133,132 65,70,62 26,33,25 23,28,19 26,29,20 55,57,50 43,46,40 73,74,68 86,85,79 97,96,90 94,95,84 47,56,33 35,45,25 28,38,21 23,30,18 20,25,18 26,37,21 28,33,21 35,43,28 34,39,31 62,69,65 160,165,167 205,206,210 63,75,60 35,47,34 44,59,39 30,40,30 30,41,28 57,70,36 169,171,166 136,138,129 213,211,215 144,134,131 96,98,74 114,114,92 132,124,103 102,106,66 106,111,68 111,111,77 
51,53,28 71,73,55 84,87,64 105,103,90 66,68,65 40,46,38 30,36,28 23,24,21 39,41,36 45,53,47 71,78,68 139,137,143 82,89,79 31,41,26 15,18,13 30,39,20 57,58,47 41,41,31 66,68,60 84,83,77 96,95,88 84,87,72 59,64,46 42,48,32 28,39,21 26,35,19 21,23,18 23,26,20 32,36,22 30,36,25 36,41,30 63,67,64 176,181,186 193,196,199 35,49,31 39,53,39 32,40,31 34,44,31 36,44,31 69,79,39 119,126,107 81,92,56 169,169,168 108,107,86 89,96,59 77,87,47 111,108,76 90,100,52 96,102,65 75,80,46 
52,57,32 51,51,28 68,75,41 72,77,46 65,66,66 64,64,62 25,27,22 27,28,23 34,36,32 37,40,35 64,68,61 138,136,145 83,89,81 27,34,21 27,33,23 19,24,15 72,76,63 80,82,75 85,86,81 86,84,79 97,96,89 71,78,61 33,42,24 28,35,20 27,35,20 23,25,19 23,24,19 26,32,22 27,32,23 29,30,26 38,40,36 96,109,105 183,188,191 126,135,122 31,41,24 36,46,32 44,57,38 41,53,35 46,56,38 76,87,41 84,93,55 86,95,57 104,110,88 79,89,48 69,80,39 45,55,30 92,102,54 69,79,39 82,85,58 85,90,58 
64,69,35 64,70,38 48,55,28 61,66,37 87,85,75 69,71,56 46,50,34 33,37,31 39,48,34 33,39,29 61,62,58 123,123,130 88,94,83 42,53,45 43,56,37 37,44,35 96,99,97 93,95,91 91,92,87 83,82,76 99,96,91 90,91,81 39,43,32 31,37,21 27,36,22 25,29,20 25,31,21 33,42,28 30,31,27 32,33,28 68,80,66 96,112,89 87,97,75 71,84,49 50,63,37 47,59,39 30,35,23 33,40,26 43,54,31 67,75,38 72,80,42 69,81,42 79,90,51 77,84,40 55,62,35 46,54,36 57,70,35 64,73,37 79,83,55 67,71,42 
44,47,27 29,31,19 35,39,23 41,44,29 80,81,81 70,71,54 45,54,32 29,31,25 33,39,30 38,46,33 69,72,65 114,116,119 105,109,104 48,62,53 38,50,36 37,47,30 99,105,103 97,100,97 97,98,93 92,91,85 91,91,86 86,86,78 55,59,47 27,29,23 30,40,24 27,30,20 26,31,22 29,33,24 30,33,27 39,44,35 63,77,51 67,78,40 78,88,63 74,85,35 48,62,34 36,48,29 33,37,24 41,48,36 42,50,33 62,68,39 75,85,46 69,78,38 68,76,38 78,87,39 47,53,29 42,52,31 62,72,40 72,79,44 85,89,57 63,68,47 
34,35,20 31,32,19 32,34,24 30,32,22 101,102,103 90,87,88 68,72,57 59,62,39 50,59,36 52,65,38 77,91,63 113,119,112 92,99,87 42,52,42 42,55,39 51,63,40 101,108,105 92,95,92 102,103,98 93,93,86 63,63,59 24,24,20 56,58,49 32,33,26 34,45,24 32,38,23 29,34,24 27,27,25 35,43,31 45,52,35 64,77,36 67,81,40 70,77,39 72,81,40 36,46,26 34,43,27 53,67,40 45,54,40 49,57,37 69,78,36 68,75,45 63,70,40 56,62,38 58,66,37 76,81,49 75,83,48 64,75,39 82,89,44 64,70,38 71,68,54 
24,25,16 43,45,25 33,36,21 31,32,21 78,80,77 106,106,104 54,58,50 37,41,26 49,62,35 59,78,50 67,83,58 80,96,71 73,84,59 54,63,44 45,58,34 48,58,33 99,103,89 97,100,92 103,104,99 98,98,91 70,69,64 29,28,24 71,72,62 47,53,29 32,35,25 33,37,24 38,49,27 31,34,27 44,55,29 68,87,29 83,102,36 82,96,38 68,80,36 58,69,37 52,67,42 33,41,31 52,62,39 34,40,27 49,56,38 68,78,46 66,71,48 58,63,41 56,62,37 59,68,39 46,50,30 60,68,39 54,63,33 62,70,33 55,59,35 67,73,47 
30,33,20 30,34,20 43,49,27 45,48,31 69,71,70 53,54,43 58,68,42 39,46,29 57,71,44 52,69,47 58,76,49 63,78,49 66,79,48 54,65,42 50,64,42 41,50,30 47,53,29 36,37,33 74,76,69 101,102,94 75,76,69 41,39,29 74,74,66 57,66,39 38,44,31 35,43,28 30,32,26 34,36,29 48,59,29 66,86,26 62,79,26 63,77,31 51,60,26 59,68,31 51,67,38 38,43,30 50,61,44 36,43,31 37,41,28 68,78,40 57,65,35 45,51,29 46,51,29 45,47,30 49,53,32 51,56,32 60,69,40 64,72,41 62,60,45 52,56,33 
22,22,15 30,33,18 34,38,21 33,36,21 78,84,71 45,52,30 75,80,70 41,50,34 51,68,47 42,59,40 47,64,46 71,85,44 58,70,39 61,77,49 59,72,51 53,64,44 42,53,32 45,54,36 61,71,54 94,97,87 82,85,75 49,48,35 76,76,70 62,70,47 42,52,33 38,42,29 36,37,30 38,40,30 49,57,29 51,64,29 47,55,30 54,62,33 56,64,28 57,67,23 45,56,31 49,58,40 43,52,36 35,43,30 51,61,39 59,67,35 51,59,28 37,40,25 51,57,35 32,35,25 37,44,27 30,33,23 53,57,32 68,79,43 57,62,41 56,64,40 
25,28,16 32,35,17 39,42,21 48,53,30 77,80,72 52,63,32 65,70,52 38,46,30 46,60,44 43,57,40 40,52,37 63,76,40 51,60,35 54,69,43 49,64,38 55,67,38 52,60,39 57,62,51 51,58,46 51,58,46 62,68,54 60,59,44 79,79,74 60,68,46 40,48,29 45,52,31 44,47,30 43,48,34 54,59,31 48,58,27 42,46,24 37,43,23 54,59,28 50,58,26 50,63,41 45,54,36 46,56,37 38,47,31 44,54,32 64,72,42 61,67,28 43,43,33 43,49,33 36,41,30 24,29,21 34,39,26 41,46,27 56,61,32 74,69,51 55,56,40 
34,34,19 40,45,22 50,54,32 53,55,35 74,77,70 46,58,29 38,46,25 41,50,29 45,57,36 34,47,34 34,40,28 48,65,39 62,70,45 40,49,33 37,43,25 41,50,28 79,88,61 89,91,89 65,70,63 48,50,45 70,73,64 64,64,52 82,81,78 54,65,38 43,50,26 58,64,38 58,60,34 50,58,37 58,59,36 59,60,43 74,72,58 55,60,39 60,67,33 47,58,32 51,67,43 53,64,36 46,57,33 43,52,34 33,38,24 54,60,35 83,84,42 70,61,56 76,68,63 38,39,31 24,28,21 31,35,25 40,48,28 51,57,36 71,74,49 64,70,42 
44,49,25 33,39,16 45,46,28 52,51,34 70,72,66 39,49,26 33,35,25 32,38,27 36,47,24 36,50,31 50,63,40 56,64,36 68,77,42 36,41,27 44,51,28 49,56,25 72,79,56 81,82,81 65,67,64 42,46,38 57,58,50 59,59,52 84,85,79 59,69,40 31,37,20 56,63,34 66,71,40 52,62,37 55,60,34 69,77,40 120,115,106 110,102,94 79,77,57 65,69,50 50,63,39 54,61,30 54,63,35 43,51,31 41,43,28 54,59,32 88,86,57 116,107,97 127,111,112 49,47,43 29,36,23 39,48,34 47,56,35 47,53,35 98,93,78 74,63,52 
60,64,38 57,55,36 53,56,34 52,53,31 75,76,71 27,31,20 27,27,21 32,35,26 38,48,26 33,42,26 34,40,29 55,59,32 67,71,34 40,43,30 71,77,41 53,62,27 68,73,54 70,69,69 70,71,68 59,62,57 88,82,86 58,54,52 77,77,76 49,58,38 29,38,19 35,43,23 46,51,29 57,68,38 54,58,32 64,74,37 62,74,39 59,71,38 71,76,49 69,74,46 43,56,34 36,38,23 62,67,37 39,46,29 41,49,30 64,74,41 90,99,54 86,94,52 58,61,36 41,45,31 26,31,22 30,37,24 62,69,51 56,60,38 95,91,74 95,77,77 
39,46,25 44,47,30 53,57,35 47,50,28 74,76,67 49,55,30 47,50,33 53,62,52 49,60,39 45,59,34 40,46,32 65,70,37 68,73,33 43,50,32 70,79,38 52,59,27 66,71,43 69,63,60 79,74,68 84,81,83 80,73,76 61,52,49 78,73,72 53,63,38 46,58,34 38,48,28 50,59,36 54,64,34 56,63,31 61,70,37 75,86,48 76,89,47 74,85,43 63,75,40 44,50,34 38,42,31 43,50,35 50,59,40 43,51,30 76,76,56 89,89,61 80,84,51 77,85,52 43,52,33 33,39,26 29,34,23 48,56,29 65,75,33 72,80,45 73,70,50 
32,38,24 40,43,28 40,41,28 38,36,25 66,67,61 47,50,30 48,49,28 55,67,36 44,55,32 46,57,30 43,51,32 71,76,42 69,76,31 55,64,41 58,72,41 56,62,34 53,58,38 43,38,34 60,59,48 80,75,74 55,56,49 37,41,27 68,63,56 59,72,46 47,57,31 50,58,37 57,69,47 53,62,32 61,68,37 62,70,40 77,85,53 73,84,45 65,78,40 55,71,38 51,61,40 49,59,39 42,49,33 59,71,48 40,47,28 105,96,84 147,126,123 118,103,93 110,95,84 39,42,30 33,40,28 37,43,28 53,61,35 61,72,35 58,69,37 58,63,37 
44,52,23 45,50,26 41,43,23 39,41,25 68,72,62 49,60,30 46,56,30 47,60,31 47,57,31 42,49,28 38,42,27 73,82,42 59,67,27 59,73,43 60,74,42 71,84,46 56,67,39 43,46,31 43,51,32 44,53,36 44,51,35 47,57,36 56,57,39 57,70,41 52,63,29 58,69,45 50,61,34 45,53,30 66,74,44 76,83,50 77,87,52 75,89,51 71,85,46 58,72,37 46,57,35 44,55,33 41,48,32 58,70,43 52,60,37 72,72,48 102,93,85 93,96,69 101,97,81 63,63,53 31,38,25 38,45,29 70,69,52 86,82,60 64,72,42 55,67,37 
47,55,25 47,58,27 48,58,29 48,61,31 70,79,66 42,54,31 38,48,29 43,52,31 44,53,33 38,44,29 43,47,30 66,74,39 58,66,30 54,68,37 68,80,46 74,88,50 60,76,41 61,78,45 58,72,44 60,74,44 60,73,45 61,74,47 65,76,48 54,69,32 59,69,33 61,77,46 61,71,41 62,73,42 70,77,44 67,75,43 64,77,41 69,84,46 74,87,47 67,80,42 52,64,32 54,66,39 42,52,32 50,60,27 49,60,32 52,60,28 49,62,32 49,66,30 58,71,40 97,85,77 63,57,52 106,92,86 105,95,85 140,120,116 123,105,98 102,87,75 
47,59,30 48,62,31 47,61,31 47,63,30 79,86,79 76,82,75 49,65,35 49,69,35 50,67,37 55,70,40 59,71,43 64,78,44 67,79,30 69,82,51 82,95,54 65,79,38 71,88,51 70,87,52 71,84,50 67,83,43 68,82,48 75,86,56 70,83,50 64,80,40 65,78,39 61,75,35 61,72,37 62,74,28 75,82,39 77,85,52 80,85,53 77,82,51 76,84,46 75,85,44 65,79,33 62,75,40 56,69,45 38,47,26 52,62,29 59,68,37 48,57,29 48,63,27 53,64,31 57,59,41 72,64,57 103,91,85 116,100,96 127,110,108 137,119,116 141,122,119 
57,72,42 55,70,39 52,69,33 49,66,32 82,88,83 82,87,80 56,70,41 59,72,43 64,75,46 66,78,47 71,81,51 76,85,48 70,85,41 62,71,35 95,103,55 76,90,49 73,92,53 82,96,56 80,89,53 74,85,50 72,83,49 76,85,52 70,84,50 63,78,41 65,78,36 58,70,32 67,79,43 67,74,35 75,80,35 74,84,48 75,84,48 78,90,51 82,94,50 83,95,53 79,87,42 70,80,46 59,63,39 51,60,35 65,72,35 54,66,37 50,61,28 49,63,28 58,72,38 48,54,30 57,59,41 59,65,42 83,81,66 105,93,89 114,99,99 121,105,104 
57,70,40 54,68,35 52,69,35 57,72,39 79,86,74 74,82,57 72,84,51 71,87,51 74,86,52 74,88,51 79,91,55 84,93,56 83,95,55 84,81,45 87,97,57 83,95,53 84,93,44 85,94,52 81,92,55 76,87,52 74,86,52 65,73,45 69,78,48 64,73,43 68,76,34 58,61,31 68,75,29 67,79,40 74,84,45 73,83,49 75,81,48 70,79,44 75,89,48 78,93,52 72,84,51 70,79,42 70,64,37 58,69,38 62,71,41 59,71,40 52,62,33 44,56,25 55,69,38 57,69,39 59,70,41 61,72,43 63,76,44 70,80,51 91,88,77 107,95,95 
59,74,41 59,73,41 64,77,46 72,83,51 82,91,75 79,89,60 78,89,55 76,88,52 79,91,55 79,92,53 79,92,53 84,97,60 85,98,58 81,78,40 77,83,45 79,88,47 79,93,47 83,93,51 79,88,52 79,84,50 80,94,59 75,89,57 74,84,52 75,84,52 71,79,45 50,60,28 58,70,31 60,75,36 70,87,48 78,87,52 77,82,50 78,83,51 76,90,52 67,86,47 67,83,47 61,77,41 68,71,44 65,77,40 72,83,45 70,77,45 55,60,36 44,50,31 54,67,39 64,74,45 64,65,48 56,51,46 55,56,45 60,73,43 68,79,51 87,88,72 
68,81,47 72,85,53 77,90,57 79,95,61 83,94,74 87,92,70 78,86,52 78,88,50 83,92,56 82,93,56 87,100,63 82,97,53 74,83,44 77,84,44 71,81,44 80,87,50 78,90,47 82,90,54 79,87,53 80,88,54 74,84,53 74,87,55 74,89,54 75,89,54 65,79,43 58,68,36 56,72,34 60,76,38 66,83,45 74,90,53 76,85,54 78,84,53 72,86,52 69,86,50 65,84,48 64,83,45 66,82,46 63,78,44 63,80,41 77,95,54 83,95,56 75,79,50 72,82,49 68,72,44 70,77,46 81,80,58 69,64,58 63,65,51 60,68,47 68,79,55 
75,89,54 82,97,62 80,97,57 68,85,49 71,78,55 72,79,51 79,89,55 84,91,57 89,97,64 93,99,66 83,100,60 64,78,42 70,82,48 83,93,65 76,91,53 82,94,57 85,99,62 90,104,67 84,96,61 83,90,58 81,89,58 82,95,60 77,92,59 76,94,57 65,81,43 61,76,39 62,78,40 61,79,39 64,80,42 72,91,52 76,88,56 76,87,53 73,88,54 69,87,50 67,83,48 63,84,46 68,89,48 66,83,46 63,82,47 64,81,43 71,92,46 81,100,58 72,88,52 71,87,52 73,85,51 74,75,51 73,71,52 73,74,57 71,75,58 71,78,57 
84,100,62 78,95,53 71,87,51 71,86,57 73,80,56 84,95,61 88,103,68 84,100,64 86,98,59 86,100,58 80,92,51 81,90,52 84,95,59 75,91,52 77,91,54 82,92,58 84,97,61 81,93,56 80,94,58 81,91,56 83,91,58 80,94,61 79,95,60 73,92,54 62,78,40 67,82,46 67,83,47 73,88,48 65,82,46 68,86,48 71,84,48 77,90,54 80,89,56 70,83,53 69,84,52 63,79,45 63,80,46 69,84,50 64,81,47 63,80,48 66,86,44 71,94,50 78,96,58 69,84,50 70,82,50 73,86,51 77,80,51 74,75,48 60,68,43 62,67,46 
74,92,53 68,83,51 66,80,52 77,75,51 86,91,59 81,95,60 71,85,55 84,94,62 83,90,57 79,89,53 85,92,57 86,85,55 85,86,58 81,88,56 76,81,55 82,88,62 85,93,62 82,89,57 78,91,58 84,87,58 83,88,57 86,98,67 81,94,62 72,88,55 66,81,47 71,87,53 75,92,57 68,82,50 65,82,48 70,87,52 75,86,55 73,87,52 78,91,57 79,85,60 68,80,52 63,76,47 65,80,49 71,86,55 67,80,54 68,75,52 67,82,49 67,86,48 76,95,57 78,89,57 77,83,60 77,81,60 76,83,56 70,75,50 58,58,56 78,76,62 
67,79,52 77,84,64 87,82,70 100,93,78 89,91,71 90,97,77 99,102,85 111,109,98 98,100,81 96,101,79 93,96,75 100,103,80 96,99,75 91,95,71 95,96,80 94,93,81 100,105,86 96,101,80 93,94,77 108,100,97 109,103,101 94,102,80 96,108,78 87,99,70 87,98,74 87,99,71 89,103,72 74,86,58 77,86,62 72,82,60 75,78,63 80,85,68 82,94,70 91,94,75 82,86,69 78,86,68 84,89,70 80,94,61 80,91,66 76,87,62 70,85,57 77,91,60 72,89,52 84,98,66 91,99,73 95,104,73 96,102,73 85,91,65 79,55,54 79,87,64 
80,88,62 232,223,198 229,222,202 221,213,189 221,214,198 229,223,208 240,237,227 206,205,193 92,106,70 87,103,68 93,106,74 95,107,71 98,110,73 101,116,75 109,117,82 108,117,82 99,115,79 106,117,84 114,122,96 120,124,105 121,122,108 99,112,79 89,105,64 93,108,66 95,111,72 94,110,70 93,108,69 101,115,79 101,113,78 100,112,79 103,109,88 96,105,77 92,106,71 94,106,68 91,102,66 88,98,65 88,95,65 78,89,54 82,93,59 76,90,56 75,92,56 87,96,65 73,85,55 78,93,57 79,93,59 82,92,51 86,96,56 86,97,56 51,55,41 81,95,52 
87,87,60 222,222,198 233,226,211 233,226,209 220,195,145 236,230,215 240,237,228 205,204,193 84,95,61 87,96,63 91,98,63 102,100,68 98,97,67 95,102,66 98,100,71 99,101,75 90,96,66 98,104,71 97,112,73 100,113,74 93,93,65 88,102,67 93,104,68 98,111,69 90,98,64 88,99,62 87,97,61 89,100,61 87,98,60 89,98,60 92,100,64 92,101,66 91,102,64 87,98,60 87,95,60 85,93,59 89,92,58 88,92,57 87,91,59 88,91,59 82,90,56 83,90,58 79,85,58 77,86,57 79,88,58 86,91,60 83,91,54 85,92,56 54,55,49 83,90,54 
91,85,60 233,226,206 233,224,205 228,218,197 193,178,147 238,233,220 240,237,228 206,204,193 97,95,69 95,102,68 101,107,73 108,107,78 105,111,79 108,110,82 109,110,81 109,112,89 121,123,103 115,118,90 95,106,73 101,102,81 111,106,88 91,98,70 102,105,74 92,98,67 100,112,73 91,98,67 97,100,74 90,95,64 91,93,65 98,100,72 96,96,67 94,100,64 90,96,63 88,101,61 87,92,58 85,95,61 86,90,55 89,91,58 89,94,59 93,96,61 91,94,59 89,93,60 88,90,62 83,87,59 83,84,58 86,88,59 87,93,60 83,88,55 43,43,38 78,83,50 
84,77,60 219,215,203 206,201,189 198,196,183 212,205,187 239,236,226 240,237,228 206,205,194 101,105,75 99,105,72 103,108,78 106,106,81 107,93,75 108,105,80 113,118,88 132,127,115 131,125,116 113,115,90 111,115,90 124,121,109 112,110,93 111,113,89 109,109,86 102,101,81 100,112,75 104,106,74 101,102,79 96,99,78 110,110,92 99,101,74 103,100,75 102,105,70 94,100,66 87,97,62 87,92,59 85,92,59 87,91,56 89,93,60 87,90,58 94,95,63 91,94,59 95,94,63 91,92,65 87,88,63 79,77,58 82,81,58 85,88,60 88,90,61 51,52,45 82,85,55 
118,108,107 229,223,208 216,209,191 218,214,202 227,221,205 239,237,227 240,237,228 206,203,193 102,105,74 99,100,73 109,108,81 124,117,102 115,106,91 110,116,84 107,113,82 114,106,92 139,133,124 138,132,123 131,126,113 146,139,133 133,132,115 114,110,87 109,101,85 100,102,80 98,102,76 104,111,83 105,102,82 97,99,79 92,98,70 101,101,74 108,101,81 105,106,76 103,101,71 91,98,62 94,99,64 88,89,60 87,94,61 90,95,61 89,93,61 95,97,65 96,97,64 116,115,90 113,113,88 36,36,35 39,39,39 53,57,60 113,114,103 75,78,60 42,42,42 85,87,61 
113,104,100 114,111,103 113,111,107 108,107,103 112,109,102 113,112,109 113,112,109 108,106,101 109,109,81 112,112,84 105,106,78 134,131,114 110,115,85 103,112,79 104,112,81 127,123,103 146,139,128 150,141,137 125,119,105 139,135,123 135,132,118 110,103,83 117,112,96 108,104,87 121,117,103 119,118,104 103,105,81 99,101,80 109,105,84 112,108,90 116,112,93 109,102,83 102,102,70 99,103,66 97,100,67 96,98,63 95,100,64 87,96,58 86,95,57 89,96,62 92,92,59 101,105,74 97,95,71 56,53,50 58,54,50 65,61,59 91,85,72 68,67,52 53,53,46 89,91,65 
104,103,92 64,64,64 66,66,66 39,39,39 30,30,30 30,30,30 30,30,30 40,38,34 110,103,73 101,105,74 107,108,79 112,110,83 101,108,75 105,117,79 103,106,77 128,124,101 127,127,103 145,142,130 123,128,98 130,126,105 118,111,87 123,113,96 108,110,84 107,104,82 113,113,86 107,107,82 104,109,80 104,101,83 112,103,95 119,110,99 115,104,90 126,118,110 101,102,71 97,100,65 94,104,63 100,101,66 96,102,64 82,87,59 71,76,59 67,70,56 72,74,59 60,62,47 74,74,61 73,71,63 70,67,58 66,62,56 70,64,60 76,73,66 71,69,60 57,58,46 
