164,163,165 164,162,165 164,162,164 162,161,163 161,159,161 161,159,162 162,162,163 164,164,164 166,166,167 188,188,190 186,186,187 181,181,181 178,178,178 176,176,176 174,174,174 172,172,172 173,174,174 173,174,176 178,179,181 178,179,183 178,179,183 182,185,190 183,186,191 179,182,187 174,178,182 170,178,178 166,174,175 165,171,175 166,172,178 162,170,178 161,169,177 163,170,179 164,170,179 165,170,180 172,176,182 175,176,181 175,176,181 173,174,180 177,178,183 178,179,184 179,180,185 180,181,186 181,182,187 187,187,194 191,192,200 192,195,202 190,193,201 193,196,203 195,198,205 194,197,205 
65,64,65 66,66,67 64,64,65 66,65,66 68,68,68 65,64,65 66,66,66 67,66,67 68,68,68 189,189,190 188,188,189 183,183,183 178,178,178 176,176,176 174,174,174 171,171,171 173,174,174 173,174,176 175,176,178 177,178,182 177,179,183 180,183,188 179,182,187 178,181,186 176,180,184 171,177,179 167,172,176 165,170,176 169,173,181 164,171,179 162,169,177 167,172,181 169,173,182 169,173,180 173,175,180 174,175,180 174,175,180 177,178,183 180,181,186 180,181,186 181,182,187 181,182,187 184,184,190 188,189,197 193,193,202 192,193,200 191,191,199 198,198,206 198,199,207 199,201,207 
71,71,71 96,96,96 110,110,110 112,112,113 108,107,108 115,115,115 105,105,106 115,115,116 100,100,100 191,190,191 190,190,190 185,185,185 180,180,180 177,177,177 173,173,173 170,170,170 172,173,172 172,173,175 172,173,175 174,175,179 174,176,180 176,179,184 176,179,184 177,180,185 176,179,184 171,176,180 166,171,177 167,171,180 170,174,183 168,173,181 167,172,178 169,174,181 169,173,180 168,171,177 172,173,178 175,176,181 177,178,183 181,182,187 183,184,189 181,182,187 184,184,190 184,185,191 186,188,195 189,191,199 188,189,195 186,186,192 186,187,193 196,197,203 198,200,207 202,202,208 
66,65,66 64,64,64 65,65,65 65,65,65 65,65,66 66,66,66 66,66,67 66,66,67 70,69,70 192,190,192 191,190,191 187,187,187 182,182,182 178,178,178 173,173,173 168,168,168 169,170,170 170,171,173 170,171,173 171,172,175 171,172,177 172,175,180 175,178,183 174,177,182 173,177,182 169,174,180 169,173,180 170,174,181 177,182,187 172,177,182 172,176,181 170,173,178 169,172,178 170,171,176 173,174,179 177,178,183 180,180,187 183,184,191 183,184,191 184,184,191 185,185,193 186,188,195 188,191,198 187,188,195 185,185,190 185,186,191 189,189,195 195,196,202 202,203,208 202,203,208 
65,64,65 80,80,80 86,86,86 85,84,85 84,83,84 64,63,64 64,64,64 64,64,65 69,68,69 193,191,193 192,190,192 191,190,188 185,184,184 180,180,180 173,173,173 167,167,167 166,168,167 168,169,171 169,170,172 168,169,173 169,170,175 170,173,178 174,177,182 171,174,179 174,177,182 173,177,184 172,177,183 175,180,183 160,165,164 177,181,183 176,179,183 170,172,176 172,173,178 172,173,178 176,177,183 180,181,188 182,182,191 184,184,192 185,185,192 185,186,191 186,186,193 188,190,197 186,187,194 182,183,188 183,182,188 184,185,190 191,192,196 195,196,201 199,200,205 199,201,205 
172,170,173 168,167,169 169,167,170 168,167,170 166,165,167 167,165,167 168,167,169 170,168,171 172,171,173 193,191,194 192,190,192 190,189,187 186,184,185 180,179,179 172,172,172 166,166,166 164,165,165 167,168,170 169,170,172 168,169,173 170,172,176 170,173,178 173,176,181 169,172,177 173,176,181 175,178,184 176,180,183 125,130,126 57,63,54 160,163,161 178,179,182 173,174,178 173,174,178 174,175,180 176,179,186 180,182,190 184,185,194 185,185,193 187,185,192 188,187,193 187,187,193 183,184,189 181,180,186 180,180,185 181,181,186 182,183,188 191,191,196 195,196,201 198,199,204 189,191,196 
197,195,198 196,194,197 196,194,197 195,193,196 192,190,193 190,188,191 189,187,191 192,190,194 193,191,194 192,190,193 191,189,191 189,188,187 184,184,184 179,178,178 172,173,174 166,168,168 163,165,165 165,166,169 169,170,172 172,173,176 175,176,180 173,176,181 172,175,180 171,174,179 173,176,181 175,179,182 165,170,167 55,61,52 46,53,38 74,78,67 153,157,158 176,178,182 177,178,182 176,179,186 177,181,190 180,184,195 186,186,195 187,186,194 188,186,193 187,185,191 182,180,187 178,176,183 177,174,181 177,175,182 177,176,182 179,179,184 183,184,189 187,188,193 180,182,187 175,176,181 
199,196,200 198,195,199 198,196,199 198,196,199 198,196,199 195,193,196 192,190,193 192,190,194 192,190,193 193,191,194 192,190,192 190,188,189 185,184,184 179,178,178 172,174,173 168,169,170 165,166,167 165,166,168 170,172,174 174,176,180 179,181,184 176,179,184 172,176,180 174,176,183 173,176,180 163,167,166 108,113,102 46,53,39 47,54,37 45,51,33 118,126,119 170,173,175 171,172,176 170,174,181 178,185,195 182,185,195 186,186,194 188,187,194 185,185,190 181,179,185 178,175,182 175,172,179 175,172,179 175,174,180 176,175,181 176,176,182 176,177,182 175,176,181 170,172,177 168,171,176 
201,196,199 198,194,200 197,196,199 198,196,199 199,197,200 198,196,199 196,194,197 194,192,195 192,190,193 192,190,193 192,190,192 190,188,189 185,183,184 179,178,178 172,173,173 167,168,170 166,167,167 166,167,169 171,173,175 176,179,183 181,184,189 177,180,185 174,177,182 173,176,181 175,178,183 111,116,111 51,57,37 49,55,43 44,49,39 38,44,29 59,67,54 66,74,58 52,59,43 82,87,81 195,197,203 169,170,176 190,191,199 188,188,196 186,185,191 178,175,182 174,172,178 172,172,177 176,175,181 174,174,179 173,173,179 173,174,179 172,171,177 169,169,174 170,171,176 170,171,176 
201,196,199 201,196,200 199,196,199 198,196,199 198,196,199 198,196,199 198,197,199 195,193,196 190,188,191 189,187,189 190,189,189 188,187,187 186,184,186 180,179,178 174,174,174 167,167,169 165,166,166 166,167,170 169,171,174 176,179,183 179,182,186 176,179,184 175,178,183 174,177,182 179,182,186 111,117,110 45,51,36 69,73,70 62,66,60 54,57,51 47,53,43 36,44,29 33,40,25 56,61,50 154,154,157 74,79,67 150,151,156 194,193,200 175,174,179 174,174,180 172,172,178 176,176,182 175,175,181 173,172,178 171,170,176 169,168,174 167,167,173 168,169,174 171,172,177 170,171,176 
201,195,197 202,196,198 198,196,197 196,194,197 197,195,198 197,196,198 197,197,199 197,195,198 192,191,194 190,188,190 189,188,187 188,186,186 186,184,185 182,181,179 176,176,175 170,170,170 165,167,166 169,170,171 172,173,176 174,177,179 174,178,180 139,140,146 163,166,171 178,181,186 165,169,170 56,63,44 48,54,37 57,60,52 54,58,48 68,73,67 39,45,34 37,45,28 42,53,31 48,57,35 86,90,83 58,64,41 67,71,57 122,122,120 125,124,125 174,175,180 176,176,182 176,176,181 171,169,175 169,168,174 169,168,174 169,170,175 170,172,177 172,174,179 171,172,177 170,171,176 
200,194,194 200,195,195 197,194,195 195,193,196 196,194,197 197,196,198 197,196,199 196,196,198 195,195,197 194,192,195 191,189,190 188,186,188 185,183,184 183,182,180 179,178,177 175,176,175 175,176,175 174,175,176 173,174,176 169,172,173 171,174,175 129,131,132 167,169,173 182,185,190 124,129,123 42,49,27 43,49,28 48,54,38 43,49,37 44,48,39 34,43,23 37,46,29 44,52,36 45,54,29 48,55,35 45,51,29 50,56,37 47,49,37 108,108,109 181,182,187 180,180,185 175,176,181 169,169,175 171,171,177 176,176,181 177,178,183 175,176,181 173,174,178 170,171,176 169,170,174 
198,192,192 199,194,194 197,194,193 196,194,196 196,194,197 196,194,197 196,195,198 196,196,198 196,196,198 195,194,197 192,191,191 192,189,189 188,186,186 184,182,182 180,179,179 178,178,177 174,175,175 172,173,174 168,169,171 167,169,171 171,175,176 168,172,173 181,185,188 187,191,194 61,68,48 40,48,24 35,40,24 34,40,24 45,49,44 52,60,40 41,51,24 37,45,28 45,56,28 41,49,26 46,52,30 55,60,33 51,55,44 45,50,38 148,148,153 194,195,200 191,191,196 184,184,189 178,179,184 181,182,187 184,185,189 178,180,183 174,175,179 171,171,176 167,170,174 164,168,171 
197,193,192 197,193,193 196,192,192 194,192,192 195,193,194 195,193,194 195,194,196 193,193,195 193,192,194 192,190,193 195,194,193 196,193,192 193,191,189 187,186,185 182,181,182 180,179,180 174,175,175 169,171,171 168,169,170 169,171,172 174,178,179 169,173,174 182,186,188 157,161,159 50,57,35 39,46,25 30,35,21 39,46,28 40,48,30 42,51,26 42,52,26 39,50,26 41,52,26 39,47,26 41,49,26 47,55,34 52,57,43 88,91,88 123,122,126 198,198,202 194,194,198 187,187,192 190,190,195 186,187,192 184,185,189 176,178,181 171,172,177 167,169,174 163,167,171 160,165,168 
195,193,191 194,191,188 195,191,189 195,191,190 194,192,191 194,192,190 194,192,192 194,192,193 193,192,194 196,194,195 199,196,194 196,195,193 195,194,192 191,190,189 183,183,183 182,182,182 178,179,179 174,176,175 171,173,172 176,178,177 183,185,184 171,175,176 184,187,188 97,102,91 40,46,27 36,42,26 38,44,28 38,44,28 42,49,29 35,43,24 30,39,22 39,51,25 38,48,25 40,50,27 44,53,30 58,63,50 73,76,69 103,105,102 191,190,193 191,192,196 189,190,193 184,185,189 187,187,191 187,187,192 181,182,186 174,176,180 169,173,177 166,169,174 163,169,173 165,171,175 
191,190,188 192,189,188 191,188,187 191,189,188 190,190,188 191,190,189 192,191,190 194,193,193 199,195,195 200,196,196 202,198,196 199,196,193 196,195,192 189,189,185 182,182,181 180,180,178 180,180,179 177,178,177 178,180,178 179,181,177 180,182,177 171,174,170 163,168,166 60,66,50 39,45,29 57,61,53 38,41,33 43,50,28 42,52,27 36,41,29 32,40,26 35,44,26 39,49,29 55,65,42 48,57,38 50,57,40 56,63,44 88,88,88 171,173,176 179,182,186 182,183,187 181,182,185 182,183,187 183,185,188 186,187,191 184,186,189 150,158,150 160,167,164 180,183,187 182,183,187 
187,186,184 188,186,184 188,186,185 187,186,184 188,187,185 189,189,187 192,191,189 195,193,192 200,196,193 196,194,192 198,196,193 196,193,189 190,189,185 183,182,180 178,178,176 176,177,175 177,178,176 180,181,180 182,184,181 112,118,95 74,82,54 87,96,64 158,161,156 58,64,50 54,58,45 39,44,33 35,43,24 38,48,22 30,37,25 34,41,30 32,38,29 38,45,34 36,45,27 34,41,27 32,38,28 46,51,43 91,96,95 140,143,143 175,178,182 170,173,178 173,175,179 174,176,180 178,179,183 183,185,189 196,195,199 117,128,107 58,73,39 85,98,76 188,189,191 186,187,189 
186,187,185 187,187,185 186,186,185 184,185,184 185,186,184 186,186,185 188,187,185 190,189,187 190,190,188 189,189,186 187,187,184 185,185,182 181,181,177 175,175,174 172,172,172 170,172,169 174,176,174 179,180,178 113,120,105 56,65,39 52,64,32 45,56,24 76,85,51 67,72,51 73,77,66 63,68,50 44,52,28 44,53,27 46,56,34 31,38,25 36,42,33 59,69,56 32,39,25 36,40,33 27,29,24 56,63,53 76,83,78 73,78,72 142,145,147 171,174,179 173,176,179 173,175,180 179,180,185 195,194,198 193,194,194 52,65,36 43,56,30 76,87,65 182,185,187 182,185,189 
188,188,189 188,188,188 187,188,188 185,186,187 184,186,187 184,185,184 183,183,183 183,184,182 182,183,181 181,183,182 179,180,180 176,179,178 174,177,176 173,174,176 173,174,174 170,174,174 170,174,174 177,180,178 117,121,110 47,59,28 39,52,23 71,79,27 72,81,24 60,72,32 84,95,48 65,70,29 42,51,23 39,49,22 37,47,23 29,35,22 40,49,27 43,53,39 36,42,33 37,45,33 23,26,19 39,44,35 40,45,35 60,66,58 170,173,177 174,177,182 177,181,184 183,185,189 191,192,196 178,181,174 105,118,83 57,71,37 42,54,32 69,85,55 126,138,120 179,182,187 
190,190,193 191,191,194 189,190,193 188,190,193 187,191,192 187,191,192 185,188,189 184,187,188 181,186,186 180,184,184 179,183,184 180,184,186 178,183,183 183,185,185 180,182,181 175,178,178 177,181,181 148,154,146 102,109,92 48,58,32 43,51,20 72,82,20 73,83,20 63,75,24 63,79,20 70,83,24 49,60,24 34,42,21 38,49,24 35,45,24 36,45,25 25,32,19 43,54,38 37,47,29 24,27,21 48,52,50 43,48,40 85,92,91 161,164,168 182,185,189 187,190,194 188,190,195 191,192,197 179,183,182 72,84,53 46,60,33 51,66,34 51,65,34 124,134,123 178,184,191 
182,184,188 191,193,197 169,174,177 122,132,130 143,153,153 160,168,169 189,193,196 190,194,195 187,191,193 185,189,191 187,191,193 189,193,196 187,191,193 188,191,192 184,186,186 165,171,168 110,121,104 53,67,35 45,55,29 46,55,26 62,73,23 76,88,20 55,68,18 53,70,23 47,61,16 59,74,16 62,77,22 40,51,20 41,52,22 35,45,24 33,42,22 35,45,26 44,57,34 40,51,32 29,36,28 37,44,32 63,67,63 147,150,156 186,189,195 184,186,194 170,175,170 168,173,168 191,194,200 159,166,160 68,79,48 58,75,36 49,64,35 54,69,36 97,114,76 180,187,193 
96,107,105 127,137,133 88,98,90 56,68,60 46,59,56 44,59,56 150,159,164 194,197,201 190,194,198 191,195,199 195,198,202 165,170,175 169,174,179 185,191,195 185,190,193 169,179,175 67,82,61 39,52,30 35,46,24 55,66,24 62,78,20 56,71,18 51,65,18 35,49,17 53,67,18 64,82,21 65,82,24 75,93,22 80,98,28 73,88,28 48,60,27 44,57,34 40,51,34 48,61,37 50,59,39 43,48,40 98,104,108 156,163,169 169,177,180 168,175,179 83,96,60 62,77,41 144,153,143 88,101,62 64,76,41 50,64,37 50,65,32 60,79,40 51,70,34 93,108,74 
59,73,45 64,79,51 60,74,52 66,79,55 67,81,54 66,82,58 81,99,75 171,178,180 167,175,179 152,161,163 172,182,183 106,112,121 75,79,85 95,104,110 95,100,104 94,100,94 47,61,31 45,57,33 32,44,24 60,70,25 53,70,19 48,65,19 47,62,18 44,56,19 58,71,21 49,66,20 47,57,20 54,69,19 54,75,20 76,93,22 57,72,27 44,57,34 28,35,22 61,63,55 61,62,40 65,70,54 102,111,108 174,182,190 157,170,162 150,157,155 82,94,76 51,64,37 89,96,52 68,81,43 55,67,37 51,65,36 53,70,36 43,60,30 45,61,30 61,77,39 
43,58,40 44,56,44 37,52,44 59,78,51 64,86,45 63,87,37 63,87,36 84,105,67 83,101,71 73,93,57 66,90,40 79,91,72 50,55,63 68,80,74 76,79,75 74,75,71 53,67,34 33,42,27 29,36,22 68,86,25 62,81,21 54,69,21 44,60,21 47,60,22 50,64,20 44,58,20 41,53,18 65,82,28 47,68,21 60,80,20 70,90,37 62,80,40 34,41,28 86,87,81 96,94,58 86,88,50 65,80,46 141,151,148 147,167,143 131,143,128 112,126,114 52,67,32 108,102,51 56,68,38 44,56,33 43,57,31 40,54,30 39,52,29 42,54,28 52,65,34 
42,57,40 50,68,47 56,77,34 62,83,38 58,75,35 53,77,27 57,83,28 54,79,27 67,90,36 55,80,27 63,90,30 57,75,43 33,40,44 62,88,40 60,84,45 73,83,58 55,67,41 38,46,27 51,66,25 49,67,20 34,47,16 62,80,22 38,53,20 35,45,15 52,67,20 41,60,17 40,58,18 46,66,20 45,66,19 40,60,20 54,71,28 71,96,36 49,63,24 106,109,100 137,134,89 120,122,53 53,71,35 75,87,56 120,140,105 65,79,37 121,135,136 51,59,27 124,105,53 54,67,36 45,57,30 46,59,31 55,70,37 55,70,37 46,58,34 53,68,35 
44,63,39 58,79,38 52,70,29 58,76,32 52,77,23 47,70,24 40,61,22 41,56,20 40,61,24 61,88,26 49,73,27 47,67,33 54,67,48 52,74,37 49,71,36 58,79,30 61,79,37 68,87,32 59,82,28 48,68,20 55,74,25 56,76,23 34,50,20 45,59,19 46,63,17 29,42,15 37,54,15 35,51,19 36,57,22 45,67,25 42,63,18 63,87,25 45,55,26 77,77,62 85,86,59 91,98,47 46,63,30 63,78,42 77,101,53 84,102,47 115,133,115 89,109,47 109,106,48 78,102,46 83,100,49 80,102,45 77,105,45 83,108,46 60,78,37 58,74,35 
48,67,40 47,61,33 49,67,36 44,59,28 54,79,25 43,68,21 45,65,27 46,71,29 40,62,25 37,54,24 39,59,23 51,78,32 80,98,72 45,59,36 38,54,29 40,57,27 61,79,31 60,75,29 65,85,25 51,71,23 55,76,22 51,67,21 34,51,22 42,57,16 44,59,19 27,39,17 39,54,19 35,50,20 47,67,21 38,57,22 37,56,21 45,62,21 55,67,35 56,59,48 67,76,36 63,79,37 40,53,29 57,72,36 74,89,38 72,86,36 72,89,39 68,90,32 80,93,39 72,88,38 75,86,40 81,91,39 65,87,34 75,93,36 82,97,49 49,57,29 
53,69,33 23,30,20 21,26,17 49,64,28 48,70,26 31,48,21 36,55,24 47,70,24 34,52,22 41,63,27 30,46,23 33,46,27 80,98,71 40,50,31 67,83,31 71,91,30 60,79,31 55,78,29 66,85,28 49,66,20 44,61,19 33,45,17 39,50,23 39,48,19 21,23,16 25,31,18 37,51,18 37,50,19 41,61,21 36,55,22 42,66,31 53,80,27 59,84,32 71,73,50 73,92,33 68,84,30 75,78,31 60,67,31 55,60,33 64,72,32 62,65,33 67,77,34 71,81,38 73,75,41 71,75,39 74,78,39 69,79,35 75,85,32 77,94,43 57,73,29 
46,62,32 20,28,20 22,28,19 28,37,20 38,55,23 40,60,26 54,77,32 41,62,22 31,49,22 31,47,21 34,52,24 30,38,29 69,83,65 75,91,34 71,92,22 61,83,24 55,76,29 59,81,34 66,76,28 43,64,25 42,59,23 35,46,19 16,16,15 20,23,14 18,18,14 22,21,18 53,62,30 55,70,27 37,50,20 33,47,19 36,55,27 37,59,26 63,89,38 85,87,57 73,84,39 63,76,30 94,96,30 100,107,27 60,60,41 57,60,31 63,65,37 58,62,33 65,68,38 70,73,40 67,67,41 65,69,32 64,72,31 72,81,30 65,86,35 50,59,25 
33,42,21 17,21,19 20,21,18 20,23,17 48,67,28 40,60,22 32,46,21 23,33,17 37,58,25 33,50,22 38,59,25 34,45,34 59,67,52 75,96,30 59,80,23 46,65,21 34,48,17 57,77,28 65,89,34 42,58,20 41,54,19 26,32,16 17,16,14 15,15,12 18,18,15 62,60,53 87,81,62 53,55,29 43,47,26 34,43,17 40,57,26 34,54,28 56,78,35 64,80,36 77,76,43 94,72,55 87,69,47 80,70,41 83,86,58 77,89,51 66,72,38 59,70,33 60,64,37 67,65,35 58,59,34 62,72,31 65,79,28 69,84,33 66,82,31 80,93,47 
24,34,20 19,25,21 20,25,20 23,30,19 44,66,26 48,68,29 31,46,22 31,46,20 46,66,25 72,88,29 71,84,29 53,61,41 49,51,41 70,86,32 46,64,22 32,43,19 34,38,19 56,67,29 45,64,20 42,61,28 36,48,23 18,17,14 18,17,13 14,13,11 15,15,12 61,57,50 41,51,59 43,69,87 43,53,38 33,38,18 38,51,22 46,64,29 64,86,32 77,62,41 79,74,48 88,77,59 95,80,58 103,83,67 93,77,62 78,80,42 66,74,37 61,69,31 57,58,33 65,62,37 57,61,34 60,78,30 60,79,26 66,82,34 80,94,46 108,105,91 
32,44,21 23,30,22 25,28,19 39,51,23 37,55,24 45,67,27 42,61,27 40,61,23 74,86,26 47,57,19 43,48,22 52,57,46 58,58,44 56,58,32 40,52,20 31,39,19 69,71,39 70,75,44 55,70,28 51,71,37 31,34,20 21,19,15 21,18,15 14,14,12 13,13,11 30,28,25 74,73,73 48,68,84 38,55,56 54,63,26 38,51,23 40,60,25 51,60,35 80,69,57 84,78,65 96,88,68 107,98,84 101,85,63 124,112,73 128,130,51 120,123,47 140,141,46 137,139,43 120,119,42 97,103,37 73,85,42 70,84,37 57,61,35 75,80,51 86,87,62 
39,54,25 33,39,22 21,25,18 39,53,25 43,61,25 52,76,30 39,56,23 28,42,19 44,45,23 44,41,25 40,41,24 64,63,59 55,47,42 77,57,46 58,61,31 34,40,19 83,83,50 65,72,35 68,88,39 36,46,23 40,42,23 27,26,19 24,20,17 15,14,12 15,15,13 16,16,14 29,25,22 31,29,22 43,45,26 43,42,23 44,53,25 33,44,20 59,72,31 96,109,38 91,103,37 114,123,31 124,130,38 109,116,32 113,117,33 124,128,36 110,115,31 108,113,32 87,92,25 84,91,22 87,91,39 99,95,71 72,69,46 76,74,49 82,81,57 78,78,56 
59,73,35 41,51,25 32,40,19 52,65,25 47,67,27 44,64,27 24,34,18 29,41,23 27,30,20 48,41,29 49,47,31 70,64,61 52,42,35 70,72,42 67,84,36 70,75,40 69,68,35 68,72,34 63,76,39 44,50,27 49,54,30 37,39,24 35,33,22 16,16,13 18,18,15 25,24,21 14,14,12 24,22,19 36,41,26 47,53,22 50,57,26 44,57,25 42,51,22 59,63,32 69,77,37 63,68,22 63,73,20 63,64,26 64,64,24 70,74,23 61,66,23 60,62,27 63,63,34 68,72,36 58,59,54 76,83,56 80,85,55 98,93,70 97,84,65 85,83,61 
65,76,34 52,57,25 45,49,23 59,68,33 45,58,27 41,51,24 22,26,17 52,55,49 30,30,22 59,50,35 73,59,46 69,66,63 71,62,45 80,96,51 70,89,39 71,90,44 60,69,34 57,68,29 64,77,36 60,68,36 56,60,31 51,54,31 40,38,26 25,23,20 18,18,15 35,34,31 16,15,14 34,32,28 35,39,29 37,47,20 43,42,22 48,51,25 41,40,25 56,53,35 60,66,43 68,72,45 64,66,38 69,76,43 76,85,49 73,83,47 77,87,48 78,91,50 79,94,53 79,96,53 57,57,55 71,78,52 82,84,60 111,106,90 97,85,68 106,93,75 
72,78,48 85,81,67 71,66,59 56,60,40 36,37,22 47,50,30 35,39,24 46,43,35 64,52,46 86,65,54 75,56,50 85,77,72 77,81,50 80,98,45 85,111,52 71,90,41 55,71,34 58,69,31 55,63,29 53,57,29 39,38,24 32,31,21 39,32,23 39,31,23 23,21,18 26,24,22 17,16,15 25,24,21 51,54,34 38,46,21 30,34,18 65,66,51 55,54,33 60,61,39 56,60,39 70,76,49 80,89,53 81,94,55 80,95,54 79,93,54 82,94,57 91,97,67 102,105,79 112,110,91 119,112,108 110,103,94 106,101,91 99,92,79 88,83,66 104,96,77 
93,89,80 64,62,52 51,45,37 41,33,26 31,23,20 78,74,68 47,47,33 64,51,43 99,81,74 73,61,57 59,58,41 91,94,68 80,103,46 76,101,47 75,99,42 50,64,26 57,74,34 59,64,31 59,61,34 44,47,26 35,30,25 31,28,24 53,34,28 41,31,24 25,21,19 27,23,19 25,21,19 36,30,23 67,64,42 38,48,26 44,51,27 71,68,53 76,72,52 62,63,41 59,61,42 73,75,53 78,85,55 93,99,70 110,110,89 127,122,109 143,136,129 149,143,137 134,126,117 124,115,106 134,132,132 132,125,118 123,113,102 104,98,83 122,109,88 117,107,84 
89,79,68 44,38,29 35,30,24 47,37,32 62,54,46 90,87,70 58,51,45 66,56,48 90,77,70 87,85,68 74,97,45 81,101,60 67,91,38 65,87,35 67,86,36 52,74,31 53,67,28 60,60,31 79,64,50 44,46,31 67,54,46 60,50,42 69,43,38 40,30,25 33,24,20 37,27,21 37,28,22 57,43,30 88,82,60 80,79,52 102,99,73 120,107,90 95,84,73 91,85,72 74,71,57 96,91,79 75,67,50 84,83,60 110,110,91 135,128,118 141,133,124 143,134,124 123,113,100 106,95,80 112,106,99 98,86,77 125,106,87 102,86,69 92,80,60 92,84,62 
84,74,67 61,52,43 54,45,35 91,83,77 100,99,88 51,57,38 84,68,60 59,49,45 68,66,46 70,89,41 57,81,30 71,87,54 63,84,37 59,83,37 58,80,30 43,64,24 54,70,30 48,48,25 59,49,37 28,25,21 65,50,41 73,59,48 69,52,45 46,34,28 47,34,27 51,36,29 49,37,29 75,60,48 128,112,94 118,109,89 125,113,96 115,104,90 102,90,78 104,92,82 112,100,90 118,108,99 88,74,58 122,106,89 111,102,87 109,97,82 98,83,69 101,86,71 100,88,71 106,95,80 102,91,80 95,83,68 97,83,65 95,79,62 97,82,66 98,87,71 
68,63,58 90,82,76 80,72,65 118,110,105 64,56,49 43,35,30 87,71,67 52,39,36 79,93,49 68,92,39 62,85,38 72,93,52 69,93,39 51,74,32 51,71,28 61,84,30 53,67,29 47,46,31 71,52,40 87,49,41 67,50,41 60,48,39 66,54,45 63,50,42 54,43,34 58,47,38 61,48,40 84,67,53 122,105,86 125,111,95 122,112,99 110,102,87 131,121,110 125,113,103 106,91,75 107,94,78 79,65,48 108,93,71 92,79,67 107,96,87 113,105,100 112,106,104 101,98,99 100,98,101 95,94,94 117,113,113 113,104,96 107,96,81 104,93,77 104,93,78 
61,58,52 62,59,52 60,54,46 112,96,91 87,62,56 76,47,43 63,51,47 55,52,35 70,87,46 50,71,33 60,82,38 65,89,41 59,82,35 53,72,31 63,85,32 65,86,34 53,68,31 46,42,27 82,58,45 108,66,59 60,50,41 59,49,41 59,47,41 70,57,48 74,60,50 80,65,53 86,70,57 82,65,53 99,84,64 135,119,100 129,118,105 117,105,86 103,91,79 101,92,80 104,94,83 112,100,91 112,102,94 106,101,97 107,105,103 99,99,101 106,107,110 110,111,111 100,98,96 108,103,95 109,100,88 105,94,82 108,98,79 112,103,84 110,100,87 113,106,93 
69,65,60 71,67,63 79,70,65 69,53,44 85,71,50 83,54,49 92,80,76 81,79,57 57,76,39 56,75,38 54,74,37 54,73,36 60,83,36 57,75,31 66,85,33 62,78,32 63,78,35 65,57,37 84,66,53 95,73,60 75,63,52 74,62,50 77,63,51 81,67,56 84,70,59 87,73,61 91,78,67 92,79,69 93,81,68 106,93,81 107,97,87 111,103,92 119,110,100 114,109,105 112,110,111 110,108,108 112,107,102 108,106,101 107,104,96 112,107,93 107,101,83 107,100,80 109,101,78 112,104,83 116,106,93 121,110,99 116,104,88 105,96,85 58,56,55 104,96,89 
85,80,77 106,101,99 102,93,89 119,112,107 114,97,90 109,95,93 100,84,79 79,75,55 56,61,40 60,74,38 46,63,31 46,66,32 57,78,34 53,73,33 63,78,38 72,84,45 78,85,49 102,91,74 104,90,79 113,104,95 106,97,90 90,81,72 99,90,82 110,101,94 112,102,94 113,103,94 100,91,84 94,86,78 95,86,77 104,96,87 109,102,94 107,100,88 110,103,89 105,98,79 103,99,80 103,102,82 118,112,95 115,105,87 118,107,88 112,102,84 118,107,90 114,105,91 118,106,96 122,109,97 119,108,95 121,110,98 124,112,101 107,97,90 84,60,61 98,93,88 
94,82,82 239,235,227 238,235,227 233,225,205 227,190,174 207,162,156 207,163,160 183,150,147 90,90,75 85,88,75 86,90,73 75,83,62 69,80,54 87,91,75 89,101,70 92,98,75 99,95,86 121,113,105 123,116,109 120,113,105 116,108,100 102,96,86 99,93,81 104,97,84 105,97,84 101,92,79 100,94,76 101,96,78 100,94,76 96,90,72 106,101,84 100,94,76 106,100,80 105,99,77 109,102,83 113,107,92 113,105,91 119,108,93 114,104,87 109,101,92 117,107,98 115,104,95 117,105,95 120,106,96 121,108,98 114,104,98 119,105,97 126,111,101 62,58,56 109,99,94 
102,100,101 235,231,223 237,232,221 233,227,210 215,191,145 225,203,193 226,203,188 197,179,171 108,105,101 118,115,111 122,118,113 113,107,94 114,110,97 128,118,105 111,104,84 108,103,81 119,108,96 114,105,94 105,98,86 94,87,77 89,82,73 88,82,68 95,89,71 105,98,80 110,102,83 115,106,87 105,98,78 104,98,77 114,108,88 108,102,81 113,108,87 114,107,89 114,107,88 110,104,83 111,104,84 117,110,94 117,108,95 115,105,92 118,106,94 122,108,97 115,106,99 122,108,100 118,106,95 122,108,100 122,107,98 113,103,97 115,105,100 116,102,97 59,56,56 118,104,97 
107,103,105 238,235,227 235,229,213 225,217,193 193,181,151 225,205,195 225,204,192 198,181,171 114,106,96 108,99,90 111,102,88 113,106,86 109,103,89 118,108,95 116,107,91 114,104,90 114,107,93 115,109,96 105,98,86 93,85,74 95,87,77 93,86,71 112,106,85 116,108,88 120,110,91 123,112,93 110,100,85 110,101,87 120,111,97 123,113,100 115,106,92 118,110,96 115,108,93 119,112,94 116,109,92 122,114,100 120,111,100 118,107,96 120,109,96 123,108,97 118,107,99 125,113,108 124,109,101 127,115,111 115,106,100 122,109,98 121,107,97 127,115,106 49,47,46 117,103,94 
95,89,80 236,233,224 232,222,195 232,225,206 219,217,195 233,225,205 234,224,202 202,194,175 109,102,96 110,102,92 113,106,96 114,105,95 116,107,95 120,109,98 124,112,100 109,97,84 113,105,91 120,112,99 108,100,88 100,91,79 107,98,87 107,98,84 120,111,95 120,110,95 120,108,95 124,111,99 114,103,91 114,104,92 121,111,99 118,108,96 121,111,99 119,110,98 120,112,100 123,115,101 120,112,98 116,107,96 122,112,103 112,104,96 116,107,97 124,109,98 123,108,98 119,105,98 120,107,99 121,108,97 121,107,95 125,111,98 125,109,97 124,109,98 61,58,56 119,105,95 
95,90,82 238,234,226 234,227,207 232,221,191 233,227,208 231,222,199 234,225,204 202,194,175 108,98,91 120,108,99 119,108,97 120,108,98 123,111,101 124,112,101 125,113,101 112,100,86 117,108,93 122,114,99 117,107,95 116,106,94 118,108,96 125,115,103 123,113,102 130,118,108 117,105,97 130,117,109 120,108,97 115,105,93 122,112,100 121,111,99 122,112,100 118,109,98 121,113,102 129,120,110 122,113,103 114,105,96 109,100,92 112,106,102 116,109,103 129,119,113 124,112,104 143,130,122 137,124,116 36,36,36 39,39,39 53,57,61 113,114,103 75,78,61 42,42,42 108,98,87 
115,108,97 131,129,126 129,127,122 127,123,111 128,126,119 128,124,116 122,125,114 119,115,106 122,111,103 128,116,108 128,116,108 136,124,116 141,130,119 141,130,119 141,128,117 140,127,115 134,124,110 123,114,99 117,108,95 121,111,99 118,108,96 129,119,107 127,117,107 123,112,102 126,116,107 132,122,114 115,104,92 115,105,94 112,102,90 125,115,103 130,120,108 122,114,103 115,108,98 128,121,112 121,112,104 117,108,101 121,113,106 114,108,102 128,122,117 126,119,114 121,112,104 137,123,116 130,117,108 60,57,52 57,54,49 57,55,50 86,84,67 77,77,65 66,64,63 123,121,121 
156,153,151 140,140,141 141,141,141 126,126,126 126,126,126 131,131,132 132,132,132 137,136,135 176,170,166 176,170,166 176,170,166 180,174,170 180,173,168 179,172,166 180,174,167 182,175,169 159,153,143 117,108,93 121,111,99 125,115,103 121,111,99 118,108,96 123,114,100 118,108,93 117,106,90 118,106,90 114,105,94 83,79,74 85,80,76 83,79,74 89,85,80 85,82,77 83,80,76 87,84,80 77,74,71 86,83,80 87,83,80 82,82,77 74,72,68 89,85,80 79,76,69 83,77,67 75,69,63 71,70,62 79,76,70 87,81,74 73,70,67 97,96,95 87,84,82 84,82,81 
