163,168,168 161,166,165 161,166,164 163,168,167 166,169,167 162,165,164 162,165,165 165,167,167 171,172,170 198,196,194 193,194,191 202,201,198 201,201,198 213,214,209 204,205,201 218,220,215 216,218,213 217,219,215 120,120,114 25,31,20 24,28,22 17,17,16 18,20,17 21,26,17 165,167,164 228,230,227 224,225,222 225,225,223 224,225,223 221,223,220 220,220,218 218,218,216 215,216,214 212,213,213 211,212,212 201,203,203 202,203,204 208,210,208 196,197,199 190,192,195 193,194,196 204,204,203 205,204,202 207,205,201 205,202,199 201,200,197 201,199,196 196,196,193 195,195,193 197,197,194 
66,67,67 67,68,68 64,66,65 66,67,67 68,69,69 64,65,65 66,67,66 66,67,67 68,69,68 197,197,193 197,198,194 199,199,195 196,197,193 204,205,200 197,199,194 220,221,216 209,211,206 215,216,212 119,118,114 27,31,23 33,33,30 19,18,18 21,22,19 25,30,17 45,53,39 160,161,152 211,211,208 229,229,228 225,226,224 222,222,221 221,221,219 219,221,219 217,218,216 215,216,215 215,215,214 197,199,201 205,206,205 208,210,208 193,196,198 191,194,197 203,204,206 216,216,213 208,208,205 200,200,196 195,197,193 194,195,193 200,199,195 197,197,194 197,197,195 201,202,198 
72,73,73 97,98,98 111,112,112 113,114,114 107,108,108 114,115,115 104,105,105 116,116,116 99,99,100 188,191,188 199,200,195 202,203,198 202,203,198 203,205,200 197,199,194 206,207,202 213,215,210 159,160,150 25,28,22 20,22,17 18,20,17 20,21,18 22,22,19 19,19,17 23,28,21 34,42,27 134,137,130 230,230,229 224,225,223 223,223,221 222,222,221 222,223,222 221,222,220 207,208,209 209,210,210 194,196,198 201,203,203 202,203,205 189,192,195 196,199,203 218,218,218 219,220,218 209,210,208 194,196,193 195,197,193 197,198,195 201,200,198 199,200,197 208,208,205 211,211,209 
68,69,68 65,67,67 67,68,68 67,67,67 65,67,66 65,66,65 65,66,66 66,67,67 68,69,69 186,190,187 192,192,189 198,199,194 198,200,195 207,208,203 200,202,196 202,205,198 206,208,202 64,66,57 20,22,17 18,19,16 17,18,16 18,19,15 19,19,16 19,19,18 22,24,21 54,58,52 150,153,148 226,226,225 224,224,222 224,224,223 224,224,224 225,225,225 219,220,219 204,205,207 208,209,209 196,197,199 205,206,207 196,199,202 192,196,199 144,151,146 96,107,83 160,170,157 192,198,195 189,194,189 195,199,193 202,204,200 205,205,204 163,164,165 130,136,124 80,90,73 
67,68,68 82,83,83 88,89,89 86,87,87 85,85,85 64,65,65 63,64,64 64,65,64 68,69,68 191,195,191 191,194,189 192,195,191 195,197,192 210,211,204 204,207,201 210,212,205 205,207,200 54,56,46 22,25,20 20,21,17 19,21,17 19,21,17 20,20,17 22,22,21 24,26,22 44,48,43 190,191,190 221,222,220 217,218,217 224,224,224 226,226,226 225,225,225 214,216,215 214,215,215 202,204,205 200,201,203 199,202,204 167,172,178 123,129,130 85,93,84 46,55,41 43,56,33 75,89,70 179,186,181 197,199,195 212,213,211 200,200,198 97,106,92 52,69,43 40,52,39 
85,96,83 129,137,130 159,167,162 159,166,162 134,142,143 124,133,133 172,176,173 168,174,171 168,174,171 196,200,195 204,205,199 199,201,196 192,195,190 206,208,201 206,208,202 215,217,209 180,182,175 32,38,28 21,23,17 22,24,19 21,24,19 19,21,16 22,24,20 27,28,24 26,31,24 26,32,20 134,135,135 211,213,213 202,204,205 213,214,215 227,228,227 223,224,223 216,218,216 219,220,220 205,206,207 203,204,206 194,198,200 127,130,140 187,191,196 140,145,148 43,53,38 39,52,29 55,68,43 89,101,79 174,177,174 194,196,193 85,96,76 50,66,43 38,52,37 30,41,35 
32,47,31 39,55,37 54,70,52 50,68,49 56,75,60 120,131,127 182,188,185 203,207,204 196,202,198 192,199,195 194,199,193 200,203,197 192,197,191 203,206,198 215,217,209 225,228,217 104,111,93 28,37,21 21,25,19 20,25,19 22,27,19 21,23,18 25,27,22 27,31,24 29,35,24 31,37,22 128,132,127 203,204,206 201,202,203 207,208,209 225,228,226 224,226,224 211,213,211 211,213,212 200,201,203 207,208,209 200,203,205 195,199,203 184,191,189 99,111,96 34,43,27 28,39,25 27,37,27 94,101,105 200,202,206 88,98,85 50,63,41 41,52,39 51,66,48 56,72,52 
33,45,33 35,49,34 33,49,34 38,54,36 42,59,41 41,60,43 51,74,47 107,122,101 186,192,187 190,197,193 198,205,200 199,204,198 202,206,199 203,208,200 208,213,203 125,131,116 29,39,24 26,32,23 23,28,21 23,27,21 23,28,21 22,26,20 24,28,21 26,31,22 30,37,25 32,39,22 62,68,56 200,201,203 201,202,204 208,209,210 225,227,224 219,220,220 205,206,208 210,211,211 208,209,211 214,216,216 209,210,212 185,189,190 58,71,50 36,48,28 39,52,29 32,45,23 33,46,24 36,48,35 105,113,106 92,102,89 33,42,36 32,43,36 42,55,43 54,68,51 
31,39,32 31,43,34 31,41,36 32,44,36 34,50,38 37,55,41 40,61,39 42,66,37 53,71,53 99,112,102 170,177,170 161,169,159 174,180,171 201,205,196 192,197,184 36,46,30 26,31,25 28,34,25 28,33,24 27,32,23 27,33,23 25,31,22 27,31,22 31,34,27 26,30,23 27,32,20 84,89,79 204,205,207 199,200,202 208,209,210 220,222,221 213,214,215 201,202,204 210,211,213 211,212,213 217,219,219 218,219,220 159,166,155 42,56,31 42,57,28 29,39,25 24,33,21 32,48,25 38,52,31 101,107,110 51,64,43 32,43,35 28,38,32 21,27,26 25,31,27 
45,56,49 38,48,39 35,44,37 32,42,36 19,27,29 22,34,33 22,33,33 29,45,35 39,58,37 57,75,57 93,108,88 62,77,59 66,79,59 103,111,99 68,81,54 32,42,27 27,34,25 30,37,25 30,36,27 32,38,25 32,41,25 29,36,24 27,31,23 29,32,25 34,36,37 18,21,18 96,99,97 205,206,208 196,197,199 202,203,205 214,215,216 209,210,211 201,202,204 205,206,208 210,211,213 216,218,218 215,216,217 52,61,43 30,39,26 38,50,30 32,45,26 33,47,26 24,31,21 26,37,24 66,75,69 29,36,33 36,44,39 35,43,33 27,33,29 25,31,25 
41,51,44 37,43,38 34,38,36 43,47,42 74,82,64 75,86,65 54,67,50 36,52,35 47,70,40 58,84,42 50,69,41 44,57,46 48,61,45 63,69,65 91,98,87 25,31,25 20,29,21 33,40,27 43,50,33 33,42,27 27,32,25 29,35,24 27,31,23 29,33,26 28,31,27 30,34,28 104,106,101 212,214,215 201,202,204 203,204,206 212,213,215 207,208,210 203,204,206 204,205,207 208,209,211 212,213,215 196,199,197 49,61,36 29,36,28 38,54,31 29,43,23 38,51,27 31,42,25 41,55,32 49,57,47 42,55,41 46,60,42 44,57,37 41,50,36 38,50,36 
32,36,33 44,49,43 35,39,36 45,50,42 90,104,51 103,117,64 94,108,71 41,60,36 32,46,36 35,48,36 36,51,38 40,54,39 44,58,45 52,67,55 54,67,52 26,34,25 18,24,20 37,44,29 46,53,35 35,44,30 22,29,18 23,29,20 27,32,24 29,34,26 36,45,27 46,52,43 104,108,102 222,224,224 211,212,214 211,212,214 217,219,219 207,208,210 210,211,212 204,205,207 203,204,206 208,209,211 197,198,198 44,51,43 36,46,33 35,47,25 24,31,21 23,31,21 27,35,23 31,41,29 36,45,35 36,45,33 35,45,31 35,48,33 40,52,38 40,52,36 
91,101,51 102,112,55 66,73,48 57,65,50 86,101,54 91,105,56 96,110,62 106,116,77 74,84,56 33,45,38 31,41,36 31,39,37 38,50,41 44,60,45 46,63,42 37,50,28 23,30,21 45,55,33 43,52,32 38,47,30 23,30,20 21,27,18 29,33,26 30,35,24 32,38,28 29,36,22 64,73,52 114,118,117 208,209,211 139,140,140 195,196,196 214,215,216 213,214,215 201,202,205 198,199,203 210,211,214 169,171,167 50,59,43 41,56,30 36,52,27 34,49,26 34,49,24 36,51,27 31,44,26 40,50,37 32,44,31 35,44,33 41,54,39 37,46,37 37,45,32 
87,99,33 104,120,62 99,116,62 106,123,63 94,110,60 77,91,42 91,102,54 106,117,64 117,127,80 86,96,65 35,46,38 41,49,46 54,69,53 45,61,42 36,52,32 31,44,29 33,47,29 40,50,31 34,39,25 30,37,24 25,31,21 24,31,21 21,26,20 26,31,23 26,30,23 26,31,21 41,50,27 49,54,50 82,86,79 83,86,72 105,106,102 228,228,228 213,214,215 195,197,200 195,196,201 220,220,221 147,150,146 51,66,38 36,49,27 31,43,25 27,36,23 36,52,27 42,58,30 40,53,31 37,48,31 33,45,33 43,52,45 34,44,32 36,45,33 37,43,32 
89,105,42 75,94,38 74,93,40 82,100,49 81,97,45 82,99,49 92,104,60 84,97,48 103,113,71 116,124,80 62,72,54 56,67,56 54,70,53 46,62,41 36,49,32 27,39,24 27,36,26 44,55,34 33,38,27 28,35,23 32,40,27 31,40,26 31,38,27 29,37,27 29,35,25 30,37,22 40,49,26 64,66,65 64,74,45 56,68,37 66,72,51 210,210,212 213,213,215 199,200,204 199,200,204 216,217,219 92,100,85 42,56,28 36,48,26 28,36,24 32,46,24 35,50,25 32,41,25 37,51,31 48,62,37 34,42,34 38,48,37 40,51,32 39,49,31 35,43,28 
69,87,32 75,93,39 63,82,34 81,102,52 85,105,70 73,89,47 90,107,62 93,105,63 104,114,64 89,99,55 116,128,97 105,120,93 88,103,79 65,81,59 42,54,38 26,40,24 30,41,25 42,52,32 35,42,27 30,37,24 29,38,24 29,35,25 17,17,18 26,32,21 31,38,24 32,40,24 42,53,25 64,70,58 52,64,37 57,70,38 64,73,49 205,204,207 212,212,215 202,201,206 205,205,209 190,193,194 50,62,36 39,50,28 32,42,23 29,39,24 40,57,27 35,45,26 38,50,28 38,52,30 41,51,32 35,45,33 47,55,43 40,52,32 27,34,24 29,34,24 
93,107,47 84,101,47 73,88,38 52,66,40 49,69,44 64,84,55 69,91,60 85,103,74 76,92,57 83,95,58 95,110,87 94,109,90 84,99,82 74,89,69 71,83,63 36,49,34 28,38,23 40,50,32 46,52,38 29,36,25 32,39,25 21,26,19 23,28,19 26,34,22 32,41,25 31,39,25 38,47,25 61,69,48 55,68,35 42,53,28 54,62,39 126,126,126 208,208,211 201,201,205 200,201,206 168,171,173 69,74,67 35,43,30 34,45,24 38,52,25 33,45,24 35,44,27 32,40,27 42,56,33 36,45,30 28,35,24 34,42,27 28,33,24 32,41,27 33,42,27 
89,106,43 65,83,30 83,98,42 67,83,46 88,105,77 77,95,73 62,82,55 58,79,51 68,85,52 68,81,46 63,79,56 75,90,74 71,86,68 79,93,74 70,84,65 69,81,69 69,73,69 43,52,39 40,44,35 31,37,26 26,30,21 31,39,26 37,47,30 38,49,30 29,36,24 30,37,25 39,50,25 57,68,36 54,68,32 47,59,30 51,62,30 94,100,79 202,203,208 193,195,200 192,194,200 194,197,204 65,75,60 43,54,35 42,56,29 43,58,30 50,68,32 48,66,32 43,56,32 41,51,33 34,42,29 30,38,24 31,38,25 42,52,32 52,66,42 42,55,34 
51,66,27 58,77,30 71,91,35 77,96,41 76,95,44 72,92,63 41,61,27 49,63,39 79,92,67 68,81,57 88,102,76 94,110,82 94,107,81 92,103,69 81,92,56 103,109,109 141,140,154 53,59,49 45,48,42 32,41,25 33,43,24 41,55,25 28,36,22 32,41,25 32,41,24 37,45,24 37,46,25 46,54,28 48,61,31 38,46,27 45,56,30 69,78,60 197,198,204 116,121,115 109,116,106 175,180,187 85,92,84 51,64,36 55,71,34 45,59,29 40,53,29 46,63,31 47,62,35 42,54,34 39,48,31 31,41,28 32,38,28 54,69,42 52,66,42 44,58,35 
62,74,35 65,85,36 61,81,34 74,93,46 58,76,34 83,99,62 75,90,51 112,124,90 118,129,96 113,128,87 102,117,80 84,99,73 74,90,67 75,89,65 80,91,58 62,71,62 93,95,99 69,74,70 59,67,51 35,47,22 31,40,22 34,42,24 38,47,30 28,34,22 31,39,24 33,40,26 42,51,26 45,54,27 44,54,28 42,54,28 41,50,29 85,91,77 160,163,163 76,84,70 61,71,53 85,93,83 95,103,89 44,55,32 33,41,27 36,43,28 37,44,27 31,35,27 36,44,29 40,47,30 30,38,26 35,49,27 41,53,33 36,47,28 42,53,34 35,46,31 
71,90,37 71,93,36 55,70,38 68,87,36 71,91,44 79,94,50 72,87,47 100,116,70 76,92,43 65,82,40 78,95,62 85,100,74 69,86,56 69,84,62 73,85,54 55,65,48 44,51,47 70,74,70 63,71,53 38,49,25 35,46,22 39,46,29 39,45,29 35,41,24 34,40,25 34,40,27 38,45,26 48,57,28 43,53,25 41,49,27 34,41,26 62,74,44 68,81,46 50,62,36 39,50,31 50,61,43 62,75,54 49,60,38 36,43,29 31,36,27 29,32,27 31,35,29 41,49,32 38,45,26 35,46,27 33,45,26 28,37,25 28,35,22 26,31,21 36,46,28 
76,94,44 46,60,25 69,86,54 53,69,36 65,82,40 78,95,54 58,77,31 67,84,43 51,68,29 36,51,25 45,64,30 59,75,47 65,82,54 56,70,48 52,66,43 39,49,34 41,47,44 77,79,79 60,63,52 39,45,28 36,41,23 50,53,38 23,22,17 31,35,19 38,44,27 41,52,41 45,51,31 47,53,28 44,51,29 48,57,30 51,57,36 61,69,43 56,69,35 52,65,35 36,45,29 44,52,38 57,68,53 59,68,54 32,35,29 31,35,29 40,48,32 47,58,41 53,62,52 46,56,42 38,44,24 37,42,25 32,41,27 31,39,25 25,28,21 27,30,23 
68,80,36 60,75,35 66,85,35 53,68,33 58,75,30 77,92,52 32,46,24 35,52,24 73,89,52 69,87,60 61,77,52 56,74,44 54,69,40 56,71,45 73,87,68 29,38,25 41,46,44 63,65,64 62,64,54 109,100,101 109,100,103 161,149,152 43,38,38 56,58,41 70,72,47 97,103,59 95,102,54 88,96,48 89,98,46 75,83,44 85,99,51 84,99,49 72,87,41 45,54,31 60,74,38 79,92,51 97,110,67 52,59,44 30,32,29 32,34,30 77,84,50 88,100,63 78,86,65 73,80,59 71,78,53 56,62,49 60,65,55 31,33,28 36,34,33 46,49,46 
54,68,23 99,113,72 77,98,47 69,85,42 71,87,40 80,95,51 46,65,34 36,53,31 67,84,40 49,66,42 55,72,51 44,60,32 38,51,29 42,57,29 53,68,50 38,54,61 34,49,76 33,43,60 87,80,81 102,92,94 104,94,95 98,86,84 27,23,20 56,57,39 56,59,36 65,70,39 72,78,43 72,80,40 78,87,41 75,79,41 90,97,47 90,100,46 91,103,45 60,66,32 91,100,49 93,101,49 103,113,52 73,81,44 64,71,41 66,73,44 91,101,57 104,116,66 101,113,71 98,110,72 104,114,75 109,118,76 110,118,76 73,77,51 80,83,54 114,121,76 
47,60,19 80,91,41 59,78,26 52,68,34 59,73,44 58,75,40 56,75,32 51,67,33 62,81,29 67,83,60 62,77,56 57,73,41 55,69,42 47,58,38 33,49,58 12,48,122 26,56,120 35,52,95 107,98,97 107,97,97 132,119,121 153,138,136 55,45,43 148,134,127 136,123,113 123,112,100 102,95,81 76,76,50 64,68,39 58,59,34 64,71,35 74,83,37 78,88,38 60,68,30 86,96,43 77,84,46 79,92,41 71,83,38 63,74,35 53,58,34 71,80,42 80,91,45 80,90,46 74,82,42 62,71,36 59,67,33 56,62,33 51,55,33 50,54,32 68,76,40 
41,55,17 49,62,24 47,63,20 79,94,50 62,78,35 72,91,57 31,37,24 27,36,21 67,81,49 56,73,46 53,68,45 42,57,33 55,70,40 53,68,41 33,46,55 37,65,128 24,55,120 19,40,82 77,71,65 81,74,67 98,88,86 125,114,107 68,57,53 164,149,142 165,148,140 164,146,138 161,143,134 148,131,122 126,113,100 110,100,86 91,84,67 71,70,51 64,64,41 54,55,32 57,61,34 62,65,40 75,82,43 73,78,39 72,77,39 56,55,35 65,68,40 69,72,40 66,67,41 62,63,41 57,57,38 56,56,38 58,59,41 53,52,35 42,35,29 59,59,39 
46,61,18 38,52,18 35,46,21 60,74,38 46,61,27 72,90,47 57,74,46 37,53,36 76,93,72 60,75,50 75,89,61 54,69,48 50,65,40 47,60,39 36,47,55 50,74,133 50,73,127 39,51,84 32,26,22 35,29,25 51,46,37 86,78,71 65,50,44 102,94,80 135,121,111 153,137,128 161,144,137 161,144,136 161,142,132 158,140,130 157,140,131 148,132,123 130,115,104 111,98,87 95,83,73 85,76,66 76,70,56 76,71,54 72,65,48 61,53,43 51,46,37 60,56,43 57,55,39 56,56,39 56,53,39 52,53,36 55,52,36 50,45,34 40,32,27 59,55,44 
50,60,23 46,58,31 74,85,39 61,74,27 37,45,29 48,63,37 71,92,62 90,111,84 78,97,75 83,103,73 58,77,51 50,65,42 48,62,42 33,39,32 28,37,44 36,67,130 51,75,129 39,51,85 28,23,20 32,25,21 37,30,24 49,42,34 56,40,33 85,78,65 98,90,77 124,111,102 146,130,123 152,136,130 155,139,132 159,142,135 159,142,133 160,142,133 162,144,135 163,144,134 160,142,132 150,132,124 146,128,121 140,123,116 131,115,107 125,110,103 118,105,100 104,93,89 94,83,80 87,75,73 79,68,66 70,61,59 66,56,54 64,54,54 57,47,46 61,52,49 
51,59,23 71,85,25 73,84,38 53,61,44 71,84,62 70,85,61 50,62,42 57,78,52 59,81,50 68,91,64 61,78,57 78,92,71 39,48,37 18,21,17 25,29,38 32,55,106 42,47,64 36,33,31 41,36,29 46,35,31 51,37,32 59,48,43 63,50,42 71,59,48 96,87,79 122,111,102 138,124,117 150,135,129 149,136,130 149,134,127 154,138,130 155,141,134 153,137,130 148,131,125 143,125,117 144,126,116 146,128,120 153,133,124 155,135,126 150,130,122 150,130,122 145,126,121 137,119,117 130,112,113 123,107,108 118,102,105 111,96,101 107,92,97 104,90,94 98,85,87 
87,97,48 49,58,24 59,75,40 82,100,72 74,95,67 68,90,58 94,114,87 72,94,63 58,79,49 70,90,59 73,94,66 79,100,69 70,87,56 28,36,26 19,22,24 29,25,22 47,45,42 43,38,34 46,44,34 60,56,45 76,67,62 95,82,76 86,72,65 102,90,82 121,111,102 128,117,109 126,115,111 131,119,113 137,124,120 142,129,125 148,135,131 144,132,130 146,133,130 148,132,128 141,126,121 136,121,115 130,115,109 134,118,113 131,115,111 137,120,116 137,121,115 138,121,118 140,121,119 139,119,118 137,116,115 139,117,118 136,114,116 133,110,114 130,107,111 131,110,115 
45,54,24 54,62,29 59,74,54 56,81,48 66,92,58 78,101,75 79,99,80 83,104,78 73,95,63 74,93,66 61,81,54 68,86,56 65,85,55 50,66,37 22,26,24 52,67,45 55,60,46 58,53,45 56,60,42 58,57,41 80,68,61 97,85,83 109,98,95 113,104,99 120,111,105 125,116,110 124,115,111 127,117,114 134,124,119 138,127,124 138,127,126 140,129,127 141,129,127 145,132,129 141,127,125 147,134,133 141,127,126 142,128,126 136,122,120 134,120,116 138,121,116 133,118,114 129,114,114 127,112,113 125,109,111 122,104,107 128,109,112 129,109,112 131,109,112 131,108,111 
49,61,39 55,70,47 49,71,43 49,70,50 48,70,42 75,101,64 70,92,60 65,90,57 72,97,57 71,95,56 67,89,62 65,87,53 60,81,56 51,63,43 27,34,24 41,54,33 52,63,43 54,68,43 55,65,41 74,71,62 85,76,75 103,93,93 108,98,97 110,101,100 118,110,108 116,110,108 118,111,108 124,115,111 129,119,117 136,125,124 140,129,130 142,132,133 140,128,127 134,121,119 132,119,117 132,119,118 139,124,122 141,126,125 141,126,124 139,126,124 138,125,124 139,127,126 134,121,121 130,116,118 130,115,117 122,106,109 118,101,105 119,103,107 119,103,107 120,103,108 
48,68,36 68,89,54 46,67,36 54,75,44 73,98,65 63,88,58 77,101,65 51,72,38 56,80,46 56,76,44 44,61,33 47,66,34 59,80,46 62,81,44 66,81,55 61,72,53 54,71,44 58,62,42 71,65,61 84,78,79 100,91,92 101,92,93 104,96,95 111,103,102 117,109,106 121,114,111 116,107,105 126,116,113 129,120,118 133,124,121 135,126,126 139,130,132 140,129,131 148,136,136 143,132,132 136,125,125 129,118,119 137,122,121 133,119,118 133,119,119 134,121,121 136,124,125 137,124,126 131,119,122 133,120,122 133,119,124 130,113,118 125,109,115 125,110,117 121,105,113 
76,95,68 51,74,40 70,93,60 59,85,47 42,64,36 77,102,74 84,109,76 75,102,57 64,90,50 60,79,46 76,100,65 69,92,58 54,76,43 53,72,41 53,70,40 55,71,44 62,60,44 72,65,59 87,82,81 99,91,92 104,95,96 110,100,99 114,105,104 117,109,107 119,112,109 121,114,111 125,116,114 125,116,113 127,117,116 134,124,121 137,127,124 135,125,125 135,125,125 132,122,122 143,131,130 146,134,134 146,133,132 139,125,127 132,118,118 126,114,114 125,112,113 122,109,110 126,114,115 132,117,120 134,119,123 132,115,121 128,113,120 125,111,119 126,112,119 127,110,119 
78,97,68 79,102,70 69,91,62 67,90,61 74,101,62 72,99,58 88,116,73 72,99,67 69,92,63 65,88,56 63,86,49 61,82,48 70,94,54 51,67,37 50,63,36 65,63,46 87,77,75 99,85,87 100,92,95 109,101,101 109,100,100 114,105,104 115,106,105 116,108,106 122,114,111 127,120,118 132,124,121 127,117,115 128,119,118 132,122,120 135,124,122 132,122,121 137,126,126 136,125,125 139,129,126 146,135,134 143,130,131 137,125,125 137,124,124 134,121,121 130,119,119 131,118,118 124,111,113 119,107,108 120,107,111 122,109,114 127,113,119 127,113,119 130,115,123 131,116,126 
56,77,47 58,82,51 64,81,57 69,96,59 63,88,49 64,91,57 64,90,57 64,86,56 61,88,52 80,106,71 69,95,59 74,97,63 65,83,56 58,67,44 77,75,61 92,85,84 95,87,89 103,95,97 111,103,104 112,104,104 113,104,105 120,112,111 118,109,109 138,131,130 158,153,152 160,156,155 160,156,155 162,156,156 152,145,145 134,125,124 135,124,123 134,124,122 137,127,127 135,124,122 139,128,126 148,136,135 147,135,135 134,123,124 135,123,123 139,128,128 133,122,121 126,114,115 125,113,114 128,116,117 128,116,120 124,111,117 125,111,117 122,110,115 121,108,115 118,106,115 
82,101,71 85,103,79 70,94,61 72,98,60 60,87,49 37,54,31 42,62,34 72,101,61 47,70,38 53,72,51 49,71,40 59,81,54 55,72,46 71,71,58 89,83,82 100,92,93 113,104,105 108,100,101 112,103,104 112,104,105 121,111,111 124,114,113 148,142,141 159,155,154 156,152,152 158,154,153 155,151,151 155,150,150 159,154,154 162,157,157 136,128,127 129,121,120 134,124,124 137,127,126 138,127,125 142,131,130 142,131,130 136,125,127 135,124,123 134,123,123 136,125,124 127,116,117 127,115,117 127,114,118 127,115,118 123,110,116 127,113,119 125,112,119 123,110,117 120,107,115 
60,86,47 59,83,43 58,82,53 40,58,32 32,45,28 40,60,29 36,55,31 58,80,49 49,73,36 46,66,34 46,67,40 50,63,47 62,74,50 86,80,78 104,94,96 114,105,106 112,104,104 115,106,105 120,111,112 117,108,107 116,108,109 134,126,127 160,156,156 154,150,150 117,113,113 103,101,100 95,93,93 119,116,116 158,155,155 161,156,156 161,156,155 129,121,120 134,124,123 132,123,122 132,123,121 137,127,126 137,127,128 133,124,126 133,123,122 131,120,120 135,123,122 131,119,118 128,117,118 130,118,120 131,118,124 131,119,123 129,115,122 127,114,120 126,112,118 120,108,114 
44,68,35 45,61,38 31,43,27 22,26,20 45,65,36 42,65,34 48,69,37 49,73,39 62,88,53 35,51,26 42,56,38 59,76,52 71,73,64 107,99,100 121,111,112 113,104,105 124,115,116 122,113,115 122,114,115 124,116,115 124,115,114 154,148,148 157,152,152 111,108,109 105,102,102 118,115,115 103,100,100 100,98,98 158,155,155 162,158,157 167,162,162 140,133,131 133,124,123 133,124,123 131,122,121 136,125,124 132,122,122 130,122,123 133,124,125 133,123,123 130,119,119 134,122,123 130,118,120 127,115,117 127,115,119 129,116,121 130,118,122 128,116,121 126,113,120 122,110,117 
48,69,42 32,47,28 26,37,25 40,56,32 55,80,44 79,98,78 56,79,51 82,104,73 40,58,37 43,61,40 60,75,59 64,67,60 107,98,99 126,115,116 120,111,112 127,118,118 126,117,118 127,119,120 134,126,125 137,129,127 123,115,115 157,152,153 157,153,153 154,151,151 158,154,154 156,153,154 118,116,117 96,94,94 141,138,138 161,157,157 162,158,158 148,141,140 132,124,122 130,122,120 132,124,122 138,127,125 131,122,119 128,120,120 135,125,126 135,125,125 127,118,119 128,119,120 128,118,120 127,115,119 127,114,118 124,111,117 129,116,121 127,114,121 124,111,119 124,112,119 
45,67,35 35,54,31 44,65,40 53,79,42 61,84,57 71,96,65 42,57,37 66,91,62 42,61,34 48,65,44 66,70,58 111,104,101 130,121,118 123,114,116 131,121,123 133,123,124 129,121,122 133,125,124 136,128,127 132,125,124 129,121,121 159,154,154 158,154,154 157,153,154 158,154,155 159,155,156 137,134,134 96,95,95 149,146,146 157,155,155 164,161,160 146,140,139 130,123,121 127,121,118 130,122,119 134,125,121 132,122,119 131,122,121 138,126,126 135,126,126 131,121,122 129,119,121 133,122,124 128,116,118 128,116,119 124,112,117 125,113,118 127,114,119 117,105,112 125,112,118 
56,81,46 55,77,49 44,66,42 50,71,45 47,70,41 44,65,38 33,47,30 48,63,46 51,62,44 62,65,60 112,105,105 131,121,122 125,116,117 131,121,123 135,125,127 133,124,125 136,127,127 137,129,124 139,131,130 132,125,124 129,121,121 146,140,141 161,157,158 158,155,155 158,155,155 161,158,158 151,148,148 121,119,119 158,155,155 159,157,157 168,165,165 137,130,129 128,121,119 127,120,118 131,123,120 129,122,118 128,121,118 128,121,119 134,125,124 136,126,126 129,119,119 127,118,118 131,120,122 133,123,125 130,118,121 127,115,119 130,117,123 122,110,115 52,45,46 107,97,102 
68,95,57 67,82,61 63,77,56 70,88,66 60,78,47 58,63,47 64,78,59 61,70,56 72,70,68 110,104,104 132,124,123 131,121,121 132,122,123 134,124,125 132,123,125 134,126,127 134,126,125 140,133,131 138,131,129 133,126,125 134,125,126 129,121,116 168,164,164 160,158,158 161,158,158 161,158,158 159,157,157 154,151,151 158,155,156 161,157,159 158,154,155 128,119,120 127,120,120 136,130,127 133,122,117 127,120,118 127,119,117 125,117,116 131,122,121 135,126,125 134,124,125 132,122,122 132,121,122 136,126,127 134,123,125 133,120,123 133,121,125 122,111,115 91,71,72 108,100,104 
46,71,35 237,233,225 238,235,227 236,230,217 230,222,201 225,173,160 217,186,179 187,161,158 109,103,104 131,122,123 138,128,127 130,121,122 138,127,129 132,123,125 131,123,125 133,124,124 138,130,129 141,134,134 137,131,130 135,128,127 139,131,129 132,122,117 142,135,135 165,162,162 170,167,166 163,160,160 159,157,157 159,157,157 166,163,163 159,155,156 124,119,120 123,117,118 124,118,118 124,118,116 129,121,119 127,120,118 128,120,119 124,115,115 128,120,119 133,124,124 130,121,121 128,118,119 135,124,125 134,123,124 135,124,125 133,121,124 132,120,123 134,122,125 66,61,63 123,112,117 
38,60,34 228,225,217 238,235,226 235,229,214 220,199,154 224,195,180 213,176,166 186,154,147 128,118,118 137,127,126 132,124,123 142,132,132 135,125,127 134,126,127 138,129,130 135,127,127 138,132,130 141,134,135 137,132,130 137,131,129 139,132,129 135,128,128 137,132,133 134,130,130 152,148,147 164,161,160 163,160,160 157,155,155 142,138,140 127,122,123 127,120,121 130,123,123 122,116,116 120,112,111 124,116,115 126,119,118 127,119,118 125,117,117 123,115,116 126,118,119 132,123,122 130,121,121 133,124,124 135,124,124 135,124,126 136,124,127 132,120,123 134,121,124 60,59,59 125,114,118 
57,66,51 238,235,227 237,233,223 227,219,197 197,186,157 230,219,199 228,212,196 200,186,173 133,125,123 134,125,125 144,135,133 134,125,127 140,132,132 141,133,133 142,134,134 135,129,130 144,137,137 140,133,133 137,131,130 140,135,133 137,132,131 139,133,132 137,131,131 135,130,130 134,129,128 133,127,128 126,121,121 129,119,114 129,123,124 129,123,124 129,124,124 132,126,125 123,117,116 124,116,114 123,114,113 120,112,112 120,112,113 121,113,114 122,115,115 118,112,113 126,118,118 129,119,119 134,125,126 135,124,125 137,126,127 135,123,126 134,121,125 137,125,128 50,48,49 126,115,119 
61,56,55 237,233,225 234,228,210 232,223,200 218,218,195 230,224,209 235,225,207 205,196,177 134,125,124 142,133,132 133,125,125 129,121,122 139,130,132 135,127,128 138,128,130 140,134,135 141,134,134 136,129,129 138,132,131 142,136,134 138,132,133 140,134,133 138,132,133 137,131,132 136,130,129 134,128,128 138,132,132 130,122,120 131,126,127 130,124,124 121,114,115 131,123,122 125,116,115 124,116,115 125,117,115 128,120,117 125,116,115 126,117,116 129,120,118 130,120,120 126,118,117 121,113,113 123,115,116 129,120,121 135,125,126 135,124,126 136,124,126 138,127,129 66,63,63 128,117,121 
76,79,70 237,234,226 237,233,224 232,221,190 233,225,202 222,214,194 225,217,201 201,192,174 145,135,134 141,132,131 131,122,123 138,129,131 129,120,124 133,125,126 138,131,132 142,135,136 142,135,135 141,135,133 142,136,133 138,132,132 135,129,129 139,133,133 140,134,135 137,132,132 136,130,131 135,129,130 138,133,131 131,126,125 130,124,125 127,123,123 127,121,120 129,120,119 126,117,117 120,113,110 122,115,112 127,118,117 126,117,116 124,116,115 127,119,117 126,118,116 131,122,121 143,135,135 144,135,135 35,35,35 39,39,39 53,57,61 113,114,103 75,78,61 42,42,42 128,118,121 
84,90,86 115,114,111 115,113,110 111,107,96 112,109,101 101,100,96 101,99,94 96,95,90 144,135,136 142,133,135 139,131,132 141,132,134 133,125,128 133,125,127 144,137,137 141,133,134 139,132,132 143,137,135 136,130,129 132,127,128 133,127,128 139,133,133 141,135,135 136,130,131 140,135,136 140,136,136 139,132,132 132,127,127 129,124,123 127,122,121 131,122,122 128,120,118 124,114,114 133,125,124 129,122,118 122,114,113 125,116,115 125,116,116 124,117,117 124,118,117 129,122,120 138,130,129 137,127,126 64,61,61 66,63,64 73,69,70 100,95,85 74,73,64 66,63,64 128,118,120 
82,76,81 64,64,64 66,66,66 39,39,39 30,30,30 30,30,30 30,30,30 42,41,41 142,134,134 139,130,131 140,132,133 137,129,133 139,130,134 140,132,133 144,136,136 143,135,137 140,135,134 137,133,133 135,131,131 140,134,134 132,127,127 138,133,134 141,135,135 136,129,129 134,128,127 133,126,126 135,127,127 132,125,126 131,126,126 116,111,111 90,86,85 91,87,86 88,84,84 103,100,100 95,92,91 85,82,81 88,84,84 75,71,71 89,85,86 87,83,83 89,87,86 79,75,74 91,86,86 86,82,82 84,79,80 81,75,75 83,78,78 92,87,88 81,77,79 76,71,73 
