61,75,26 73,86,31 39,46,24 26,28,22 28,30,23 33,37,23 37,44,22 60,66,31 98,102,82 200,201,203 195,196,198 193,194,197 184,187,194 184,186,193 186,189,196 186,189,195 186,187,192 185,186,192 188,189,194 185,189,194 181,188,196 181,188,195 180,186,193 178,186,193 180,186,192 172,182,190 174,184,192 180,187,196 171,180,188 65,71,50 39,42,28 20,23,18 22,25,19 47,55,26 47,54,26 60,69,27 38,46,18 47,57,21 39,49,22 53,64,22 57,65,20 52,58,19 51,62,19 50,62,24 53,65,23 49,60,19 60,74,21 59,73,24 50,64,24 68,82,28 
37,40,33 40,43,34 39,42,32 37,39,34 37,38,36 33,33,32 37,38,34 41,42,36 59,60,58 199,200,202 194,195,197 194,195,198 183,188,196 184,186,194 186,189,196 187,190,196 186,187,192 183,186,191 187,189,194 189,192,197 186,192,198 181,188,196 179,187,195 178,186,195 181,188,194 177,186,194 184,191,197 187,194,200 160,164,168 78,85,69 26,29,20 34,39,23 28,33,22 51,58,26 53,62,25 32,39,19 35,44,21 41,48,20 45,52,28 36,43,18 35,41,20 38,42,21 45,52,24 59,71,27 47,57,20 44,53,20 37,46,21 28,37,21 29,35,20 49,62,28 
50,53,43 77,79,71 93,95,87 96,97,90 90,93,83 95,97,92 81,83,79 100,101,100 103,103,104 200,201,203 195,196,199 191,193,197 180,187,196 184,189,199 188,191,198 187,190,197 188,190,195 185,188,192 183,186,191 183,186,191 186,188,193 183,187,193 186,191,196 185,191,197 189,193,199 192,196,201 198,201,206 136,140,137 125,129,120 34,40,26 42,47,25 43,51,25 62,71,30 64,74,26 59,67,22 49,61,22 44,54,20 42,52,23 47,53,27 37,46,21 32,38,21 37,43,25 51,62,22 53,66,21 49,65,20 33,42,21 27,33,23 34,45,23 32,42,23 51,61,29 
38,40,35 36,39,32 43,46,35 41,43,34 44,47,35 43,45,34 38,39,36 41,43,39 58,59,56 187,188,187 176,178,173 189,192,198 179,187,197 187,190,199 190,192,198 192,194,199 191,192,197 189,191,196 186,189,194 182,184,189 179,182,186 177,182,186 182,186,191 187,192,197 192,196,202 197,200,206 189,192,195 98,101,90 57,63,41 36,42,27 44,50,23 65,73,28 72,82,25 61,73,23 63,72,23 52,66,18 50,63,21 51,62,22 39,49,21 49,62,21 34,44,21 45,55,24 49,58,25 47,54,23 49,61,22 60,73,26 38,46,24 35,45,22 43,60,22 37,56,17 
36,39,33 53,55,51 65,68,60 61,63,58 61,62,56 38,41,32 39,41,32 38,39,33 40,40,35 92,96,74 129,133,113 191,195,203 185,191,200 188,191,198 190,193,198 193,193,199 192,193,198 189,191,196 184,187,191 177,181,185 176,180,184 176,180,183 177,184,187 187,191,195 197,200,205 199,203,208 158,164,161 59,63,47 60,67,31 41,50,25 45,51,25 66,76,24 51,59,20 47,57,20 45,54,21 55,68,18 60,71,23 50,63,23 53,66,23 40,47,20 23,25,20 25,28,22 24,26,21 30,34,23 36,44,23 42,54,25 42,54,23 46,62,22 41,56,20 42,58,19 
37,45,27 30,38,24 28,35,24 33,40,24 35,41,25 54,61,27 60,69,28 65,71,29 41,43,26 60,63,35 117,123,102 204,206,210 195,199,205 189,194,202 190,194,202 193,194,200 191,192,197 188,190,196 181,183,187 175,180,183 174,178,182 174,178,183 175,181,186 184,189,194 196,200,205 201,204,209 140,144,138 56,62,38 48,56,25 34,39,22 55,61,25 45,51,21 32,37,19 31,38,20 42,52,21 64,76,22 55,67,22 47,58,20 48,60,21 52,63,24 49,61,22 35,43,22 28,33,23 25,27,23 28,32,23 35,45,25 39,52,25 66,82,30 63,80,34 34,46,20 
55,67,31 38,47,25 40,49,27 30,37,22 36,45,24 41,49,24 69,79,30 43,52,22 32,39,25 68,74,50 119,123,110 203,204,208 197,198,203 195,198,205 188,194,204 190,194,202 191,194,200 188,190,196 180,182,187 175,178,183 174,178,183 176,180,186 177,182,187 184,189,194 197,200,205 200,202,207 97,101,86 48,55,30 40,48,26 37,43,27 55,62,27 29,34,21 21,23,19 29,33,21 69,80,28 54,65,21 37,45,25 31,38,21 29,35,23 41,49,24 49,59,21 50,63,23 54,66,23 52,64,25 42,50,27 51,66,25 54,70,25 83,98,42 37,49,25 38,53,20 
43,54,28 44,54,26 51,63,30 30,39,23 33,43,24 34,43,24 60,70,27 43,49,25 41,47,25 57,62,45 142,147,142 196,197,202 193,194,199 193,195,201 190,194,201 191,196,204 195,197,204 189,190,195 181,183,190 176,179,185 177,179,185 182,185,191 182,186,191 188,193,197 201,203,208 202,203,207 86,93,76 38,43,29 32,36,23 39,45,28 27,31,21 19,21,20 29,34,21 63,72,28 67,77,26 35,43,20 39,49,22 31,38,22 40,49,23 56,68,26 43,52,25 43,53,25 48,60,26 58,71,28 50,66,23 51,63,28 39,53,22 40,56,20 52,66,26 54,74,27 
25,31,18 25,30,21 32,40,23 33,42,23 35,47,24 33,41,24 28,35,22 39,47,23 35,43,25 34,40,26 117,123,111 200,203,208 192,196,202 194,197,203 191,196,204 192,196,203 198,200,205 195,196,201 187,190,195 179,182,189 180,182,190 187,188,194 189,191,197 196,199,204 207,209,213 213,213,216 97,102,95 34,40,24 40,45,25 41,48,28 47,51,25 44,53,24 51,59,26 70,77,27 48,55,25 34,43,22 50,61,27 43,53,23 45,58,21 54,64,27 43,51,28 60,71,31 52,65,29 55,68,28 48,61,23 70,87,38 30,39,19 42,56,23 50,64,28 42,57,28 
27,35,16 22,26,15 32,40,23 35,48,21 37,48,24 26,32,24 28,36,25 32,40,24 42,51,26 46,54,28 73,80,58 200,202,203 199,203,208 196,199,205 191,195,203 192,195,203 195,198,206 200,201,206 197,198,202 186,188,195 182,185,191 183,185,192 185,188,195 189,192,199 207,208,213 217,217,221 90,97,89 31,33,23 33,37,25 44,51,28 66,73,26 51,59,24 56,66,23 47,54,24 26,29,22 39,45,26 52,64,22 50,63,25 45,56,25 66,80,28 59,73,33 72,86,35 50,63,29 49,63,25 55,71,29 56,71,30 16,21,14 25,34,17 59,72,26 49,65,27 
29,37,18 33,42,26 26,35,18 34,48,18 36,47,22 26,32,22 25,30,23 37,48,27 57,71,32 48,57,29 60,65,33 139,141,131 207,209,213 199,202,208 199,201,206 201,202,207 200,202,207 200,202,207 202,203,207 197,198,202 185,188,194 178,181,188 178,181,188 180,184,191 187,191,198 205,208,213 94,102,95 35,40,26 43,48,29 37,44,25 40,49,24 40,50,24 36,43,24 26,28,22 30,34,24 57,69,27 44,56,22 53,65,26 50,60,27 47,58,23 46,58,27 32,39,19 53,70,24 54,70,25 51,67,27 48,63,24 48,56,30 28,37,19 53,67,36 55,71,33 
56,75,31 55,76,25 42,55,29 30,40,22 45,60,33 47,58,36 42,54,29 54,69,31 56,69,30 68,80,33 46,57,30 122,127,106 216,217,218 213,212,213 206,207,209 208,207,210 211,211,213 209,210,212 204,205,208 203,204,207 188,190,196 179,182,188 176,179,186 179,183,189 185,188,195 124,133,122 61,71,50 57,67,37 54,64,37 45,52,28 49,59,28 45,51,25 27,29,22 39,44,24 63,74,29 44,53,23 50,57,28 45,55,25 32,40,18 38,48,22 50,63,25 51,65,28 65,80,32 58,74,25 59,75,31 68,86,34 84,100,48 41,56,25 52,69,31 69,85,31 
33,47,23 46,63,26 63,84,36 36,44,22 21,24,17 34,46,26 40,53,30 36,46,25 46,58,29 62,73,33 57,67,34 55,63,35 158,161,143 206,206,206 203,203,206 204,203,206 211,211,211 205,206,208 202,203,205 201,202,205 194,195,200 184,187,193 181,184,192 183,186,193 181,185,191 78,86,59 65,75,40 68,79,41 43,54,29 46,53,32 32,35,26 26,28,24 42,49,26 51,61,27 62,73,33 56,69,28 46,55,27 42,52,26 50,60,27 66,80,32 72,85,35 64,80,31 79,92,40 56,69,29 48,63,27 47,59,26 54,70,33 38,53,24 42,54,27 45,58,29 
39,55,27 31,44,22 24,34,17 37,52,24 43,55,21 32,42,20 36,47,27 37,49,28 43,57,30 51,64,32 60,72,37 43,52,34 65,74,39 162,167,159 196,196,199 199,198,201 203,204,206 204,205,207 202,203,205 201,202,205 207,208,211 192,194,199 184,187,194 182,185,192 166,171,177 64,74,47 68,77,39 57,69,35 43,52,28 44,51,31 40,48,30 44,51,29 46,56,26 58,68,31 67,78,34 62,73,27 59,72,33 50,63,29 56,71,31 56,67,32 73,83,37 82,95,41 58,72,35 49,58,38 48,63,26 62,78,37 46,59,27 45,64,22 42,58,25 30,43,23 
37,50,29 32,45,22 30,39,23 71,90,34 72,92,32 65,82,35 36,45,22 31,43,24 30,41,21 62,77,39 59,69,37 51,62,36 55,66,37 111,120,105 187,188,191 190,190,195 194,194,198 190,192,197 196,197,201 200,201,204 208,209,211 201,202,206 187,188,194 182,184,191 168,172,179 69,78,49 57,65,33 34,39,23 31,34,24 60,72,42 66,79,43 60,71,36 56,67,29 66,77,37 54,65,26 61,74,35 43,54,28 50,60,28 34,44,23 38,46,26 61,74,35 62,77,37 36,42,27 47,56,36 54,66,34 59,79,31 58,76,34 67,86,35 54,69,38 24,29,22 
32,44,28 34,46,25 18,24,16 32,39,20 48,66,23 71,90,36 43,58,28 56,71,36 42,49,28 28,36,21 38,50,26 45,56,32 51,62,35 82,88,80 175,177,182 185,185,191 188,188,193 182,183,189 188,189,194 194,195,199 200,201,205 193,194,199 183,185,191 182,184,191 171,174,178 66,75,42 64,73,40 50,59,35 27,30,23 39,47,28 37,49,28 52,64,32 74,85,41 37,44,23 65,79,37 39,51,23 39,50,24 44,54,29 32,40,19 36,44,29 45,53,37 50,60,34 40,51,29 39,49,26 44,57,26 54,67,31 79,98,42 71,89,39 51,66,33 30,41,22 
38,50,30 35,47,28 25,34,21 31,41,19 44,62,22 40,55,25 42,58,27 45,61,28 48,55,30 41,49,28 37,48,27 42,54,31 46,60,27 120,128,124 180,183,190 182,184,190 186,187,192 186,186,191 185,187,191 189,190,195 197,198,203 197,198,203 188,190,197 177,180,187 149,154,150 66,74,40 47,56,33 56,68,41 52,60,37 45,55,33 22,30,16 26,33,22 33,43,20 23,27,16 32,36,29 35,45,21 31,43,19 26,36,16 50,64,30 60,65,61 45,54,34 43,54,26 46,58,28 42,55,25 48,60,28 53,66,31 76,92,47 62,76,37 67,86,44 75,96,34 
41,53,30 39,57,27 39,57,19 58,78,30 36,47,27 22,28,17 22,27,16 35,48,24 81,94,56 68,82,40 31,40,21 35,43,25 42,56,29 50,65,32 164,169,170 182,184,192 184,185,191 185,186,191 186,187,192 187,188,193 200,201,206 205,206,211 192,195,201 183,186,193 97,104,72 49,55,30 47,56,32 52,63,35 55,65,35 60,73,43 33,42,27 27,35,24 18,25,14 23,31,14 48,48,51 57,65,53 44,55,26 41,52,24 29,38,22 56,61,44 52,63,32 67,80,38 53,64,36 44,55,31 42,51,29 58,75,36 66,82,39 75,94,44 68,87,36 70,88,39 
44,61,28 58,80,29 55,79,25 52,74,20 40,54,30 34,42,23 31,40,22 29,39,17 38,49,23 52,68,30 65,74,42 38,47,25 55,70,37 62,77,40 103,110,95 155,159,157 193,195,201 193,194,199 195,196,201 200,201,205 211,212,216 212,213,217 207,209,214 179,183,181 90,97,70 50,59,32 53,63,37 44,53,30 52,62,36 62,75,43 56,67,45 41,52,33 34,45,21 23,30,16 29,34,27 36,40,32 42,45,38 66,78,38 48,61,33 78,89,56 52,64,36 38,48,26 45,55,29 29,38,19 31,36,28 56,68,33 58,69,36 69,85,41 62,82,32 52,68,32 
26,36,22 26,40,20 40,56,24 50,69,25 35,50,24 42,52,29 31,42,21 30,40,20 34,44,22 38,51,26 51,68,36 57,71,41 61,76,39 72,86,46 73,87,48 130,134,123 193,195,198 202,204,209 186,189,190 157,162,154 135,140,127 161,165,156 127,136,108 79,90,48 62,72,36 62,71,37 56,64,37 53,62,34 65,76,41 51,62,37 57,69,41 34,41,27 36,44,23 31,39,21 47,61,26 53,66,28 52,68,28 42,53,28 53,64,41 51,62,31 46,59,29 46,58,30 61,75,37 41,54,24 38,49,27 23,26,16 37,46,24 78,92,43 76,94,38 73,95,42 
30,40,22 34,42,25 54,70,26 39,53,25 70,90,38 37,46,23 36,44,23 43,57,27 46,62,31 38,49,28 34,47,27 60,76,47 70,91,46 69,85,41 74,85,44 97,106,79 121,129,100 133,141,112 89,100,70 78,90,59 78,88,53 84,97,55 64,78,39 64,77,36 60,71,35 68,75,39 50,59,34 36,42,26 58,66,36 41,47,30 46,54,34 26,32,19 44,51,27 39,48,25 53,66,30 66,80,32 71,88,33 49,61,28 41,48,34 63,73,44 66,82,40 76,93,40 80,100,44 53,65,29 58,74,34 38,50,26 38,46,23 54,68,30 64,83,30 47,63,29 
44,61,35 34,45,26 32,42,23 33,44,19 42,52,26 31,37,19 49,56,23 44,56,22 79,98,47 54,73,37 46,60,30 49,64,40 62,81,41 63,81,44 76,87,45 63,74,35 72,86,40 72,86,39 63,76,39 56,68,41 61,74,35 53,68,30 55,74,27 63,75,31 56,65,34 51,58,34 47,54,31 48,58,34 28,27,23 25,27,20 37,45,28 38,47,23 47,59,28 48,61,28 79,93,40 56,70,29 50,65,28 59,72,36 58,72,32 68,80,39 61,75,35 62,77,31 80,99,42 77,93,44 76,92,40 50,68,26 66,85,37 44,58,24 60,78,34 65,82,33 
33,42,26 32,40,20 27,34,18 29,32,16 27,30,16 36,48,22 46,50,29 41,50,27 47,62,30 51,70,32 47,59,32 48,61,34 66,85,42 53,65,34 69,83,44 93,105,54 56,70,31 56,71,32 63,77,39 59,74,37 58,73,34 59,75,33 53,70,28 71,81,38 68,77,38 67,73,40 50,57,34 37,44,28 30,32,24 25,27,22 43,51,31 56,69,33 73,84,37 69,83,38 64,78,36 59,68,32 60,75,32 71,88,35 73,84,40 72,84,44 59,71,37 54,62,33 71,80,47 54,69,29 57,73,27 70,89,32 65,83,40 63,80,36 71,92,41 75,98,40 
29,39,17 50,63,30 36,44,23 28,29,20 41,48,23 43,51,25 59,59,40 48,57,35 32,34,23 36,42,29 46,57,35 47,61,32 31,39,22 58,77,33 79,96,49 70,81,41 71,83,41 59,75,34 64,81,40 55,70,35 52,65,32 52,66,30 62,76,33 62,70,36 55,61,33 49,55,33 40,46,29 43,51,30 32,37,25 41,49,30 74,85,41 61,75,32 40,47,23 33,38,19 28,32,22 49,53,31 75,87,37 69,82,38 85,88,71 70,73,45 61,71,35 59,68,40 68,81,40 57,72,30 48,60,27 77,93,39 69,84,42 50,56,30 56,69,35 58,75,34 
42,55,26 57,71,29 45,61,29 70,87,31 48,56,28 48,63,32 60,68,38 55,63,37 34,37,22 41,48,33 49,62,36 50,64,34 45,58,30 47,63,29 54,68,34 59,70,38 64,77,36 58,74,35 57,72,37 59,76,37 53,64,32 53,66,30 51,65,28 54,64,29 48,53,29 43,46,29 48,51,32 47,51,30 38,43,27 35,40,24 52,60,29 73,83,40 64,75,38 46,56,25 41,49,25 40,47,25 41,49,24 33,41,21 42,49,26 78,91,40 71,82,43 51,55,32 40,47,24 60,74,31 65,79,36 57,70,32 70,86,39 42,55,25 43,54,26 66,83,34 
55,69,30 70,90,27 62,83,24 67,87,28 57,75,29 56,78,27 58,80,33 57,78,36 27,33,19 33,41,24 41,53,28 46,59,29 55,75,33 41,51,24 54,66,32 54,67,34 70,83,39 61,75,36 64,80,39 56,70,33 71,82,47 55,67,31 50,66,28 59,69,33 40,46,24 44,47,29 42,43,30 35,36,26 34,38,27 30,31,20 29,31,20 38,41,24 43,46,25 37,41,23 49,56,30 33,39,21 33,38,25 37,35,30 63,67,50 72,81,56 100,95,85 111,108,98 70,78,54 27,37,17 50,61,29 61,71,36 69,82,36 70,86,41 49,63,26 73,83,50 
71,85,39 57,72,27 36,49,18 69,86,31 56,75,38 45,64,28 37,48,21 48,70,29 44,60,26 40,49,27 40,51,27 53,73,30 64,91,27 64,85,36 57,70,31 58,70,35 58,70,35 35,39,26 40,45,29 36,42,26 50,51,42 32,35,25 29,34,24 34,41,25 37,43,24 33,38,26 33,35,25 32,34,27 28,28,25 24,26,21 32,35,26 54,55,41 38,36,32 54,51,47 81,79,71 80,80,70 83,90,70 55,51,46 107,110,86 119,115,104 116,107,104 120,112,104 68,73,53 26,36,18 28,36,19 28,34,20 28,26,17 31,37,19 50,62,30 85,90,62 
41,52,27 52,70,26 42,56,25 38,44,20 40,50,30 39,47,25 41,50,24 47,51,29 43,51,27 24,28,20 22,25,18 67,83,36 68,91,38 38,50,25 69,74,51 85,88,66 92,92,76 28,29,27 26,27,25 29,30,25 32,35,31 25,26,24 23,23,23 19,20,22 20,20,22 27,26,26 25,24,27 32,31,29 41,40,37 66,61,58 31,30,26 59,53,42 53,46,38 73,64,55 114,102,88 115,105,89 117,103,88 47,52,35 83,94,54 90,100,59 104,110,75 122,113,99 61,66,43 25,36,18 26,34,19 27,23,19 28,22,17 29,32,19 36,47,24 79,84,57 
47,65,30 54,77,30 43,59,26 60,78,26 50,58,31 68,78,49 60,76,38 80,78,62 92,82,77 77,69,68 30,27,26 69,64,59 58,59,42 41,47,28 133,124,112 102,94,80 69,62,48 64,55,42 66,58,44 62,60,39 66,66,45 60,59,37 63,54,41 62,54,45 69,62,53 88,80,70 76,71,67 72,66,64 63,59,54 63,60,44 51,48,30 89,75,65 60,57,43 72,72,54 97,103,73 97,102,73 88,93,67 39,38,27 67,75,40 66,78,38 81,90,50 89,99,68 56,64,41 32,38,23 31,33,22 25,23,19 30,24,20 39,39,26 62,64,51 101,98,85 
42,56,31 60,76,42 64,75,48 51,64,37 48,54,30 77,88,48 68,81,43 70,83,47 69,75,50 62,59,45 39,36,30 106,99,96 122,117,109 135,127,121 143,133,124 147,135,125 150,136,125 130,116,104 138,122,110 148,133,119 152,136,123 153,137,124 150,136,123 144,129,117 124,111,100 91,84,81 57,52,52 42,43,33 40,45,29 52,61,35 45,46,33 81,85,59 58,65,44 63,69,46 88,102,64 90,106,66 94,108,70 48,46,33 91,104,66 89,98,65 88,99,69 84,97,58 67,73,41 37,41,24 26,26,19 28,25,20 37,28,23 55,49,37 83,78,56 105,100,76 
41,52,26 65,69,47 65,66,49 30,33,19 48,42,38 82,81,51 63,72,38 59,71,35 60,69,35 54,61,33 33,31,24 66,65,58 92,89,82 89,86,76 107,100,97 120,112,106 128,118,112 135,124,116 143,130,122 145,132,123 148,134,122 143,129,118 139,124,114 134,119,108 110,96,82 54,49,49 44,40,40 42,42,28 50,46,30 52,58,32 58,54,39 64,75,45 57,66,43 57,62,44 77,91,55 81,99,58 90,104,64 56,61,47 87,105,60 90,104,63 95,100,68 65,67,44 41,43,21 43,45,23 39,41,21 31,27,21 46,36,33 46,46,26 52,55,26 59,62,30 
75,75,46 123,114,120 103,103,102 36,33,25 57,51,53 75,73,52 56,51,35 47,56,31 48,57,32 46,52,30 45,36,27 45,45,29 66,60,52 84,77,71 89,85,80 98,93,85 111,103,97 124,113,107 130,118,112 138,126,117 139,126,117 139,126,117 140,126,117 136,122,111 127,113,101 90,80,71 70,63,59 71,63,51 54,50,32 45,46,27 61,40,29 57,62,38 59,59,41 64,56,47 72,65,56 74,66,58 74,63,58 51,41,38 80,78,60 78,77,59 75,73,56 62,63,45 40,39,29 30,28,21 32,29,20 45,37,32 51,39,32 37,34,23 35,35,21 46,46,26 
86,70,63 126,116,128 118,109,117 33,25,22 49,46,41 53,49,30 51,41,33 41,48,26 42,49,28 41,42,26 48,36,26 49,45,34 58,55,52 76,70,60 90,81,72 94,86,76 108,99,94 120,110,104 133,122,115 141,130,121 142,130,122 146,134,125 146,132,123 142,128,118 139,124,114 126,112,102 103,92,83 91,82,69 87,78,66 69,58,44 63,50,36 60,52,38 62,50,33 70,49,39 78,70,58 70,64,59 79,70,73 75,59,55 76,69,71 76,71,66 64,60,58 59,52,48 58,48,42 63,58,48 53,53,38 81,68,59 93,72,66 58,50,40 43,39,29 48,45,34 
120,109,118 101,95,101 69,60,56 65,51,46 51,43,35 47,38,29 46,43,29 39,46,24 36,41,22 44,38,27 48,39,29 57,49,41 68,58,50 88,78,66 99,88,76 102,94,84 112,101,95 124,113,106 141,129,121 145,135,126 146,136,127 149,137,128 150,137,128 146,132,122 145,131,121 139,124,116 121,107,99 102,93,82 93,84,73 103,89,80 94,75,65 66,50,44 56,46,36 64,56,34 66,67,30 72,63,50 68,60,44 81,48,46 73,63,60 74,65,62 77,66,61 70,57,50 69,53,46 69,65,36 62,65,33 71,39,32 81,42,36 73,60,42 69,66,44 67,66,48 
76,68,69 47,40,38 53,44,43 104,82,75 62,47,37 47,45,28 37,42,21 33,36,21 42,38,27 57,48,38 68,59,47 58,51,44 79,72,62 86,79,69 96,88,77 111,101,93 118,108,100 132,119,111 144,133,125 146,135,128 149,138,130 151,140,132 151,139,132 149,136,129 149,134,125 144,130,121 142,128,119 117,104,95 118,106,99 118,104,96 112,96,91 97,83,78 80,63,58 72,61,44 64,53,38 59,51,36 69,79,27 78,53,43 64,72,31 79,74,44 77,60,50 69,53,46 53,41,38 49,50,28 58,66,25 68,59,37 91,61,54 65,53,44 59,57,37 64,63,44 
79,71,72 74,69,64 71,53,46 100,43,35 56,36,23 39,38,22 39,36,23 40,36,26 60,51,39 73,63,52 76,68,60 87,77,68 91,80,73 103,91,83 117,107,98 127,117,110 133,121,113 143,130,121 144,132,124 147,137,130 150,140,133 153,143,136 153,143,135 153,141,135 154,139,130 155,140,130 153,137,127 150,134,125 127,111,103 121,108,101 119,104,98 109,94,90 105,91,88 100,85,81 74,59,55 51,44,39 59,52,41 72,57,50 58,67,34 72,76,36 67,51,44 70,56,47 65,51,46 58,47,41 62,58,36 68,70,39 82,67,52 71,61,51 57,50,43 64,50,49 
87,77,79 59,51,45 53,37,30 107,64,55 53,40,29 41,31,27 52,38,31 59,46,37 73,64,57 75,66,58 84,74,64 91,80,72 96,85,77 111,100,90 124,113,104 123,112,103 140,128,118 148,136,128 147,135,127 149,137,131 151,140,132 154,144,136 154,143,136 153,141,136 154,141,134 158,143,133 160,144,134 158,142,135 151,136,129 128,113,105 119,106,101 111,98,94 109,95,92 106,90,85 105,91,89 103,88,85 85,72,68 83,65,62 87,75,58 80,64,54 74,59,55 77,62,53 71,55,51 79,59,54 75,61,49 86,70,56 89,70,59 71,63,47 59,46,43 66,51,51 
51,45,38 39,32,26 76,62,54 110,88,76 60,47,37 61,47,36 79,62,51 79,67,61 77,67,59 89,77,68 88,77,69 105,93,85 122,112,104 138,129,123 143,134,126 131,119,110 146,133,123 151,138,130 145,133,127 149,138,132 151,140,133 152,142,135 151,140,132 152,139,132 150,137,130 149,137,131 152,138,130 154,139,133 152,138,132 145,131,124 142,127,121 124,110,105 110,98,94 105,94,90 110,97,94 108,96,93 109,96,94 119,106,102 122,107,103 120,107,102 120,106,103 120,109,106 124,112,110 125,112,109 123,111,109 122,111,108 123,113,108 123,112,107 117,105,99 86,73,71 
51,41,33 73,59,47 81,67,55 94,76,62 85,69,55 88,73,62 78,67,59 85,74,62 91,81,72 122,111,104 136,129,123 115,111,107 120,115,112 154,148,144 158,151,145 144,131,121 145,131,123 146,134,126 144,132,124 146,135,128 145,135,128 152,140,131 153,141,134 154,140,132 147,134,127 150,138,130 151,139,133 154,141,135 159,146,140 154,140,133 152,138,132 150,135,130 134,122,118 119,107,104 112,100,96 114,102,99 114,103,99 107,95,91 102,89,85 102,90,88 104,92,88 102,90,86 106,95,91 110,98,93 109,95,90 113,100,97 110,97,90 114,101,93 117,103,97 115,102,95 
85,71,58 94,79,65 90,74,61 103,85,72 98,83,73 80,70,62 99,85,72 117,105,97 147,139,134 123,116,113 117,113,110 145,140,137 145,139,136 140,133,127 126,115,106 133,120,110 142,129,120 146,134,126 145,135,127 147,135,126 148,136,128 147,135,126 146,132,124 144,131,122 143,131,123 147,135,128 151,138,132 153,140,132 152,140,133 152,139,132 154,141,135 151,137,132 139,123,118 134,121,117 131,120,116 121,111,110 120,110,109 118,108,104 110,100,97 113,104,102 116,105,103 117,108,105 108,99,98 108,100,96 114,105,101 112,101,98 110,100,95 112,102,96 102,91,85 112,97,90 
93,78,65 95,77,67 111,93,82 100,85,77 92,79,71 110,94,83 114,99,91 155,147,143 147,141,138 140,134,132 145,138,134 137,128,122 119,109,103 114,104,97 122,110,101 133,120,111 142,130,121 143,132,123 142,131,121 143,131,121 141,129,120 139,128,118 140,127,118 145,131,123 148,136,128 151,138,131 147,134,127 146,134,128 151,139,133 152,141,135 154,142,139 150,139,136 145,132,129 151,140,137 147,135,132 139,126,122 134,123,120 129,120,115 123,113,110 122,114,113 125,116,113 120,111,107 114,106,102 121,113,110 119,109,106 119,110,106 113,104,101 114,104,100 104,96,90 105,96,90 
98,81,71 116,99,91 93,82,76 92,81,72 104,92,84 103,91,85 104,91,87 113,104,100 117,108,104 111,102,95 107,97,91 115,103,96 116,105,98 120,109,102 138,125,115 149,137,125 140,129,119 138,126,118 142,129,120 140,128,120 138,127,118 136,126,116 140,127,118 141,129,120 143,131,123 149,138,132 149,136,128 149,138,133 150,138,131 157,146,140 147,136,133 151,139,137 153,141,138 143,133,131 150,140,138 150,140,138 149,138,135 151,140,137 140,129,126 138,127,122 142,133,129 138,129,127 123,115,113 126,118,116 128,118,114 128,117,112 120,111,107 116,109,106 56,44,44 110,104,102 
114,101,95 94,87,82 104,95,86 108,99,89 107,92,82 113,97,93 111,99,96 99,92,86 106,98,88 118,107,102 118,107,101 110,100,94 119,108,101 132,119,111 147,134,124 149,137,125 149,137,126 144,132,123 141,130,121 141,130,119 137,126,116 138,127,117 145,135,125 146,135,128 148,137,131 150,139,132 153,141,134 148,137,131 149,138,133 151,140,135 145,134,131 147,136,134 147,135,132 146,135,132 147,138,135 158,149,147 157,147,143 154,143,142 154,144,143 151,141,139 142,132,130 146,136,135 140,130,129 144,135,133 139,130,128 133,122,120 127,116,112 125,116,114 86,74,74 101,94,90 
81,77,73 238,235,226 237,234,226 234,227,208 230,189,172 211,165,157 214,177,173 185,151,148 126,116,112 123,112,107 113,102,97 117,105,100 131,120,112 143,130,121 150,135,125 148,137,126 149,138,129 146,136,128 140,131,122 143,132,122 140,129,118 146,136,127 148,137,128 148,138,130 149,138,131 145,135,128 154,144,136 153,143,136 152,143,137 149,138,134 148,138,133 143,132,129 146,135,132 149,140,137 148,138,135 153,144,142 154,145,143 159,149,148 158,149,147 157,148,146 155,147,145 155,146,144 152,141,140 144,135,133 146,137,134 143,134,132 136,127,125 146,136,134 71,68,68 134,125,123 
87,85,69 233,229,221 238,234,224 234,228,214 215,191,148 221,194,185 218,186,175 194,168,163 122,111,107 116,105,101 113,103,98 122,111,106 132,121,113 144,132,124 151,139,130 148,138,128 145,134,123 145,136,128 144,135,125 144,134,123 146,136,126 146,136,127 148,138,129 146,136,128 149,138,130 148,137,130 148,138,131 147,138,132 154,145,140 151,140,137 154,144,141 151,140,138 151,142,140 150,142,139 153,143,141 148,139,137 154,146,143 153,144,142 158,150,148 153,145,143 157,148,147 157,148,146 151,141,140 156,147,144 157,148,145 153,144,141 145,137,134 142,133,129 62,60,60 130,122,119 
107,94,88 238,235,227 236,231,219 225,217,193 198,186,156 226,207,194 224,201,187 197,179,168 122,111,108 130,118,114 127,116,111 125,114,108 140,129,122 148,137,130 148,138,129 141,132,124 144,134,124 142,134,127 141,132,123 143,133,123 144,135,125 147,136,127 149,138,129 144,133,126 144,133,127 142,132,126 146,136,129 151,140,133 147,138,133 154,144,140 153,143,140 155,147,145 150,141,140 154,145,143 151,144,142 153,143,142 145,136,132 154,147,145 158,151,149 155,147,144 155,148,145 156,148,146 155,146,144 157,148,144 157,147,145 153,143,141 156,148,146 155,146,144 53,52,52 139,131,128 
113,103,100 236,233,225 233,224,199 232,224,203 217,218,196 232,225,207 234,225,205 203,195,177 131,121,116 121,111,106 130,119,114 130,120,113 148,137,129 149,138,130 148,138,129 142,133,124 139,131,123 139,132,124 137,129,120 147,137,127 148,138,127 144,133,124 143,132,123 140,130,122 148,137,129 147,137,129 149,139,132 150,139,131 148,139,133 153,142,138 154,144,141 154,145,143 150,143,142 149,140,138 150,142,140 146,137,135 154,147,145 144,134,131 153,147,145 153,147,144 153,145,143 152,143,141 155,146,144 151,141,139 159,150,148 161,153,151 159,151,148 160,152,149 72,70,70 144,135,133 
114,100,93 238,234,226 235,228,211 232,221,191 233,226,206 231,222,199 234,224,202 204,195,175 119,109,105 122,113,107 129,119,114 141,132,124 145,134,127 147,136,128 142,133,124 144,136,128 136,128,121 138,131,124 140,130,121 138,127,118 138,127,116 142,132,122 147,136,127 145,135,126 146,135,128 145,134,128 146,135,129 147,136,130 148,138,132 149,139,133 154,145,141 154,146,144 150,143,141 150,142,141 149,141,140 148,139,138 150,143,141 152,145,144 143,135,132 149,143,140 146,137,136 159,152,151 163,156,155 36,36,36 39,39,39 53,58,61 113,114,103 75,78,61 42,42,42 150,144,142 
119,102,93 115,114,111 114,112,107 111,106,94 112,109,102 111,108,99 109,109,101 105,101,94 127,117,112 134,125,120 142,132,127 140,131,123 140,131,122 145,134,125 142,132,123 139,131,123 139,132,124 133,127,119 128,119,110 133,123,113 137,125,115 142,132,122 145,134,124 146,135,126 146,138,131 145,138,132 142,131,123 144,134,128 145,136,129 145,137,132 147,139,135 151,144,141 148,140,138 149,142,140 145,137,135 148,140,140 144,137,137 155,148,147 154,148,147 142,135,133 154,146,145 155,147,146 154,147,146 71,69,68 73,71,70 78,76,76 109,105,93 90,90,78 75,72,71 152,144,142 
99,93,89 64,64,64 66,66,66 39,39,39 30,30,30 30,30,30 30,30,30 41,40,40 133,123,119 139,130,125 139,131,125 139,130,122 137,128,118 141,132,124 144,135,127 136,128,121 137,131,124 134,128,120 124,117,108 132,121,111 131,122,112 142,131,122 143,132,122 144,131,123 143,130,122 141,131,122 124,115,109 94,90,87 97,93,90 93,89,87 99,95,93 98,94,92 94,90,90 97,94,93 89,86,85 100,97,96 95,92,91 99,96,95 92,89,88 98,95,94 96,92,91 93,89,89 89,86,85 92,88,88 100,96,96 105,102,101 91,87,86 104,101,100 101,98,97 92,88,88 
