20,22,17 23,25,19 30,34,22 27,30,21 30,31,25 25,26,21 24,25,21 25,27,21 28,30,22 37,38,32 39,40,36 34,38,30 31,36,27 145,149,146 196,200,203 190,194,197 187,191,194 189,193,197 192,195,199 197,198,200 196,197,200 194,195,199 193,194,197 192,193,196 188,189,194 187,188,195 181,184,193 186,188,194 175,176,173 102,103,89 71,78,48 79,85,57 126,132,116 196,197,200 193,194,197 184,188,195 184,188,197 190,192,199 192,193,199 193,194,199 190,192,198 188,191,196 185,187,192 184,187,194 185,187,193 185,187,194 187,190,195 186,189,195 181,184,191 181,184,190 
32,33,32 35,36,34 32,32,31 34,34,34 43,42,42 35,35,34 34,34,33 34,34,34 30,30,29 36,38,34 51,52,50 30,32,27 37,40,32 76,82,74 198,202,205 192,196,199 188,192,195 188,192,195 192,194,198 198,199,201 196,197,201 192,193,196 192,193,195 192,193,196 190,191,196 190,191,196 181,185,193 192,193,197 136,138,120 58,65,33 46,53,28 50,56,35 112,115,105 197,198,200 194,195,197 184,188,197 184,189,199 190,192,198 193,194,199 193,195,200 192,195,201 191,193,198 191,193,197 193,194,199 194,194,199 193,194,199 194,195,200 189,192,197 185,188,193 186,189,194 
41,42,41 70,70,69 86,87,86 89,89,88 83,83,83 92,92,91 80,80,79 91,91,91 68,68,67 37,37,33 43,46,39 43,46,40 28,32,23 62,67,60 199,203,206 191,195,198 188,192,195 187,191,194 188,191,194 195,196,200 193,194,198 191,192,195 192,192,196 192,193,195 191,192,197 192,193,198 189,190,197 191,191,193 71,76,53 43,49,27 32,36,22 30,36,20 139,142,136 197,198,200 194,195,197 181,188,196 187,190,199 190,193,200 190,193,201 190,194,203 197,199,204 196,197,202 198,199,204 200,200,204 200,201,205 201,202,206 199,200,205 190,192,197 188,190,195 188,191,196 
38,38,38 38,38,38 34,35,33 33,34,33 34,34,34 33,33,33 34,34,34 33,33,33 31,32,31 28,28,24 24,27,20 26,30,21 34,35,28 63,67,62 191,194,198 187,191,194 187,191,194 186,190,193 189,192,196 194,195,199 192,193,197 191,191,193 191,192,194 194,195,197 194,194,197 192,193,198 192,193,197 198,198,200 74,77,59 45,53,26 34,40,22 39,47,23 131,133,112 197,198,200 192,194,197 183,189,198 188,192,200 189,194,204 191,196,205 193,196,205 199,200,206 200,201,205 201,202,206 202,203,207 204,205,208 203,204,208 201,202,206 194,195,200 198,199,203 197,198,203 
44,43,45 67,67,68 59,59,58 57,57,57 56,56,55 30,30,29 32,32,31 36,36,34 31,32,30 39,39,36 23,25,19 23,26,19 38,43,33 98,102,100 196,198,200 183,187,189 183,187,189 186,190,193 188,191,195 193,193,198 194,195,200 191,191,194 191,191,194 194,195,197 195,195,197 193,194,196 192,193,196 191,191,191 90,94,76 53,66,25 40,49,24 50,55,24 119,123,101 197,198,200 191,194,199 187,192,201 191,195,202 187,194,203 192,196,203 194,197,204 198,200,206 197,200,206 202,203,207 203,204,208 203,204,208 202,203,206 202,203,205 206,207,210 209,210,212 203,204,208 
36,35,33 66,62,65 27,28,24 21,20,18 19,19,17 18,17,16 37,39,29 24,23,20 34,39,26 51,51,47 27,30,21 26,30,20 28,33,23 46,52,41 189,192,193 181,185,186 183,187,189 187,191,194 189,192,195 194,195,199 195,195,199 192,193,196 191,192,195 195,196,198 196,196,198 192,192,194 190,191,193 157,158,149 58,65,39 39,47,21 31,38,21 46,52,25 150,153,143 177,179,172 180,184,183 200,201,207 198,199,205 191,194,201 190,195,203 191,195,204 193,197,205 202,204,209 207,208,210 204,205,207 202,203,206 199,200,203 202,203,206 209,210,212 212,213,215 210,211,213 
38,39,38 52,51,46 31,32,22 20,19,16 27,30,19 27,29,19 27,31,18 33,38,22 37,40,24 52,53,38 27,30,23 24,30,19 30,35,21 69,73,66 185,188,189 180,184,185 183,187,188 186,190,192 186,190,192 193,195,198 193,194,197 193,194,198 193,194,196 196,196,198 194,194,196 187,188,190 181,182,179 110,114,91 42,49,26 51,62,26 37,45,23 39,46,27 147,149,143 113,117,93 180,182,180 196,197,202 193,195,201 191,196,203 192,195,204 197,199,205 207,207,211 211,212,214 205,206,208 201,202,204 200,201,204 200,201,205 204,205,208 205,206,208 209,210,212 203,204,208 
30,30,26 34,36,30 23,24,18 24,26,18 34,39,24 34,39,20 30,34,21 35,42,22 33,37,23 35,42,24 38,40,34 32,35,28 26,31,20 98,101,98 182,184,186 183,187,188 183,187,188 188,192,193 188,192,193 193,196,198 195,196,198 192,193,196 191,192,194 193,194,195 186,187,189 185,186,188 154,156,142 79,85,55 42,49,20 28,35,20 22,26,20 37,44,25 64,68,46 77,80,58 170,173,170 193,195,200 195,198,204 193,196,202 199,200,206 208,208,210 211,211,212 206,207,209 204,205,207 203,204,206 202,203,205 200,201,205 204,205,208 205,206,209 202,203,207 199,200,205 
44,43,44 18,21,16 21,22,17 22,22,17 30,33,21 30,32,20 39,45,25 34,36,26 33,39,25 28,31,22 29,34,23 24,27,20 25,30,19 41,45,40 113,117,112 188,189,191 183,186,188 189,193,194 190,193,194 195,196,198 194,195,197 189,190,193 191,191,192 191,191,191 189,189,189 190,190,189 175,177,170 57,67,28 54,65,23 51,62,24 66,80,25 65,73,33 45,50,25 89,94,73 188,191,194 195,199,205 196,200,206 198,201,207 205,205,209 210,209,211 213,213,212 206,207,209 203,204,206 200,201,203 199,200,203 196,197,201 197,198,203 198,199,204 197,198,203 201,202,206 
33,33,31 18,20,17 18,19,16 19,20,16 23,23,17 29,28,23 25,30,21 25,27,20 33,37,24 32,36,22 26,28,24 26,27,23 27,31,21 41,43,35 55,60,52 106,107,107 138,141,140 194,196,198 195,196,198 194,195,197 189,190,192 187,188,190 191,191,190 191,190,189 188,188,186 192,191,189 187,189,183 57,66,33 55,67,22 57,70,23 69,80,30 57,67,25 36,42,24 47,54,33 183,187,188 206,208,213 204,206,210 206,207,210 207,207,209 203,202,205 206,207,208 202,203,205 193,194,199 192,193,198 194,195,199 192,193,198 194,195,200 195,196,201 200,201,205 206,207,211 
17,18,16 18,19,17 21,24,18 21,21,18 19,19,15 27,27,22 22,25,17 28,30,22 34,35,28 32,33,24 55,53,50 44,45,40 24,28,19 27,30,21 57,60,55 55,58,52 130,133,132 204,205,206 200,202,201 190,192,191 188,189,190 187,188,189 191,191,190 194,193,190 192,192,190 197,196,193 110,113,89 51,61,25 57,70,24 58,73,25 41,49,23 61,70,27 39,46,25 38,45,27 97,101,75 210,211,213 215,214,214 203,204,207 202,201,203 198,197,201 198,198,201 189,191,196 185,185,191 186,187,192 187,188,193 188,189,194 191,192,197 194,195,200 203,204,208 207,208,212 
15,16,15 17,18,16 19,21,16 17,18,15 17,17,15 19,19,15 24,23,19 22,25,19 36,35,29 25,27,18 36,38,31 24,24,22 23,26,19 26,30,19 47,53,42 77,79,76 113,116,113 212,214,212 205,205,204 190,192,190 186,188,187 187,188,186 192,192,190 196,196,192 196,197,192 167,168,157 75,85,44 51,63,25 41,52,25 32,42,22 35,44,24 40,48,23 39,49,26 45,52,29 64,71,41 185,186,178 200,200,197 197,198,200 193,193,197 191,190,195 191,191,196 182,184,190 183,184,189 185,186,191 186,187,192 186,187,192 188,190,195 196,197,202 207,208,212 211,212,216 
16,18,17 15,17,16 17,18,16 17,17,15 17,17,15 21,21,18 21,21,18 23,25,19 31,34,24 20,22,18 31,34,25 52,50,48 24,29,21 25,31,19 44,50,37 83,84,83 80,84,77 209,210,208 197,197,195 189,190,188 187,189,187 187,188,186 192,192,190 195,196,193 198,200,195 119,124,108 62,74,35 46,61,25 36,47,25 37,46,25 31,40,23 31,38,25 47,60,29 63,75,31 42,51,30 63,72,35 118,126,108 181,184,185 187,187,192 187,187,192 188,188,193 185,186,191 185,186,191 186,187,192 186,187,192 187,188,193 191,192,197 207,208,213 213,214,218 216,217,221 
21,24,19 19,20,20 18,19,18 18,19,17 16,18,16 16,18,16 22,25,19 19,20,18 22,25,19 21,23,18 28,32,25 52,51,45 28,33,23 27,33,20 29,36,20 86,91,81 175,177,174 195,196,193 189,190,188 185,188,185 186,189,185 189,189,187 192,192,191 195,197,194 195,197,192 71,81,55 53,66,32 47,62,27 42,53,27 39,49,24 32,42,23 32,40,25 53,66,31 64,75,34 56,67,37 51,59,34 65,76,52 137,141,139 182,184,189 184,185,190 186,187,192 187,187,192 185,186,191 186,187,192 189,190,195 194,195,200 205,206,211 207,209,211 134,140,125 112,118,98 
21,23,20 19,21,19 18,18,18 20,20,21 17,20,18 18,19,17 52,50,47 27,28,22 21,23,18 22,26,20 30,34,23 20,23,18 26,30,23 26,31,22 27,34,22 71,77,66 187,189,186 185,188,185 181,184,182 182,187,184 185,189,186 188,190,188 192,193,192 193,196,195 183,187,182 52,65,35 39,50,26 31,41,22 25,32,18 26,33,19 46,58,30 36,48,27 38,50,27 54,66,32 53,65,34 49,60,35 57,65,51 165,169,175 180,183,190 183,184,190 184,185,191 184,186,192 187,189,194 193,194,199 202,203,208 207,208,213 211,212,216 182,185,185 91,98,72 82,91,56 
25,28,22 17,17,18 18,19,18 18,19,17 15,16,17 18,19,18 27,28,24 21,23,18 19,22,17 18,20,17 20,21,18 24,26,23 33,34,31 34,38,32 27,33,22 48,56,44 165,168,165 183,186,183 180,185,181 184,188,185 185,190,187 187,191,190 195,197,195 202,202,201 120,130,115 45,59,35 37,48,31 36,45,26 34,43,23 40,53,26 24,30,19 36,49,28 37,50,27 49,63,33 42,55,29 47,60,29 79,91,69 152,160,156 183,186,194 184,186,194 189,191,198 195,197,202 198,199,203 203,204,209 169,174,169 118,126,107 127,132,123 131,138,114 71,82,41 73,87,37 
23,27,23 21,22,22 17,17,19 18,19,18 20,21,19 21,23,19 31,32,29 23,27,20 21,23,19 19,21,18 20,21,19 23,25,21 28,30,24 24,28,23 31,37,27 42,51,37 156,160,155 186,189,186 185,190,187 186,191,187 186,190,187 187,192,192 198,199,198 193,195,195 88,100,78 34,43,27 35,47,28 35,45,25 41,55,27 45,61,26 50,65,24 46,58,28 43,51,29 27,35,20 38,49,28 43,56,31 40,53,24 67,79,57 137,143,139 156,159,158 203,204,209 203,205,210 203,205,210 173,177,172 84,95,60 72,84,52 67,79,46 61,70,46 61,71,34 43,54,28 
23,24,24 31,31,33 17,17,19 22,25,19 25,26,24 20,22,17 26,27,23 24,27,20 25,28,22 19,20,18 27,27,26 20,22,19 23,25,21 23,25,20 33,39,29 41,49,37 154,158,152 184,189,185 182,188,184 184,189,185 188,194,191 175,179,179 200,202,201 177,180,181 45,57,38 25,33,22 40,53,32 38,51,29 35,45,26 31,42,22 65,84,31 53,70,32 51,63,33 62,73,38 30,38,21 42,53,28 63,79,43 76,90,46 80,91,59 160,162,163 148,152,145 168,174,163 141,149,128 90,101,67 66,78,47 74,87,54 59,71,41 62,75,36 67,80,38 60,75,33 
20,23,24 18,20,21 21,22,21 23,28,21 26,28,25 21,23,19 18,18,17 16,17,16 27,28,25 29,30,28 19,19,18 18,18,18 20,22,18 24,26,22 29,33,26 68,75,65 158,163,157 179,185,181 177,184,179 178,187,183 184,193,190 123,128,132 194,197,199 177,180,181 58,70,51 34,46,27 33,45,26 27,35,23 37,49,29 25,33,20 33,45,20 26,35,20 47,60,32 57,73,34 59,71,41 56,69,37 70,85,46 66,79,42 67,80,41 118,125,101 114,123,86 91,104,48 71,84,39 65,76,41 55,66,36 52,63,40 55,67,36 65,78,35 53,68,29 54,69,33 
19,21,22 20,21,21 18,18,20 20,21,19 37,38,34 18,18,18 16,16,16 23,24,23 31,32,30 29,30,28 19,20,18 18,18,18 20,21,20 24,29,22 53,55,50 77,81,72 156,160,155 175,183,178 172,182,177 172,185,179 179,192,188 111,117,121 170,174,179 199,202,206 107,114,110 34,43,28 28,37,22 31,41,24 38,50,29 42,60,25 44,60,29 31,39,21 29,37,19 39,52,26 46,62,37 66,87,47 74,93,46 75,88,45 71,82,41 64,74,35 67,82,38 70,85,40 58,73,33 63,75,38 66,81,41 60,74,39 58,74,35 57,72,34 66,83,37 65,80,37 
22,25,24 21,23,23 27,30,27 19,19,18 24,24,23 21,21,21 16,16,16 24,25,25 31,34,32 27,28,25 21,23,19 20,20,20 19,20,18 23,26,21 29,32,24 47,51,39 93,92,83 117,120,113 128,134,127 110,115,105 139,149,145 118,127,131 150,157,165 189,194,203 84,95,78 43,53,38 48,61,38 57,70,45 42,58,30 48,68,27 45,61,26 35,43,22 43,58,29 42,54,29 42,54,31 53,72,42 59,78,40 56,69,37 90,102,54 85,96,49 53,67,30 56,70,30 60,76,35 66,82,41 60,74,38 57,74,35 49,64,32 55,70,32 48,60,31 46,58,29 
22,23,25 18,19,21 23,25,23 19,20,19 17,17,17 18,18,18 18,18,18 23,26,23 53,56,55 62,66,65 26,30,21 23,24,21 21,22,20 26,28,22 33,37,26 55,63,37 72,78,50 79,77,61 71,78,60 77,82,71 105,116,110 65,79,74 124,133,140 193,197,207 132,138,140 50,61,43 55,72,38 45,62,30 30,42,23 37,49,23 52,68,31 38,44,20 57,72,31 60,81,39 47,62,32 57,73,37 55,71,37 64,80,40 70,84,44 81,93,47 66,79,39 59,73,31 62,77,37 66,84,41 60,78,38 56,71,35 55,71,35 43,53,30 55,67,31 57,69,33 
26,31,28 23,26,26 21,25,23 20,23,20 19,19,18 29,26,21 18,18,17 22,24,22 30,32,31 38,41,38 49,63,28 27,31,22 23,24,21 25,28,21 43,54,22 49,65,24 54,72,24 56,76,23 58,79,28 64,83,38 76,97,66 58,79,43 111,123,120 132,143,137 84,97,74 54,70,40 41,56,31 35,45,25 37,50,27 31,41,23 29,33,17 44,51,28 36,44,25 42,53,29 43,52,32 42,53,29 35,47,23 74,95,44 67,82,43 71,81,40 74,86,44 63,78,35 62,78,39 62,78,40 61,78,39 70,90,42 47,61,32 46,56,30 60,73,33 59,72,33 
26,34,28 21,26,25 20,24,24 22,27,23 39,35,24 38,32,23 41,34,24 36,34,28 28,29,28 26,27,27 30,38,24 29,34,23 29,35,22 43,60,23 45,62,22 48,69,19 49,70,21 53,74,22 52,74,24 45,69,25 41,62,26 33,55,28 49,70,38 61,78,54 64,82,53 45,58,33 36,48,26 41,55,31 34,45,25 42,52,25 38,44,23 54,59,34 51,57,35 37,41,29 52,65,38 48,63,33 43,57,27 45,59,28 51,63,33 52,63,36 68,81,38 62,77,35 56,69,33 51,62,33 59,75,36 61,78,34 47,59,31 60,74,35 59,72,33 63,74,34 
28,37,27 44,49,40 34,40,27 34,40,25 34,32,24 49,38,28 42,37,29 40,37,30 61,66,44 62,72,32 49,57,23 33,39,27 39,53,26 44,62,25 47,67,24 46,67,22 47,68,23 48,70,24 47,69,25 39,59,26 35,55,27 31,50,27 29,47,26 46,63,38 55,73,47 53,69,38 39,51,29 34,45,27 33,45,23 61,79,29 64,83,30 56,77,31 47,63,31 29,35,22 44,56,29 44,58,29 57,78,31 47,56,26 57,69,34 56,71,34 62,75,32 67,81,39 62,75,37 65,78,40 63,78,38 59,75,32 52,65,31 56,66,34 125,125,110 73,78,48 
32,48,29 40,53,31 65,82,35 51,60,29 50,45,33 60,46,36 66,54,44 82,77,59 83,90,56 50,60,31 42,51,20 42,51,24 34,47,24 41,57,23 47,64,23 44,65,25 46,66,24 46,65,26 44,66,27 41,59,30 34,53,29 33,52,29 28,45,25 34,49,30 50,62,48 58,71,39 37,47,25 36,46,25 39,50,28 53,68,27 54,69,31 41,54,25 45,64,26 37,46,24 40,52,26 66,90,34 71,97,36 58,77,31 52,64,30 57,70,35 63,76,40 38,45,28 26,27,24 36,39,29 29,32,25 30,34,24 29,33,26 28,31,25 45,46,44 23,24,23 
44,60,30 47,61,26 39,50,26 52,58,36 92,77,61 42,39,33 68,53,41 70,54,41 85,79,68 43,50,35 32,34,25 40,46,27 31,37,25 63,74,24 59,71,21 55,68,24 40,51,24 47,65,32 47,69,33 38,57,28 33,49,31 27,38,24 22,31,20 33,48,27 91,109,72 92,110,73 64,77,49 60,69,46 63,78,46 50,68,30 47,57,25 54,64,36 66,68,47 53,49,45 19,20,15 67,80,40 53,70,33 45,51,31 83,87,62 85,87,67 97,97,79 71,73,62 22,22,24 23,23,25 25,26,25 31,30,26 23,27,24 25,28,24 40,41,42 24,26,25 
44,55,36 40,46,28 39,38,31 58,61,43 59,51,39 30,28,27 84,67,50 72,55,45 90,80,69 56,52,44 41,37,34 40,43,28 25,26,20 46,56,23 39,46,19 35,41,19 33,34,22 38,50,27 44,62,29 40,59,29 31,39,22 22,24,18 23,28,18 32,44,26 93,110,69 91,107,66 93,106,69 76,92,55 53,71,35 56,66,41 45,54,30 71,84,44 72,79,50 76,72,61 36,34,30 96,89,84 54,57,37 72,71,57 133,124,112 91,84,71 63,57,45 45,42,29 44,36,28 35,34,27 40,35,28 47,40,30 28,32,23 28,32,24 46,49,42 32,33,25 
39,47,35 32,37,29 41,38,33 65,59,51 44,41,38 71,62,49 78,58,49 81,58,49 70,66,59 58,49,44 84,71,63 83,77,63 64,77,29 58,70,26 40,49,21 33,38,20 33,34,21 36,47,29 45,62,34 42,60,29 48,62,34 30,34,23 31,39,21 40,50,27 85,102,59 84,101,59 85,100,61 70,86,48 70,86,38 95,91,83 47,46,39 76,76,51 60,71,36 61,66,39 31,29,22 106,101,96 119,115,107 140,131,125 147,135,126 151,137,126 146,131,117 125,113,97 93,80,62 99,84,67 100,88,67 80,75,50 71,71,45 64,63,39 81,82,61 56,59,32 
35,40,29 39,43,37 52,45,41 68,52,43 61,51,47 71,61,55 78,65,54 71,54,48 77,72,69 58,44,46 77,64,60 80,74,57 45,58,18 41,50,19 40,41,21 33,35,22 28,27,19 31,37,26 46,61,32 40,54,29 39,51,30 34,41,27 43,54,28 56,68,42 76,95,55 77,93,53 74,89,50 67,81,45 77,75,58 110,100,107 47,40,38 56,51,35 47,54,32 47,54,31 42,39,29 59,59,48 89,84,76 91,87,79 114,106,103 129,119,112 137,125,118 141,130,121 142,128,119 133,119,109 149,132,120 155,139,125 146,130,114 146,130,113 143,127,110 126,115,95 
45,43,36 33,31,27 69,53,49 91,80,73 89,74,67 70,57,51 44,31,27 65,44,40 70,64,64 72,54,51 54,39,35 71,55,47 55,49,38 38,41,21 38,38,28 37,41,26 27,27,19 45,51,32 49,64,33 37,42,31 33,31,25 37,35,26 39,49,28 50,62,36 67,85,47 67,81,44 70,73,47 81,75,64 98,90,94 63,55,55 77,62,56 48,40,30 39,46,25 41,44,26 46,34,25 49,47,33 65,59,53 86,80,74 91,88,83 104,97,92 118,109,104 129,119,112 135,124,116 142,129,120 145,132,124 147,134,125 145,133,122 150,137,125 151,136,125 152,137,125 
64,47,43 39,35,33 50,40,38 72,57,54 87,64,57 70,52,45 79,59,56 92,76,71 92,77,78 66,49,45 64,47,39 67,58,51 55,46,38 52,40,34 60,45,36 57,66,39 67,86,43 70,91,41 71,93,41 56,69,34 54,50,29 57,40,33 74,70,62 63,66,51 62,69,43 74,66,57 78,71,62 83,77,74 86,77,78 67,60,56 83,41,33 41,42,24 35,38,21 41,38,26 49,40,30 55,48,40 63,58,54 78,72,63 91,83,75 92,86,75 107,99,93 117,107,101 126,115,108 129,117,111 137,124,116 142,128,119 143,130,121 144,132,122 151,136,124 151,135,122 
60,40,40 48,37,38 72,62,59 103,83,75 62,45,40 63,45,46 90,70,66 87,73,64 84,71,74 84,64,54 97,76,69 55,49,41 58,56,43 62,50,44 62,62,38 62,78,39 58,79,35 65,87,38 67,92,40 65,89,40 72,96,38 68,70,39 76,68,55 66,64,56 58,58,54 75,77,65 86,82,74 83,74,72 64,53,51 46,38,30 92,70,59 42,34,26 45,38,29 61,52,41 70,61,49 59,51,44 81,70,60 90,79,68 100,89,77 96,88,78 106,97,91 109,101,97 122,112,106 126,116,110 132,120,113 135,123,115 141,128,120 145,132,121 145,130,118 141,125,114 
54,43,44 48,37,38 50,36,36 54,42,37 90,70,66 77,49,48 64,42,38 63,48,42 97,93,86 76,69,56 88,71,62 73,57,53 62,67,47 62,65,43 54,67,34 67,87,38 65,89,42 61,84,41 65,88,41 58,80,33 57,80,29 66,89,38 64,63,45 54,52,52 59,60,66 62,66,51 66,62,56 57,49,43 73,61,50 91,76,62 87,70,57 70,54,43 73,60,51 72,63,56 77,68,59 84,74,65 81,75,66 89,80,70 93,86,75 100,94,83 110,99,94 115,105,99 122,112,105 130,118,113 135,124,117 137,126,117 140,127,118 136,123,115 135,124,115 141,128,119 
57,49,43 64,55,47 64,59,51 60,58,45 56,54,38 48,40,32 50,53,32 73,65,50 83,94,74 73,72,51 72,68,48 64,67,48 61,71,45 60,74,44 62,83,37 64,87,38 62,85,38 65,88,40 56,79,36 75,100,43 69,95,40 69,94,41 68,69,48 57,51,43 61,57,50 98,91,87 110,105,103 71,62,51 96,82,71 103,86,76 105,88,77 84,72,64 81,70,60 85,74,64 85,76,67 90,79,71 97,85,78 102,91,82 105,95,84 113,103,95 111,101,95 118,107,100 124,113,105 135,123,116 140,128,120 142,132,123 143,133,124 142,130,122 141,129,121 140,128,121 
55,45,44 69,66,59 61,64,46 57,59,39 59,77,41 65,86,44 61,82,45 60,82,43 79,90,70 64,79,47 73,76,52 62,71,46 52,66,42 57,76,40 53,74,33 56,77,33 65,90,42 63,87,41 56,80,36 53,75,33 55,78,33 58,81,33 77,82,54 88,79,67 79,73,60 93,82,74 100,89,84 94,84,76 102,90,86 96,87,82 94,83,74 107,92,82 102,88,79 97,84,75 99,85,77 97,85,76 97,86,77 118,107,97 129,119,110 127,117,110 128,116,108 129,117,109 133,120,112 140,128,119 145,134,126 144,133,125 147,136,128 147,136,127 147,136,127 145,135,126 
58,60,45 51,67,36 53,66,34 69,84,44 64,88,44 47,69,35 61,87,47 60,84,41 80,94,70 58,74,44 67,78,50 65,74,51 58,71,46 65,77,49 57,79,37 54,76,37 56,79,37 57,79,37 53,75,36 65,88,40 49,71,32 56,80,37 64,72,45 87,79,67 89,82,67 101,91,82 96,86,82 91,85,85 106,97,91 102,95,83 102,93,85 106,93,88 105,93,87 109,96,90 103,91,83 102,92,82 114,102,95 119,107,99 120,108,99 121,110,102 131,121,113 140,128,118 142,128,119 142,129,122 145,133,125 145,134,128 147,136,129 147,137,128 147,137,128 143,133,125 
56,83,44 55,79,43 58,76,42 56,77,35 61,87,43 55,77,41 57,80,40 72,97,44 82,101,60 64,84,44 59,74,39 60,69,44 52,60,40 57,65,46 50,67,36 48,67,34 49,68,35 51,72,34 49,70,32 46,64,30 54,75,32 47,62,34 60,69,46 102,93,84 103,95,92 94,87,83 114,104,99 116,108,98 119,107,99 117,104,102 106,96,91 111,98,95 102,91,86 100,90,85 101,90,84 112,102,96 125,113,106 128,117,108 128,117,106 129,117,109 137,125,116 145,133,122 147,135,126 144,133,124 146,133,125 142,132,125 145,135,128 146,136,128 150,138,130 149,138,129 
50,76,36 41,58,31 58,81,40 63,84,51 56,78,39 58,80,39 68,91,42 73,99,47 67,92,43 64,87,41 67,88,41 57,65,39 46,53,34 44,58,32 45,65,32 48,67,36 47,66,34 54,76,36 50,68,38 47,64,37 46,59,31 48,49,38 83,82,80 105,99,97 120,110,103 129,118,113 119,109,107 120,112,110 126,111,108 126,108,100 119,104,98 110,99,95 114,102,95 113,104,97 111,101,95 113,101,94 113,102,96 118,107,99 126,116,107 138,125,116 143,129,119 147,134,125 149,137,129 148,136,129 147,135,127 149,138,132 147,137,130 148,138,130 150,138,132 150,140,131 
37,54,27 36,56,30 47,70,36 43,64,39 41,57,34 63,85,39 73,96,50 62,85,40 64,87,43 57,79,37 47,65,30 46,57,31 53,52,42 48,65,35 47,66,29 40,58,29 46,63,34 47,65,35 40,52,30 42,45,35 63,63,56 87,84,81 121,110,105 131,121,112 123,116,115 125,117,116 114,106,103 114,105,103 111,103,100 108,99,94 110,100,97 115,106,103 131,121,118 124,113,109 122,111,105 114,103,96 113,102,96 115,105,98 118,107,98 135,122,113 147,133,123 148,135,126 151,139,130 152,138,131 143,131,123 148,136,133 150,138,132 151,140,132 152,141,134 151,141,132 
38,59,28 45,69,32 43,64,25 43,60,30 55,73,31 68,92,43 60,80,39 65,86,45 65,88,50 57,81,41 56,78,34 61,73,43 96,89,90 43,57,32 48,67,35 50,71,37 44,58,35 51,56,41 58,57,51 92,82,80 117,103,98 120,109,99 129,117,108 131,123,117 131,123,118 133,118,113 122,111,107 106,100,96 105,96,92 104,97,90 108,101,99 123,114,113 120,109,107 119,108,104 115,104,99 112,102,97 118,106,100 118,107,100 126,113,104 130,118,108 138,124,115 140,128,120 145,133,126 151,138,130 140,128,122 147,136,131 149,137,130 150,139,130 142,131,124 153,142,134 
39,59,30 36,57,23 45,66,31 51,74,36 65,88,40 53,73,38 61,81,41 53,72,39 52,71,36 42,58,30 45,62,28 49,60,40 107,103,98 42,55,32 44,55,35 58,66,51 70,73,65 93,85,86 113,97,93 118,106,97 114,106,99 126,120,118 131,123,121 123,112,109 131,122,117 117,106,103 114,105,103 120,111,104 111,104,94 131,123,116 133,125,124 121,112,110 123,113,110 130,119,114 121,110,105 119,108,103 130,117,110 134,121,113 139,127,117 143,130,119 141,128,119 145,132,124 145,134,125 147,135,127 139,126,119 149,139,133 149,139,132 142,132,125 61,60,59 130,122,115 
41,64,35 71,90,57 59,77,49 67,84,54 81,92,50 72,84,49 81,96,62 75,91,53 46,60,29 48,65,33 43,58,28 43,53,33 82,84,76 65,73,60 80,78,82 92,88,84 106,95,89 114,103,94 119,112,107 114,109,108 120,111,111 121,112,109 122,115,112 117,109,103 120,113,108 110,104,101 127,121,119 118,111,106 122,115,110 131,122,121 123,115,113 119,110,108 121,112,108 118,108,103 126,116,111 128,117,111 129,118,110 143,131,121 148,135,124 149,135,122 147,136,126 138,127,117 145,134,126 147,135,127 144,133,124 144,133,126 145,135,129 135,125,119 86,62,62 127,120,115 
35,57,27 238,235,226 237,234,226 234,227,208 230,189,172 211,165,157 214,177,173 175,143,138 38,49,27 31,37,23 61,73,43 70,73,66 81,80,82 101,96,90 114,100,92 107,99,88 117,108,103 122,111,110 121,115,115 125,117,116 127,113,113 119,109,107 120,114,111 110,105,100 118,111,104 125,117,113 133,126,123 139,132,129 133,125,122 117,108,105 120,113,110 120,111,109 127,118,114 132,122,118 129,119,114 126,115,109 138,128,120 143,131,122 149,134,124 151,138,127 148,137,126 137,125,115 140,128,119 143,131,122 146,136,129 149,139,131 151,139,131 144,133,125 68,64,62 142,132,125 
23,33,18 233,229,221 238,234,224 234,228,214 216,191,148 221,194,185 218,186,175 183,160,153 49,55,44 61,62,59 77,75,74 96,88,85 112,99,96 96,89,85 106,99,96 108,103,105 112,106,108 117,105,107 117,111,111 121,112,111 128,117,116 113,106,102 121,114,110 115,111,108 122,117,112 144,137,134 151,144,139 135,126,122 129,121,117 127,119,115 124,116,112 121,113,110 128,120,116 134,124,119 141,132,127 140,130,124 147,136,128 149,139,132 151,139,131 150,138,128 144,133,123 148,136,125 137,126,117 138,126,117 141,130,120 141,129,120 143,131,121 149,137,129 64,62,61 139,130,123 
37,53,22 238,235,227 236,231,219 225,216,193 195,183,153 226,207,194 224,201,187 190,174,163 74,74,68 90,89,76 98,90,83 107,99,98 105,99,101 124,117,119 110,104,106 122,114,115 117,112,113 124,113,114 125,115,115 123,116,115 123,117,115 136,124,117 138,131,128 130,122,115 146,141,137 155,149,147 129,123,120 130,124,122 132,125,121 131,124,119 130,124,119 133,126,121 140,132,128 140,133,127 140,132,126 140,131,124 144,134,126 148,137,130 148,138,130 146,137,128 148,138,129 150,139,130 144,133,124 145,133,123 143,129,122 143,130,121 143,130,121 146,133,125 52,50,49 140,131,123 
38,59,21 236,233,225 233,224,199 232,224,203 217,218,196 232,225,207 234,225,205 202,193,174 100,92,86 103,102,89 106,99,101 119,113,116 113,107,110 127,113,115 130,117,118 136,122,123 126,119,120 121,114,116 131,120,121 123,116,117 132,127,126 148,138,132 138,132,129 155,150,147 148,142,139 131,125,122 129,124,120 130,123,119 131,123,120 131,123,119 136,129,124 137,130,124 140,134,130 144,136,130 136,127,121 139,130,122 140,131,122 148,138,129 148,138,129 143,134,126 146,136,125 147,136,126 144,134,127 142,131,123 144,132,123 141,128,120 139,127,119 142,131,123 67,63,61 139,130,121 
36,56,24 238,234,226 235,228,211 232,221,191 233,226,206 231,222,199 234,224,202 205,198,179 125,116,118 116,105,105 116,109,111 125,119,123 131,120,125 130,114,118 136,122,122 119,110,112 124,118,118 122,116,117 135,123,124 121,114,113 129,124,120 142,137,135 161,157,155 147,141,140 129,124,122 130,126,123 130,125,121 137,132,128 132,125,120 129,121,117 132,124,118 143,136,129 141,134,128 144,135,128 142,133,124 139,130,122 138,128,119 145,135,126 142,132,123 143,134,125 143,133,124 154,145,136 156,147,141 36,36,36 39,39,39 53,58,61 113,114,103 75,78,61 42,42,42 135,124,115 
54,62,44 115,114,111 114,112,107 111,106,94 112,109,102 111,108,99 109,109,101 102,99,92 116,105,104 121,109,111 118,110,111 125,115,116 132,117,121 132,118,121 126,116,117 115,109,110 121,117,117 135,130,132 134,126,124 115,110,98 138,135,130 153,148,147 139,134,131 142,136,133 141,136,134 137,134,131 135,130,125 135,130,124 126,119,114 135,130,125 130,124,118 139,133,127 145,138,131 147,138,130 144,134,125 141,133,124 141,133,125 143,133,126 141,130,120 143,134,127 143,136,128 143,135,126 148,140,133 70,67,64 69,66,63 73,70,67 102,97,83 85,84,70 69,65,62 136,126,118 
108,104,96 64,64,64 66,66,66 39,39,39 30,30,30 30,30,30 30,30,30 37,36,36 123,112,114 132,120,121 124,116,117 127,117,117 128,120,124 128,120,120 122,116,116 118,113,113 121,117,119 124,120,122 128,120,111 154,150,147 156,149,148 141,135,134 135,131,127 132,127,124 139,134,130 146,141,137 123,119,116 94,92,89 94,91,89 89,86,83 97,95,93 95,92,90 95,92,88 97,94,90 87,83,79 96,93,89 93,89,85 95,92,88 83,79,75 97,94,90 90,86,83 86,83,79 83,80,76 88,84,80 95,91,87 98,94,89 85,80,76 98,93,88 93,88,84 82,77,72 
