160,159,159 160,160,158 159,160,157 163,162,160 167,166,163 167,167,164 167,167,165 171,170,169 174,173,172 192,191,190 188,189,190 187,188,190 186,187,189 190,190,193 195,193,196 178,181,188 177,180,189 180,182,191 188,187,195 174,177,189 177,180,189 194,193,199 183,185,193 175,179,190 176,180,190 178,182,192 174,179,190 170,176,189 174,179,191 184,186,196 188,190,198 201,200,206 202,202,208 112,117,83 140,141,126 119,120,106 88,94,55 68,77,27 81,89,44 78,86,44 63,66,43 163,167,168 209,214,217 135,140,120 75,82,49 114,117,111 193,195,197 81,83,62 151,152,149 188,192,191 
63,63,63 66,66,66 64,64,63 66,65,65 69,68,68 66,66,65 67,67,66 68,68,67 69,69,69 188,189,187 185,186,187 185,186,188 186,187,189 187,187,190 193,193,195 187,188,193 179,182,191 181,183,191 184,185,193 181,184,193 186,187,194 203,201,206 183,184,193 172,177,188 175,179,190 179,182,193 175,180,191 171,177,189 175,180,191 194,195,202 194,195,202 201,202,207 204,204,209 80,84,50 96,98,78 130,129,123 59,66,28 71,81,23 74,85,24 73,78,40 145,147,143 218,223,226 200,205,203 65,74,38 144,150,136 189,190,193 216,220,220 180,183,181 215,220,219 215,219,219 
70,70,70 96,96,95 110,110,109 112,112,112 107,107,107 115,116,115 106,106,105 116,116,116 101,100,100 190,190,188 185,187,186 186,186,188 187,188,190 183,184,189 188,187,191 186,187,192 177,179,190 180,182,190 182,183,192 186,187,194 189,189,196 201,201,204 191,192,199 172,176,188 172,177,189 175,180,190 174,180,191 177,181,192 186,188,197 193,194,202 196,197,204 199,200,204 127,130,110 104,105,89 61,67,35 67,74,48 61,69,23 70,81,24 55,65,23 70,79,33 204,207,206 181,186,178 77,84,47 103,108,88 159,163,152 125,129,106 139,140,125 220,224,222 217,222,219 219,223,221 
65,65,65 64,64,63 65,65,64 64,64,64 65,65,65 67,66,66 68,67,67 67,67,66 70,70,69 190,189,187 187,188,187 186,187,187 189,189,191 184,185,189 178,182,188 179,182,189 177,180,189 179,182,190 184,184,193 188,188,195 183,184,192 197,197,202 194,194,200 177,181,192 174,179,190 177,181,192 179,182,193 181,183,195 189,192,200 188,191,200 196,197,205 176,177,174 85,89,55 62,70,30 55,61,33 50,58,24 62,71,24 61,67,26 53,61,23 76,88,29 113,121,76 148,154,134 81,87,54 66,76,44 55,66,32 52,62,28 80,86,61 217,220,218 204,206,202 223,227,223 
64,64,64 79,79,79 86,86,85 84,85,84 84,84,83 65,64,64 65,65,64 64,64,63 67,67,67 187,187,185 186,186,185 187,188,187 190,191,190 184,185,188 177,180,187 174,178,185 178,181,189 179,182,191 182,184,191 188,188,195 178,180,190 190,191,197 193,193,199 183,186,194 179,182,193 180,182,194 182,185,196 190,192,200 190,192,202 168,171,168 165,168,161 99,103,69 68,75,32 56,63,25 49,57,22 60,68,20 65,74,23 49,57,23 47,57,25 56,67,19 66,79,20 91,100,55 54,65,20 56,67,30 86,90,73 94,95,82 137,140,123 160,161,144 112,115,91 131,136,87 
165,164,162 162,162,160 162,162,159 162,162,158 162,162,158 162,161,158 160,160,156 160,160,156 161,162,159 184,184,181 185,185,183 183,184,184 189,189,188 184,185,188 178,180,187 173,177,185 177,180,188 175,179,189 180,181,191 186,186,194 179,181,190 194,194,200 196,195,201 193,195,200 183,186,195 183,185,196 186,189,200 189,192,200 177,179,181 122,125,99 81,87,46 63,71,28 51,58,21 55,61,35 66,75,26 58,67,22 45,55,22 44,54,24 40,50,21 45,55,24 59,68,23 58,68,22 55,64,26 56,64,33 94,97,72 96,99,75 65,75,33 66,75,35 71,81,33 77,85,38 
189,188,186 184,184,182 182,182,179 181,182,179 179,180,175 178,177,174 178,177,173 178,177,174 180,180,176 179,180,176 181,181,178 181,182,179 185,186,185 187,187,189 184,185,189 178,181,184 181,181,186 177,180,188 178,181,190 178,181,190 181,183,191 194,194,200 195,195,201 195,196,201 192,195,201 188,190,196 195,197,204 160,163,155 92,99,58 81,86,48 81,86,59 44,50,19 37,43,18 52,60,25 58,65,24 54,61,25 34,41,25 37,46,22 41,52,17 48,59,23 55,67,19 60,74,16 80,93,25 82,93,26 83,93,35 55,69,24 54,66,24 76,89,42 60,73,22 60,72,25 
195,194,191 192,191,189 186,187,184 184,185,182 184,184,180 182,182,177 180,179,175 178,177,174 178,177,173 179,177,173 180,179,175 180,181,176 182,183,181 184,185,186 182,183,184 181,181,182 182,181,184 180,181,186 180,181,189 179,182,190 186,188,194 195,194,200 198,197,203 198,197,201 154,153,138 137,137,121 109,113,79 90,95,56 68,73,30 57,63,28 60,66,34 75,82,27 52,58,25 46,53,20 51,58,29 44,51,24 43,48,30 35,41,31 32,38,21 37,47,20 55,69,24 46,59,17 64,77,19 70,81,23 54,64,24 49,58,27 50,60,21 52,64,28 52,65,20 52,66,21 
201,200,196 200,199,195 195,194,190 193,193,188 189,189,184 190,188,184 186,184,180 182,181,177 180,179,175 178,177,173 181,180,176 180,180,175 183,183,179 183,184,181 182,182,180 181,182,179 182,182,183 182,182,186 186,185,189 183,184,191 192,193,197 201,200,204 195,196,201 178,178,173 130,130,109 135,134,123 60,66,28 57,64,28 49,56,19 38,44,18 35,42,17 51,58,20 50,59,21 51,61,21 40,50,19 37,41,26 45,52,22 30,31,27 28,32,22 43,53,21 58,71,21 56,69,23 51,59,23 72,82,22 56,66,26 66,78,21 67,83,23 55,62,29 57,69,21 42,52,22 
203,203,198 204,202,198 197,198,193 197,196,191 196,194,189 196,194,191 191,190,185 186,185,179 184,183,179 182,181,176 180,179,175 179,178,174 182,181,177 181,182,177 185,186,183 185,186,184 184,185,187 182,183,186 185,184,188 186,185,189 196,196,200 197,198,202 198,198,204 118,122,90 111,113,87 87,90,57 48,54,26 45,51,21 40,44,18 49,54,27 51,55,27 31,38,19 42,50,21 42,50,18 55,62,21 35,40,23 24,26,21 28,34,23 52,61,21 51,64,19 75,91,21 69,82,25 36,44,21 57,69,18 68,80,24 54,69,17 57,68,23 59,68,22 61,75,18 45,53,24 
184,185,178 113,115,99 175,175,165 199,200,192 161,164,157 147,147,137 194,192,183 192,192,183 182,182,172 187,187,179 183,183,177 179,180,174 182,181,177 184,183,179 186,186,183 186,187,184 184,184,183 182,181,183 183,183,185 186,186,188 191,192,196 194,194,199 203,202,207 118,122,96 70,77,30 49,56,25 41,46,26 46,50,22 42,49,20 44,49,24 36,43,21 35,43,19 46,54,20 33,38,22 40,45,19 34,38,23 32,41,22 36,49,20 35,43,23 45,55,20 56,67,23 56,66,24 51,61,24 53,63,24 48,60,20 43,53,23 36,47,20 45,56,19 49,64,20 62,78,23 
86,90,70 79,86,59 81,86,57 141,142,120 167,167,156 90,95,65 90,97,65 156,156,134 156,158,147 135,137,122 177,178,167 183,184,177 181,182,176 183,183,178 182,182,177 182,182,178 180,180,178 181,181,180 182,183,184 187,186,188 188,190,193 186,187,189 150,151,137 73,79,39 50,57,22 41,48,21 50,58,22 51,55,28 38,42,19 33,38,22 45,52,19 60,69,18 46,54,17 35,43,18 40,48,21 30,36,19 40,49,24 36,47,22 62,74,21 53,63,26 34,42,22 39,47,22 46,56,22 60,73,22 62,75,22 59,73,24 46,56,25 40,48,22 37,46,23 50,63,22 
62,70,37 55,62,35 71,77,46 76,83,51 79,84,46 82,88,59 71,80,45 67,77,33 92,100,66 113,115,93 124,126,110 151,153,137 181,182,175 181,182,174 180,182,175 180,181,175 180,181,177 179,181,177 180,182,181 188,189,187 189,189,188 193,194,198 101,101,82 96,99,73 57,65,24 58,66,24 44,52,20 58,64,33 27,29,20 30,35,20 52,59,24 40,47,17 31,36,18 31,39,17 69,80,25 54,67,24 43,57,20 45,57,21 40,46,23 26,30,22 26,28,22 29,32,24 39,46,24 36,47,22 35,44,24 47,55,23 35,38,28 28,31,24 43,52,24 49,59,24 
61,65,53 66,72,39 68,73,39 70,80,42 79,91,61 63,72,38 66,75,39 63,74,42 75,86,43 85,94,52 81,90,45 116,120,96 182,183,173 179,180,172 179,181,173 181,182,176 181,183,178 179,183,177 179,182,178 129,132,116 152,151,140 199,200,200 140,141,135 69,75,35 41,47,21 40,47,20 45,51,21 39,43,22 35,38,24 38,42,25 33,37,21 26,30,18 27,29,21 37,42,21 54,64,17 48,59,25 33,43,21 30,35,22 35,41,22 53,67,23 44,52,27 28,32,24 38,47,22 64,74,25 57,69,26 35,39,26 34,36,30 35,38,30 39,45,28 43,50,28 
90,98,73 82,93,49 65,72,41 55,62,33 70,80,46 60,66,38 62,71,43 70,80,51 72,80,53 74,84,51 78,88,53 74,86,51 111,117,90 169,170,158 163,165,155 139,143,131 127,133,116 179,184,176 180,182,176 129,132,117 159,159,151 202,203,203 199,200,201 81,85,49 54,61,23 39,44,21 42,47,23 32,36,20 36,41,21 61,70,27 44,52,18 27,30,19 47,53,25 54,60,21 57,67,22 37,43,23 31,35,22 35,39,27 40,50,24 37,44,25 34,38,26 37,42,28 35,42,26 43,51,28 43,49,25 32,35,28 34,37,29 40,47,30 34,38,27 31,34,27 
71,83,49 69,78,41 55,61,40 73,82,54 65,72,46 66,73,49 87,99,69 76,84,58 66,73,49 71,80,46 76,84,58 76,87,57 82,90,61 82,91,55 137,142,126 109,115,84 98,106,66 120,128,104 136,140,125 126,128,117 202,203,200 207,208,207 199,199,199 81,87,45 53,61,21 71,80,22 44,49,31 45,50,28 44,50,22 44,52,21 55,66,20 48,58,19 50,58,20 41,47,20 36,43,20 34,41,22 58,67,24 83,97,35 57,68,25 38,44,26 30,33,25 41,48,27 51,64,24 43,51,32 62,73,26 39,44,30 38,40,32 38,42,34 51,57,26 37,41,28 
67,79,49 51,57,36 66,73,55 58,62,44 51,56,39 61,70,47 50,56,35 57,66,45 53,60,38 63,70,50 68,74,59 58,62,44 69,75,55 61,67,46 74,86,55 79,89,49 83,92,49 88,100,49 98,105,71 166,169,162 158,162,154 169,168,161 162,163,152 80,86,39 64,72,24 63,72,25 34,41,24 34,39,20 42,49,22 46,54,22 58,67,23 42,51,18 36,44,18 53,63,20 40,48,22 41,50,24 66,77,29 49,61,25 67,82,29 49,61,27 71,83,37 54,64,30 51,63,25 42,49,29 47,56,28 44,49,35 45,49,34 44,47,33 36,39,29 46,48,40 
61,71,42 49,55,42 45,49,40 44,49,37 47,49,31 39,44,29 46,53,35 47,53,34 46,52,36 69,73,68 58,60,58 64,64,60 45,49,38 48,57,35 52,60,38 88,98,52 90,101,45 86,98,50 85,97,57 101,111,82 122,125,113 155,156,141 148,149,146 77,81,54 56,64,22 45,53,24 43,51,21 44,50,23 42,51,21 50,59,19 50,58,21 45,53,21 40,48,24 54,68,20 55,70,22 53,72,22 46,58,27 42,53,29 48,63,24 62,77,26 85,103,30 58,70,28 71,83,37 56,67,33 48,55,32 41,46,32 41,45,32 34,37,28 35,38,29 37,40,30 
73,83,63 58,66,52 63,69,56 57,62,41 59,66,50 72,82,59 79,88,59 61,68,51 60,66,53 60,68,55 75,74,83 68,69,72 54,60,48 68,81,46 83,94,69 73,86,43 70,79,44 80,87,56 73,88,43 80,98,33 88,100,45 127,133,104 109,114,81 94,98,77 45,49,24 38,45,20 36,43,23 42,49,21 42,50,20 53,62,25 47,56,21 58,69,22 33,40,20 51,61,25 53,66,21 63,75,33 54,66,30 52,63,31 49,61,30 62,76,31 58,75,25 81,98,30 83,97,49 76,90,37 88,105,37 61,72,42 50,59,34 60,69,39 43,48,29 41,43,31 
78,89,63 79,86,71 70,78,63 68,75,48 70,76,59 73,79,61 57,65,45 54,63,45 46,51,39 61,68,55 61,66,59 66,70,62 80,87,64 92,106,59 83,97,46 68,77,39 55,65,46 50,60,36 48,59,32 70,87,33 78,95,31 87,100,49 61,72,24 65,74,27 47,56,25 34,38,22 28,31,20 29,31,19 40,47,22 43,50,23 43,53,20 44,51,24 62,75,26 66,81,21 57,72,23 34,43,19 34,41,23 45,57,27 55,67,31 52,63,26 56,69,28 59,72,29 70,83,39 87,100,46 93,104,45 91,109,55 59,73,32 60,73,32 78,91,48 59,63,33 
72,82,58 63,71,53 66,73,53 75,82,51 83,92,66 77,83,66 43,48,36 52,61,42 66,74,53 73,87,53 67,75,50 71,80,54 62,70,52 54,63,43 57,63,35 53,58,47 39,43,36 53,65,39 76,91,41 75,92,39 58,70,30 58,70,28 62,73,26 63,71,32 56,66,30 47,58,25 39,42,28 50,50,36 62,69,27 44,49,29 51,59,23 43,49,26 61,73,29 62,74,27 43,52,19 36,42,31 32,35,22 40,49,26 60,74,36 56,68,28 47,58,19 47,59,20 62,74,31 79,90,48 71,85,43 59,73,21 61,74,26 61,76,32 64,78,33 67,80,40 
86,93,69 61,69,50 79,89,67 70,78,49 68,76,50 71,80,58 51,58,43 43,48,35 55,62,41 53,60,37 52,62,37 60,67,54 64,74,58 52,59,49 41,48,35 33,41,23 65,79,43 94,110,60 66,79,42 48,56,36 42,53,29 56,68,30 46,55,27 52,61,25 45,53,29 53,64,25 49,59,25 47,48,31 41,47,25 58,67,26 38,44,26 63,68,54 44,51,33 38,46,28 40,50,27 47,59,29 64,81,39 58,72,34 63,79,47 70,85,39 52,63,25 52,64,29 53,62,29 64,77,46 60,74,38 54,69,27 76,90,37 58,69,28 53,68,23 40,40,23 
56,62,46 49,56,37 65,73,56 68,76,51 47,56,36 56,63,46 68,79,56 64,76,56 44,50,35 54,63,38 43,50,35 43,49,40 53,58,52 46,55,40 56,66,46 72,88,48 51,64,39 72,84,46 57,71,36 55,66,42 50,64,33 38,48,29 32,38,25 49,60,26 39,46,28 40,49,26 34,37,28 34,36,29 55,62,34 47,49,42 42,49,25 58,67,40 45,52,30 45,52,38 66,73,72 71,85,46 64,79,36 52,66,24 55,69,29 75,89,37 84,100,40 77,92,53 47,55,26 50,60,31 33,41,19 51,63,21 51,64,20 55,67,27 70,81,37 57,67,31 
71,83,62 57,65,44 64,72,54 54,60,43 41,45,31 34,34,26 54,65,42 84,95,68 67,77,55 70,78,57 78,86,61 91,91,99 59,61,62 58,67,55 73,87,45 69,87,38 60,74,41 44,55,31 57,78,36 57,76,38 56,73,37 38,49,29 39,50,28 35,40,26 49,59,25 43,53,27 35,39,30 30,32,27 59,68,34 53,56,45 83,95,26 57,69,29 39,42,34 62,67,57 57,68,40 75,92,42 62,80,30 58,73,29 57,70,31 44,53,23 61,74,36 53,63,31 50,59,29 60,72,29 80,92,49 63,73,43 51,62,28 48,55,25 68,83,37 67,82,37 
58,64,45 61,69,51 78,85,67 44,48,32 33,34,24 56,66,44 65,74,49 49,59,34 55,66,41 44,50,35 56,62,52 59,61,57 70,78,67 77,91,60 81,97,51 69,86,42 78,95,62 55,67,43 43,57,30 52,69,37 55,75,34 52,71,33 41,51,27 50,58,29 48,58,31 45,52,32 39,42,34 29,31,26 49,52,43 51,54,46 63,70,34 42,48,30 41,46,28 69,81,44 78,91,49 75,92,46 49,60,26 48,58,19 44,52,26 49,62,21 66,78,38 70,82,38 74,90,37 65,77,25 75,90,38 75,87,37 66,80,33 63,76,31 63,73,38 52,62,28 
57,63,43 39,43,28 42,46,30 37,41,26 37,42,27 65,77,48 80,92,60 36,42,27 33,38,25 41,45,30 72,75,72 52,55,51 73,81,64 67,80,49 63,75,45 51,61,41 64,71,57 64,81,47 63,85,33 42,56,29 48,64,31 49,67,33 39,50,29 44,51,43 50,58,34 52,58,46 37,41,31 36,37,30 42,42,30 34,35,28 37,39,28 47,54,28 59,74,31 59,68,33 62,77,33 65,82,34 45,56,23 53,65,28 50,62,22 63,75,34 57,69,35 63,78,42 56,69,34 63,76,31 70,85,27 97,112,54 54,64,28 64,75,37 57,68,30 53,63,28 
57,65,38 43,48,32 41,47,30 44,51,31 36,40,23 33,37,20 35,42,22 30,34,22 29,34,23 50,59,31 67,75,50 55,58,40 62,65,44 45,51,35 47,55,37 32,40,25 34,43,27 55,73,39 59,76,40 52,70,37 36,47,27 45,60,30 41,51,37 40,46,40 48,56,39 42,46,35 46,52,34 38,41,30 40,44,28 42,43,30 34,34,28 51,60,29 55,70,31 63,79,31 52,66,23 61,73,35 88,105,42 57,70,23 71,89,28 58,67,29 53,64,27 98,115,49 56,67,30 47,58,23 59,69,27 90,105,56 71,78,42 55,64,30 69,81,41 56,65,35 
56,68,41 37,39,30 48,53,30 40,46,25 33,35,21 33,38,21 34,39,24 37,41,27 39,44,29 53,60,37 55,62,38 47,49,32 44,46,33 61,69,43 53,61,41 40,48,29 42,52,32 55,68,41 29,39,23 33,44,22 40,53,30 37,51,27 39,49,30 36,44,30 40,46,33 33,36,32 36,39,32 32,34,29 33,35,28 33,35,28 34,36,28 50,60,31 52,63,33 58,71,33 54,72,27 62,79,25 74,91,37 71,86,30 79,94,42 63,74,33 70,83,30 96,113,44 81,96,41 51,63,25 48,56,21 59,69,34 84,97,36 88,101,49 84,95,48 54,61,29 
38,42,28 28,27,19 36,39,22 27,32,16 40,46,27 41,46,26 39,43,27 48,55,35 48,58,36 52,60,37 52,60,39 36,40,27 60,63,43 54,62,43 43,52,34 53,64,39 48,62,30 36,45,25 24,33,18 36,47,27 32,40,23 34,42,23 39,48,30 37,44,28 50,56,38 54,55,47 36,42,32 36,40,29 36,40,28 36,40,28 30,30,26 54,63,32 61,75,35 71,87,42 74,96,38 72,91,28 76,96,30 62,79,31 47,55,21 53,60,32 68,77,37 96,111,50 69,78,45 60,69,38 77,79,53 66,71,40 76,83,34 99,108,38 139,145,68 89,92,53 
18,16,15 28,28,20 64,63,49 37,40,25 72,76,78 44,47,40 52,54,38 50,54,36 50,53,43 28,28,23 26,28,22 54,57,39 89,92,61 80,85,56 61,67,47 56,65,38 51,62,35 30,40,18 39,53,25 46,59,25 43,55,30 51,60,33 60,66,44 72,73,58 74,76,62 104,103,98 84,83,84 52,59,28 42,46,29 46,46,32 24,24,21 73,82,52 75,83,44 79,87,44 78,97,48 90,105,39 82,96,45 85,96,51 58,58,23 47,49,20 70,71,45 74,77,52 47,52,20 66,69,46 131,137,93 107,113,74 85,90,58 81,86,51 94,98,58 87,88,64 
14,13,14 38,35,27 90,84,69 82,73,63 88,91,78 60,62,38 56,56,40 71,69,56 59,57,49 21,21,20 85,90,64 106,113,73 103,109,77 95,99,64 111,117,80 113,122,82 50,59,34 64,72,39 79,99,46 54,70,28 64,75,39 57,71,45 76,86,70 74,84,75 85,95,89 88,95,93 113,119,103 92,96,69 68,74,44 70,79,44 32,35,25 56,63,32 69,75,38 110,119,76 83,91,48 99,105,63 98,109,63 96,110,63 92,98,49 113,114,78 161,155,127 87,87,64 61,71,33 84,94,47 115,121,82 126,129,86 115,119,77 98,102,69 87,91,63 79,82,52 
16,13,15 62,57,41 90,85,69 66,69,44 81,87,58 68,73,40 77,82,46 92,97,65 28,24,22 112,115,78 133,136,90 132,134,90 130,131,89 134,134,89 152,153,102 149,150,99 90,96,58 79,80,51 72,80,43 52,63,34 65,79,39 71,81,68 19,29,60 30,40,66 26,39,71 15,31,69 79,89,86 105,108,70 83,90,45 105,112,67 50,52,33 62,66,38 74,78,46 100,112,63 101,113,63 128,142,83 130,149,85 131,149,82 130,147,80 125,145,80 123,143,80 75,79,47 44,47,28 92,99,58 119,129,72 116,124,68 109,116,64 108,119,64 114,125,72 113,125,71 
17,15,15 71,71,53 97,105,69 106,115,74 113,118,72 91,92,49 99,97,61 113,110,75 51,48,36 140,138,94 137,134,91 129,130,84 114,117,75 108,117,71 116,124,76 129,136,85 115,119,74 72,70,45 104,108,64 98,105,59 82,88,48 52,61,52 34,43,68 30,41,71 36,48,77 29,43,77 70,85,80 114,123,65 109,116,55 120,129,67 79,83,51 63,68,30 67,74,31 89,95,45 115,118,67 153,153,99 149,152,97 138,149,89 131,144,83 123,140,76 118,134,72 62,63,37 28,26,19 94,105,54 107,120,63 105,120,64 107,120,64 109,120,67 115,122,73 119,125,74 
38,41,30 71,74,49 112,117,75 110,116,72 101,106,67 101,104,66 113,111,75 99,96,65 60,57,40 132,134,85 132,135,84 134,137,86 134,138,86 140,144,91 143,149,93 148,154,96 154,159,101 53,50,34 127,132,81 81,89,45 74,84,41 53,62,44 28,39,63 40,50,79 41,53,84 26,43,82 51,67,66 98,110,49 91,100,43 91,102,50 70,77,43 35,33,22 65,73,28 90,102,45 105,115,61 145,151,93 147,153,94 145,149,92 140,145,87 140,143,87 136,140,86 117,120,73 27,20,18 113,115,69 118,125,72 110,119,66 109,119,67 107,117,65 107,116,64 108,115,66 
48,53,35 64,67,43 104,110,67 108,112,68 108,115,69 113,117,73 121,124,79 102,102,69 60,58,39 129,130,84 131,132,84 132,134,84 134,139,86 134,139,86 135,141,86 137,145,88 143,151,91 58,59,39 93,95,59 54,65,26 50,61,21 56,68,28 42,53,60 42,54,85 23,42,87 45,58,94 58,75,77 91,106,46 98,109,48 107,118,54 73,84,44 30,29,21 77,84,38 80,92,39 103,121,56 116,131,64 131,141,68 113,123,47 136,142,70 134,138,79 131,136,80 135,139,83 23,19,17 107,108,64 121,126,73 114,120,68 109,117,65 105,114,63 102,112,62 100,110,60 
44,47,32 59,61,40 103,112,65 103,112,64 107,113,68 107,113,68 109,114,70 94,96,65 47,47,36 116,121,73 117,122,74 116,125,74 121,127,76 123,130,78 128,133,80 133,136,82 136,140,83 72,72,45 61,68,36 65,77,30 69,85,30 78,87,57 45,57,73 32,49,89 29,49,98 33,50,97 61,76,74 95,107,36 92,103,32 92,104,32 72,82,40 20,19,18 71,82,36 93,110,46 105,119,45 106,118,38 92,105,29 94,105,38 103,114,42 105,119,59 114,126,66 119,131,70 36,36,24 81,84,49 106,115,63 99,110,58 97,109,57 92,107,55 89,103,55 82,100,47 
37,35,27 62,60,44 94,103,58 94,103,59 97,101,62 100,104,64 101,105,62 90,92,56 41,37,30 107,115,70 107,114,69 106,114,67 111,118,69 115,122,70 119,123,71 125,127,75 120,127,68 89,102,41 85,99,40 91,98,41 106,115,53 79,88,70 51,60,91 38,54,100 38,55,106 43,59,105 47,61,78 74,83,35 70,77,32 63,70,28 63,70,27 21,20,22 66,77,28 84,96,31 65,72,27 62,63,28 56,60,25 52,58,23 68,83,32 83,102,49 96,115,54 104,117,57 61,59,37 76,77,46 93,104,56 89,104,51 85,100,51 81,98,46 77,94,45 78,97,49 
45,34,32 78,63,61 89,79,68 79,77,53 78,84,46 74,84,41 70,78,33 73,78,34 41,37,29 88,99,54 91,102,56 93,104,57 92,103,56 100,109,59 106,113,62 110,120,62 102,120,52 90,109,37 85,99,29 87,100,25 83,94,37 79,94,61 66,82,75 62,80,79 56,75,81 51,66,76 51,61,61 50,56,25 48,55,27 45,51,24 40,44,23 22,20,21 52,61,28 48,54,21 43,47,21 39,40,20 39,42,20 49,61,30 62,78,40 78,94,52 83,101,49 87,105,50 66,68,42 71,71,43 77,96,41 79,98,44 81,99,48 77,95,45 73,92,44 69,89,35 
33,16,18 63,47,40 93,85,67 72,72,44 62,66,29 61,65,33 60,62,32 75,73,46 62,49,45 73,73,47 73,84,44 77,92,46 81,96,51 84,100,55 84,101,51 87,106,52 89,111,53 86,107,47 83,92,44 74,83,33 77,93,40 72,91,50 77,99,52 72,93,46 68,90,44 62,82,41 54,70,40 51,63,31 43,52,26 36,44,21 36,42,23 45,38,35 34,41,22 33,41,20 35,41,21 42,50,24 53,66,32 59,73,39 67,86,47 71,89,42 74,90,43 76,93,44 52,53,30 52,41,27 72,90,40 71,91,38 66,86,34 69,89,37 71,91,40 71,90,39 
45,28,31 73,58,55 79,73,58 66,64,42 52,50,31 49,49,27 63,66,34 90,76,60 60,45,40 72,84,48 67,83,45 66,84,42 67,84,45 70,89,48 74,92,48 75,94,46 73,96,46 76,99,52 68,71,44 59,60,33 72,89,47 67,84,49 68,89,44 69,89,46 65,85,44 61,81,38 61,76,45 62,80,40 58,75,40 57,72,38 59,74,42 59,46,41 51,60,36 57,73,40 63,80,43 69,86,45 67,87,46 64,84,46 68,86,45 71,87,44 72,89,43 72,89,44 55,59,33 54,33,25 73,90,42 70,87,37 64,80,37 60,77,32 64,82,33 62,79,33 
59,45,43 70,55,52 63,58,46 64,61,43 50,50,31 49,50,30 59,66,32 67,56,35 51,36,30 61,75,42 60,76,42 58,75,41 59,78,39 62,78,43 64,81,43 66,84,43 67,85,48 70,90,49 67,66,42 60,56,35 69,86,44 61,75,43 64,81,42 57,75,37 61,79,40 60,76,40 59,75,44 62,78,42 66,85,42 69,84,47 66,83,45 58,27,23 58,63,37 63,80,44 66,85,46 64,80,42 67,83,48 69,84,49 63,83,40 65,83,39 61,77,37 62,79,37 54,60,34 64,51,41 70,84,41 68,87,37 72,90,43 68,85,36 62,76,37 65,78,37 
52,44,36 66,51,45 68,55,50 64,58,46 43,41,30 42,46,27 49,59,33 75,68,53 70,61,53 63,78,43 65,82,42 64,83,42 61,79,39 65,82,43 67,85,44 71,89,45 70,88,46 71,90,48 74,80,49 72,71,49 62,79,39 59,73,43 61,77,38 61,80,39 62,80,38 61,78,39 59,73,41 64,80,39 63,78,38 67,79,42 67,79,41 76,51,47 63,64,39 65,82,44 66,82,41 65,80,42 63,77,43 65,80,43 63,81,39 62,80,38 62,75,39 56,69,32 53,64,28 59,60,36 55,62,30 60,76,34 63,80,34 58,72,30 55,56,52 61,74,37 
71,54,49 81,69,66 73,65,61 64,66,51 63,68,50 68,74,55 75,83,59 90,86,72 63,69,43 58,73,40 56,72,37 58,73,38 64,81,40 67,83,43 69,86,43 71,91,46 68,84,45 65,80,42 70,73,45 95,92,68 66,79,38 63,76,43 67,84,39 66,81,38 68,87,40 69,86,39 62,75,43 64,77,39 64,76,38 67,79,41 62,69,37 87,77,59 64,63,39 64,76,39 66,81,40 64,73,40 66,78,43 64,76,40 64,77,36 66,79,39 66,81,41 60,76,37 54,65,31 53,64,29 53,62,29 50,61,26 53,68,30 53,68,30 78,56,54 58,67,40 
69,52,48 238,235,228 235,229,214 233,226,208 234,229,217 238,235,228 239,236,229 200,199,190 56,69,38 54,67,37 68,82,44 69,86,44 66,82,41 70,86,45 71,86,44 71,87,48 67,83,42 63,75,41 67,74,41 72,81,42 64,82,37 66,76,54 63,75,47 60,76,46 61,75,45 59,69,48 64,72,52 66,81,38 54,68,33 64,74,37 59,68,34 63,67,39 59,65,36 61,72,34 66,80,36 64,75,38 65,75,38 66,79,36 65,80,35 64,79,34 68,83,39 64,80,37 63,81,36 61,71,33 54,64,29 54,66,30 59,74,36 52,66,28 40,45,30 53,68,29 
86,72,74 239,236,228 234,228,212 232,224,202 219,195,145 231,225,208 226,221,211 200,198,189 64,75,41 71,84,45 63,77,39 63,78,40 67,85,43 72,90,46 77,92,52 77,90,52 71,88,46 70,83,47 77,85,46 71,85,39 74,90,42 86,97,60 71,88,41 65,82,38 73,88,42 69,83,41 71,83,45 61,78,37 61,74,37 65,75,37 62,76,37 59,68,37 57,69,34 53,65,31 63,74,33 63,73,35 67,78,38 60,70,30 55,67,27 61,71,33 62,74,35 63,75,35 57,67,30 59,69,33 62,72,34 57,67,33 54,66,31 54,67,32 49,50,45 73,76,56 
82,71,76 236,231,219 233,225,206 226,217,193 197,183,154 222,212,187 222,215,198 192,188,169 71,81,41 64,74,40 66,79,44 68,82,43 64,77,40 68,82,44 75,87,49 70,81,46 61,77,42 65,80,41 69,82,42 77,89,42 71,80,38 77,82,42 73,81,41 71,80,40 67,81,40 67,82,40 69,78,42 62,73,37 66,74,39 65,74,37 62,77,37 58,72,37 58,70,36 58,68,34 60,69,32 62,69,34 72,73,41 75,70,46 70,66,44 72,67,47 69,67,44 80,80,60 78,78,59 83,83,67 89,82,74 104,97,95 108,103,103 84,76,74 46,44,44 86,79,82 
83,72,77 234,227,206 232,224,200 221,222,198 225,219,204 234,226,209 233,226,207 199,194,175 80,83,61 98,94,82 97,94,86 97,94,86 116,109,108 116,111,106 99,98,83 97,100,85 95,96,81 83,87,64 94,97,76 96,97,73 115,105,85 116,104,86 111,105,85 108,100,86 91,93,69 68,77,45 82,84,59 92,93,73 86,86,60 93,91,71 96,93,76 93,91,77 85,84,64 96,86,73 111,99,93 115,104,101 112,102,102 117,108,112 98,87,88 104,93,95 101,91,93 95,84,87 95,87,90 98,89,85 96,88,93 102,93,97 99,92,95 89,80,81 56,54,56 97,92,97 
101,91,100 234,227,207 232,223,197 233,226,210 231,224,207 235,224,203 233,224,201 204,199,188 107,97,104 114,104,113 114,106,114 111,104,113 114,108,117 116,109,114 117,110,116 115,109,115 120,114,119 125,118,123 127,120,124 120,112,114 120,111,111 117,109,109 115,108,107 117,109,109 119,111,110 116,109,107 116,106,106 114,102,102 124,113,113 125,113,113 121,109,109 118,107,106 119,108,108 119,109,108 116,107,106 106,97,97 105,98,99 104,97,97 105,96,100 112,103,105 112,102,105 130,122,124 129,122,127 35,35,35 39,39,39 53,57,61 113,114,103 75,78,61 42,42,42 101,91,89 
113,96,101 115,112,106 112,108,96 108,106,101 102,100,95 102,100,94 108,106,100 107,104,100 119,110,119 115,102,110 117,110,121 121,114,123 121,113,119 124,115,122 126,118,123 129,119,123 127,121,125 128,122,126 129,120,124 115,108,109 118,111,112 112,104,103 111,104,103 110,100,99 121,113,112 122,115,114 124,116,116 122,113,115 127,120,124 128,119,122 123,115,120 127,118,121 133,124,127 129,120,121 127,117,117 132,121,122 130,117,115 132,119,117 120,110,110 119,105,104 113,99,94 116,103,99 116,104,99 58,52,49 57,51,49 57,57,49 85,84,66 69,70,53 58,54,52 96,84,76 
93,79,84 64,64,64 66,66,66 39,39,39 30,30,30 30,30,30 30,30,30 40,37,37 120,101,104 127,109,114 117,100,106 118,99,103 118,103,106 126,108,111 129,113,113 147,130,132 124,109,108 124,110,108 119,104,97 127,110,106 113,99,94 121,101,96 119,102,97 132,121,114 117,104,98 107,93,84 118,105,100 117,103,97 122,107,102 124,108,106 120,105,104 140,127,127 140,126,125 134,118,114 110,97,91 115,100,94 127,109,102 105,92,87 87,79,76 81,74,70 81,73,71 67,58,54 81,74,69 77,68,66 70,63,62 62,58,54 62,59,55 75,72,68 76,71,70 64,59,59 
