139,140,136 148,152,148 143,148,143 141,146,142 142,146,143 146,150,147 152,155,152 150,153,151 145,150,147 162,167,165 164,168,168 170,172,171 168,170,170 166,167,169 166,167,169 169,170,172 170,171,172 176,176,177 178,178,180 189,188,191 197,197,199 209,209,213 208,209,213 200,201,203 192,192,194 203,202,204 201,202,204 206,206,208 203,203,205 207,207,209 217,217,219 216,216,217 204,203,204 204,202,204 195,197,197 196,197,198 204,204,204 210,209,207 213,212,210 217,217,217 212,212,211 211,211,212 208,210,209 190,191,190 183,184,183 175,177,176 188,190,189 157,155,155 109,104,100 82,74,66 
42,40,37 49,47,46 58,58,57 63,64,63 63,64,64 60,61,60 62,62,62 64,65,64 60,61,61 163,169,166 163,168,167 166,169,168 168,170,170 168,170,170 169,171,172 166,167,169 170,171,172 171,172,173 177,178,180 187,186,188 199,199,201 211,211,215 201,201,204 199,199,201 178,178,180 188,188,190 200,200,202 203,203,205 212,212,214 207,207,209 220,221,222 209,208,209 201,200,201 215,213,214 201,201,202 205,206,205 213,213,212 219,218,216 222,222,220 224,224,222 227,227,225 214,215,213 159,158,156 123,121,122 131,129,131 139,139,141 115,113,113 96,92,85 95,93,86 100,96,89 
55,53,50 75,73,70 91,89,87 97,95,94 97,97,96 111,112,112 98,99,99 110,111,110 91,92,92 167,171,169 166,169,169 166,168,167 167,169,170 168,169,170 170,171,172 166,167,169 165,166,168 167,169,169 171,171,172 174,174,176 192,191,193 202,202,204 204,204,206 198,198,200 180,179,181 182,182,184 186,186,188 200,201,203 211,211,213 213,213,214 217,215,217 195,195,197 197,197,200 213,212,212 209,209,210 216,216,214 223,223,221 228,228,226 232,232,230 189,188,185 141,139,139 76,73,70 115,115,118 123,124,127 122,123,127 121,121,126 115,113,113 108,106,102 106,102,96 104,100,93 
53,51,49 50,48,45 48,46,43 45,43,40 43,41,39 49,48,47 58,59,58 62,64,63 62,63,63 169,175,173 169,172,171 167,170,169 166,169,170 165,167,170 164,165,169 165,166,168 162,163,165 164,165,167 168,169,170 168,169,171 180,179,181 196,195,196 207,207,209 189,188,190 186,184,187 183,183,185 183,184,186 194,194,196 205,204,207 213,213,214 208,206,208 193,193,195 201,201,203 212,212,214 220,220,221 227,227,226 211,211,209 153,152,149 99,96,93 95,93,95 121,123,127 107,105,107 125,127,132 126,127,130 125,125,128 122,121,126 119,119,121 110,108,105 107,104,98 108,104,97 
51,49,47 65,64,62 72,71,69 71,69,67 70,69,67 43,41,39 41,39,37 46,45,44 57,58,58 171,177,176 169,174,172 171,175,173 168,171,173 166,168,171 160,162,166 161,164,165 161,164,166 161,162,164 165,165,168 166,167,169 171,172,172 188,186,187 193,191,193 186,185,187 182,182,184 181,181,183 182,181,184 184,184,186 201,201,203 218,218,220 208,206,209 203,203,206 215,215,217 216,217,218 174,174,175 132,131,131 109,108,109 109,108,111 122,124,129 123,125,130 127,130,135 127,129,134 128,130,134 129,129,133 128,128,133 126,126,129 112,111,110 98,96,88 111,108,98 111,107,98 
106,97,88 104,96,87 103,94,86 99,90,82 103,95,87 101,93,85 96,88,79 80,72,62 65,59,49 100,99,92 105,109,108 158,162,163 169,172,174 171,173,175 161,165,168 158,163,165 162,164,166 160,161,164 162,164,166 166,167,168 172,173,173 182,181,181 183,182,184 176,176,178 180,180,182 183,183,185 179,178,182 184,183,188 198,198,201 203,203,206 213,213,215 190,189,191 142,141,144 110,109,114 122,121,126 127,128,133 129,130,135 131,132,136 132,133,138 132,133,137 132,135,139 132,135,139 128,131,133 108,108,107 86,85,79 67,66,54 65,64,51 68,65,53 66,64,51 56,55,40 
101,89,76 100,89,77 104,95,85 105,95,86 112,102,93 111,102,94 112,105,97 112,105,98 106,101,92 100,97,89 90,88,81 98,96,91 156,159,160 176,180,181 170,174,176 161,167,170 160,165,168 158,162,165 162,163,167 165,167,167 178,178,177 189,188,186 181,181,180 175,175,176 172,172,175 183,183,185 176,176,180 181,182,186 187,187,191 168,168,171 122,120,123 108,107,111 121,121,127 127,128,134 132,133,138 133,133,139 136,137,142 137,137,142 134,135,139 120,121,123 103,103,102 83,81,77 69,68,60 69,68,57 68,67,55 67,66,53 67,64,52 61,59,50 57,55,43 60,58,43 
119,108,97 117,105,94 112,101,89 96,86,74 101,92,81 106,97,90 115,107,100 113,107,101 114,111,104 114,115,110 118,120,117 117,117,113 102,99,95 119,119,116 160,164,163 168,175,175 164,169,171 162,166,168 166,168,170 169,171,171 178,178,178 191,190,189 185,184,184 180,180,181 173,174,177 179,179,183 170,171,176 174,176,181 133,134,141 118,119,125 121,123,128 126,127,132 131,130,136 136,134,140 139,138,145 136,136,140 117,117,118 96,94,92 79,75,72 75,71,66 75,71,64 74,71,62 72,70,59 71,68,56 70,64,53 69,61,50 66,58,46 65,56,44 62,57,42 63,58,44 
123,112,102 122,112,103 120,112,102 118,110,101 115,105,96 100,92,82 91,82,75 102,96,89 112,110,103 113,113,109 125,129,126 127,130,128 127,129,129 124,125,123 104,103,98 115,114,110 157,158,158 180,183,185 180,182,182 176,177,175 177,179,178 185,185,184 186,186,186 184,185,185 178,179,182 175,176,181 169,171,176 171,176,182 130,132,139 126,127,134 131,132,138 135,136,141 126,125,129 108,107,107 89,86,83 75,72,66 76,73,67 78,73,66 77,73,64 77,72,62 75,69,58 75,68,56 75,65,52 75,62,48 73,60,47 72,59,47 70,59,47 68,59,45 68,60,45 64,59,47 
108,96,85 124,113,102 123,114,104 120,112,104 118,111,102 117,110,102 115,109,102 113,107,100 110,107,99 118,116,111 112,111,107 119,119,116 127,127,127 133,133,133 131,131,131 126,126,123 110,108,103 120,116,110 163,161,158 175,178,174 188,189,186 185,186,184 190,189,188 190,191,191 190,192,191 183,183,187 174,178,183 157,161,166 130,132,137 111,111,114 93,93,92 76,74,70 73,70,66 75,70,65 62,58,52 77,71,62 78,71,60 79,69,57 78,67,54 78,66,52 77,66,52 78,67,52 78,67,52 79,68,54 79,69,53 77,70,55 76,70,56 74,70,55 70,69,54 69,68,52 
60,53,38 64,56,41 79,69,58 93,84,72 108,101,89 118,111,101 120,114,108 118,114,109 120,119,113 133,134,130 138,139,140 139,140,142 135,136,136 127,127,125 126,124,122 125,124,121 123,123,118 121,121,114 117,116,109 118,117,105 144,143,131 145,148,135 172,174,172 186,188,189 194,196,196 156,153,154 124,121,119 133,133,135 75,75,70 71,68,63 74,70,65 75,69,62 77,69,61 79,68,56 78,66,54 79,66,52 81,67,53 82,68,54 84,71,56 85,72,59 83,74,61 83,75,62 82,76,64 79,76,62 76,75,62 63,60,48 71,72,57 74,72,58 71,71,57 72,73,60 
32,29,22 40,39,26 52,45,33 57,50,36 60,54,40 65,59,45 82,76,64 95,92,84 113,111,104 120,119,115 136,136,136 147,147,149 144,145,146 143,144,145 133,134,131 128,126,121 110,111,99 104,106,87 118,118,109 110,111,96 108,109,93 87,91,62 117,120,104 156,155,156 127,123,121 112,110,107 108,108,106 94,92,86 72,66,55 76,65,54 75,63,51 81,68,54 83,70,56 85,71,59 84,73,60 85,74,62 85,76,65 84,76,68 83,77,68 83,77,68 82,77,68 82,78,67 82,78,66 81,78,65 79,77,64 78,76,63 77,76,61 77,75,61 76,76,61 81,78,66 
23,21,21 24,25,21 18,18,19 23,21,22 30,28,24 41,38,30 57,51,39 56,54,42 60,56,47 71,68,61 76,72,67 89,84,80 108,106,104 129,129,127 138,139,137 122,125,114 106,111,94 111,113,98 113,114,103 99,102,82 80,87,59 71,80,49 112,115,107 121,123,119 125,124,122 124,124,122 121,122,121 116,112,109 97,89,82 91,80,72 86,76,66 82,75,63 81,75,65 82,75,66 83,76,68 77,71,62 84,78,69 85,79,70 85,80,70 80,74,63 82,76,65 86,81,70 84,82,69 83,81,68 83,80,66 83,79,67 81,79,64 81,79,65 84,81,68 81,79,65 
20,18,21 20,19,21 19,19,21 18,18,21 18,18,21 22,22,23 59,49,32 31,30,28 33,33,30 35,35,29 39,37,32 49,44,38 65,59,54 80,77,66 81,81,66 91,94,73 91,94,70 105,109,91 100,104,85 109,112,101 81,87,64 80,86,60 104,108,95 124,126,122 123,124,121 114,115,113 89,88,82 75,73,66 69,64,57 86,79,74 96,87,80 80,75,65 76,74,60 81,76,63 87,79,69 89,81,71 87,79,69 91,83,72 91,85,73 91,85,73 92,85,74 92,86,74 90,87,73 82,78,64 82,80,67 83,81,67 82,79,65 84,80,66 83,81,67 78,78,63 
22,20,23 21,20,22 21,20,23 21,20,22 20,20,23 21,21,23 60,50,33 32,30,28 28,28,27 29,30,27 35,37,30 21,20,17 23,21,20 25,23,24 70,71,43 73,81,44 71,79,42 69,77,39 70,74,43 74,80,53 73,76,54 69,76,46 88,92,74 77,79,61 64,62,52 95,96,92 64,63,55 71,68,58 72,68,58 87,81,74 105,97,91 89,80,71 87,80,70 83,78,64 85,79,66 89,81,69 85,77,65 88,81,68 86,80,68 85,79,67 82,78,63 82,77,61 81,77,61 79,77,59 78,76,61 79,76,62 81,77,63 81,75,60 101,106,89 120,136,109 
25,22,25 25,21,24 24,22,23 23,21,24 23,22,24 22,21,23 60,50,34 34,32,28 23,23,24 21,20,20 20,22,20 28,27,28 33,32,33 36,35,37 64,55,47 68,71,43 57,65,34 62,71,33 63,71,33 63,70,39 58,65,37 70,74,50 63,69,40 62,69,48 61,65,58 101,104,103 65,65,59 72,69,63 78,73,66 101,95,89 108,101,97 82,74,62 90,84,72 92,86,75 82,76,61 89,89,74 96,94,84 99,98,88 120,118,112 144,141,138 155,153,149 126,129,121 98,104,90 120,123,114 113,120,109 111,121,108 113,121,102 79,64,50 91,101,74 93,114,74 
49,46,38 49,46,35 49,47,37 40,39,34 25,23,26 24,22,26 61,53,39 41,37,32 29,25,26 29,23,22 24,23,21 27,26,26 20,19,21 21,22,21 61,52,44 55,55,39 59,65,35 62,68,36 54,61,30 60,67,33 53,61,31 69,73,52 49,56,28 37,40,31 36,38,41 98,99,101 108,110,106 63,64,55 47,58,40 78,86,74 115,108,105 89,110,53 100,118,77 76,90,57 75,74,54 63,79,57 81,94,75 108,116,99 135,145,127 184,190,179 200,203,197 131,140,127 101,110,97 102,113,95 99,114,95 86,104,71 87,98,66 78,65,50 65,78,52 66,83,51 
47,43,40 41,36,34 42,37,33 56,54,47 27,25,28 27,24,28 67,60,49 51,46,40 27,26,27 33,27,26 21,20,19 64,60,57 71,67,62 63,60,59 64,54,50 57,53,41 48,48,29 58,65,34 56,62,33 60,66,37 50,56,32 68,73,54 45,48,29 28,29,27 20,20,21 99,99,100 123,126,122 55,60,47 33,49,29 80,92,76 120,113,111 74,95,39 87,107,52 80,86,60 77,80,58 55,69,50 57,72,50 67,81,58 76,94,66 71,91,70 90,103,77 66,83,59 63,78,58 72,87,59 76,91,58 56,70,48 75,81,58 77,68,54 57,75,46 71,91,57 
69,67,63 47,41,38 46,40,36 68,64,60 26,25,27 24,22,23 78,70,63 69,64,60 29,27,28 39,34,35 16,16,17 63,59,58 53,45,39 60,58,56 65,57,54 66,65,52 53,56,31 52,56,31 53,58,34 57,64,37 52,59,33 67,71,54 34,36,24 25,24,23 23,21,23 98,97,99 110,113,109 56,60,47 33,49,28 79,88,75 122,115,113 69,92,34 83,107,45 76,81,54 85,86,60 94,111,52 84,100,58 66,81,59 67,83,56 60,76,61 69,83,60 53,67,49 41,53,39 76,85,67 61,71,50 54,62,45 76,76,62 78,71,57 46,61,39 53,69,42 
85,85,82 57,50,44 58,51,43 74,71,64 32,33,33 22,20,19 88,79,75 93,86,84 28,28,28 50,45,47 16,17,18 63,61,61 63,54,48 71,67,65 67,59,58 62,57,55 41,41,31 55,62,32 53,58,36 56,61,39 51,57,36 78,82,64 38,39,25 24,23,24 23,21,24 96,96,98 76,79,74 58,59,52 57,69,61 88,93,88 120,114,113 46,63,20 62,83,30 71,75,48 86,90,65 85,94,53 81,96,42 60,75,54 51,64,49 55,70,54 53,64,47 43,57,42 44,56,42 74,85,62 62,70,54 57,67,52 92,88,79 75,69,57 44,55,39 49,61,41 
95,95,92 71,65,57 63,56,47 78,73,64 46,48,46 27,25,22 90,81,77 108,100,98 24,24,23 42,35,35 19,19,20 61,59,59 70,63,54 80,76,73 69,60,60 73,66,65 35,33,29 41,41,27 47,51,32 51,54,32 46,50,30 74,74,63 32,31,26 30,27,29 30,27,29 101,99,100 142,136,131 96,86,79 110,101,99 127,121,122 121,112,112 64,67,38 67,78,46 106,105,101 100,102,102 100,102,100 97,104,102 91,94,95 52,54,50 46,74,71 33,80,71 26,62,55 53,72,60 73,85,64 67,74,58 64,73,58 102,98,86 76,75,61 44,52,37 60,71,66 
98,99,97 86,81,76 78,74,70 89,86,82 53,54,53 28,26,23 90,81,77 120,113,112 31,28,27 49,39,38 33,28,28 65,64,66 104,107,110 106,110,115 67,59,60 82,74,74 38,30,30 38,32,29 42,44,32 46,48,32 43,45,29 81,81,72 35,32,32 32,29,32 28,26,28 103,100,101 118,113,107 129,115,109 132,120,116 135,123,122 115,105,106 88,72,63 85,68,60 101,82,72 109,92,83 97,80,73 117,112,99 66,75,59 81,83,66 68,95,66 46,97,79 46,90,75 74,104,85 89,106,77 77,94,62 79,93,70 107,102,86 84,86,66 51,62,43 79,93,104 
102,108,110 103,108,108 104,108,108 106,112,113 67,67,71 34,27,26 86,78,74 134,128,127 43,36,34 49,41,40 31,28,27 52,54,59 91,97,104 85,90,96 62,56,58 83,78,79 28,26,26 33,35,29 47,51,36 41,43,27 42,43,29 76,78,72 35,37,43 37,45,58 40,51,65 94,95,100 109,94,91 105,87,85 127,112,108 157,147,148 109,100,99 69,54,44 76,60,49 91,73,62 98,81,66 90,70,56 121,112,100 120,121,104 116,117,99 115,119,97 105,113,87 92,103,70 91,106,68 88,109,72 85,106,65 94,112,71 114,106,88 86,91,67 57,70,45 83,104,126 
95,102,101 95,99,95 90,92,87 83,86,83 59,59,58 33,28,26 81,73,71 142,136,136 31,29,28 40,35,34 29,28,29 32,28,29 23,22,24 33,30,32 61,53,56 97,90,92 62,55,55 74,71,63 67,71,51 52,54,34 51,50,34 68,71,59 58,63,69 69,66,73 72,64,66 82,73,69 64,57,52 84,71,64 94,82,76 142,135,135 112,104,103 63,49,39 72,57,47 88,72,61 93,72,59 88,72,59 118,110,95 140,135,128 156,151,145 155,151,146 155,151,146 148,144,138 132,133,122 101,114,82 93,111,68 97,115,81 115,102,91 93,106,77 88,103,69 146,141,146 
36,31,28 28,23,22 27,23,21 30,26,24 45,38,35 39,36,38 75,67,67 150,142,143 44,41,44 53,48,52 71,64,64 75,68,68 79,69,67 90,79,75 107,97,94 111,103,101 99,89,84 98,91,84 78,71,55 64,58,41 69,58,44 65,56,50 79,66,60 78,70,66 72,63,59 63,60,56 97,88,82 98,85,78 94,79,72 116,108,109 115,106,106 82,69,60 62,51,42 83,67,56 91,71,59 88,75,62 101,93,83 120,114,107 138,133,127 149,143,138 152,148,142 145,140,135 139,135,131 154,157,153 111,131,80 110,124,91 111,98,90 89,102,68 88,101,61 112,109,91 
43,41,43 35,30,31 42,41,44 49,44,47 70,61,59 95,88,89 118,107,106 149,139,137 129,116,110 125,112,105 111,103,99 91,86,84 93,90,91 105,102,105 103,98,101 113,100,100 124,101,98 91,72,69 92,73,68 71,62,57 89,82,77 100,92,87 103,91,85 91,79,74 96,79,72 87,83,78 102,91,84 98,83,75 90,74,66 114,105,105 110,101,100 107,99,92 109,101,95 105,97,91 112,105,97 121,114,106 129,121,113 134,126,119 138,131,124 136,130,123 136,130,125 136,132,126 132,128,124 129,125,119 155,161,154 124,134,97 109,97,89 106,125,70 94,112,60 93,112,62 
91,81,78 91,81,75 102,93,86 101,92,84 93,84,77 104,93,87 99,86,82 100,96,95 100,97,99 115,112,113 119,114,116 114,102,101 133,106,105 118,86,85 95,73,70 74,62,59 97,85,80 93,85,81 108,100,94 97,90,85 95,89,84 103,98,95 101,93,88 99,86,80 105,86,78 96,92,86 90,81,74 96,80,73 89,71,62 107,98,97 112,106,104 108,102,97 109,104,98 111,106,101 114,108,102 120,114,106 124,118,111 130,122,115 136,128,120 138,130,123 142,134,126 144,136,128 147,140,131 141,134,126 142,136,129 161,155,152 107,99,89 101,122,60 95,117,57 92,110,59 
83,74,67 74,69,64 84,82,80 95,93,93 93,85,84 126,117,117 133,117,117 109,102,103 140,114,109 128,98,93 107,84,78 80,67,63 90,74,70 119,104,98 125,110,105 109,97,93 109,101,97 93,90,87 108,104,100 106,102,97 102,99,95 103,99,96 101,92,88 99,84,77 97,79,71 87,78,71 96,92,87 98,83,76 93,77,70 112,105,106 104,97,94 96,92,88 97,93,87 102,97,91 107,101,96 109,104,98 115,109,104 121,114,109 120,114,108 122,116,110 128,121,114 131,124,115 137,131,121 143,137,128 151,144,136 140,128,118 101,96,88 102,119,71 98,119,61 92,110,56 
116,104,102 127,110,108 143,124,121 163,131,125 153,117,110 126,95,89 109,80,73 89,70,64 104,86,80 123,110,103 129,117,109 128,114,108 119,105,99 115,103,98 122,109,104 116,107,105 115,108,105 111,108,106 108,105,101 109,104,99 105,101,96 105,101,98 100,91,87 98,92,87 103,98,93 97,88,82 86,82,77 83,78,74 100,96,96 112,109,108 117,114,111 103,102,98 98,94,91 98,96,92 100,97,92 103,99,94 106,101,97 111,106,102 114,108,104 115,109,105 115,110,102 117,112,105 119,114,106 124,118,111 127,121,113 129,123,113 130,125,117 123,126,116 98,114,65 94,113,58 
134,100,94 111,80,74 84,64,57 87,68,60 103,87,80 121,106,99 127,112,105 129,113,106 132,118,110 131,118,111 131,122,116 128,120,117 127,119,115 124,116,113 122,111,109 121,113,109 117,110,107 113,111,108 110,107,103 110,106,101 106,98,93 102,94,91 98,90,87 102,97,93 100,95,90 84,78,73 62,59,55 75,73,64 84,82,80 108,106,106 115,114,113 113,113,111 110,109,107 108,105,103 108,104,101 107,103,99 108,104,100 107,103,99 109,103,98 112,106,102 110,105,99 115,110,103 115,111,105 117,113,107 116,112,104 119,114,107 118,113,104 132,131,126 131,134,126 89,101,54 
96,76,69 112,96,89 114,98,90 124,112,103 127,114,106 129,115,107 129,114,107 128,117,110 132,121,117 133,122,117 133,125,118 130,123,119 130,122,118 128,120,117 125,113,111 123,114,111 119,112,108 114,112,109 110,106,102 107,97,92 101,88,84 101,97,94 91,84,82 95,89,85 84,83,79 87,88,84 80,74,66 83,81,71 84,80,74 97,94,90 97,94,90 112,112,111 101,99,96 108,107,106 104,102,100 104,100,96 108,105,102 108,105,100 112,105,103 113,107,103 114,109,103 109,105,97 108,104,97 112,108,103 112,108,100 110,105,97 109,105,96 100,96,87 125,125,126 121,124,114 
119,104,95 118,102,94 118,102,94 121,108,99 125,112,104 125,114,105 129,118,114 130,120,113 132,121,115 128,117,110 131,124,118 129,122,118 130,120,116 130,120,118 125,107,101 121,111,107 115,105,100 111,104,100 109,98,92 109,99,95 104,94,90 98,93,90 82,79,78 75,73,69 71,73,67 105,107,101 109,110,106 111,110,107 108,105,102 102,99,95 99,97,92 107,105,101 112,111,108 114,112,111 118,116,116 111,109,107 101,98,93 99,95,90 101,97,92 108,103,100 111,107,102 111,107,102 108,106,99 109,106,100 109,105,98 105,102,95 95,90,83 98,93,87 103,99,94 116,116,118 
118,105,96 122,111,103 126,115,107 125,115,106 127,117,109 128,118,110 130,119,113 129,118,112 131,120,112 131,119,112 132,124,119 130,121,118 131,122,118 127,118,114 114,81,73 114,96,91 113,101,97 110,103,99 110,100,94 109,100,96 103,97,94 92,88,83 69,67,63 77,75,70 88,86,79 107,106,99 107,106,101 109,106,101 112,110,107 111,109,105 113,112,108 118,118,116 111,110,106 111,109,106 119,118,116 120,119,116 121,119,116 110,108,103 106,102,98 102,98,94 108,104,98 104,100,94 107,104,99 114,110,106 112,109,104 107,104,99 101,97,91 81,78,72 75,71,66 85,83,80 
125,114,106 126,116,109 126,115,108 123,113,104 124,111,103 128,116,109 131,120,113 131,121,115 133,120,113 133,124,118 133,125,121 129,120,117 122,107,101 114,98,92 121,104,98 118,106,102 115,106,102 112,106,102 109,99,93 103,93,89 82,80,76 76,75,71 73,73,66 76,75,68 83,81,75 97,96,89 107,103,100 110,105,100 113,112,107 116,114,110 115,114,110 124,124,122 120,119,119 112,109,106 110,108,103 112,109,105 112,110,107 117,112,108 118,114,110 114,110,107 118,115,112 106,103,98 99,95,89 112,109,105 113,111,108 104,103,97 106,102,96 109,104,99 104,99,93 83,78,73 
123,113,104 120,110,101 123,113,104 120,108,100 122,101,91 128,109,100 131,120,114 133,122,116 133,120,113 134,123,118 135,123,117 128,110,104 117,97,91 122,109,103 124,112,108 120,110,105 115,107,103 113,105,101 94,86,80 87,87,77 68,68,62 76,76,71 84,86,78 95,95,86 86,86,81 92,91,86 98,96,90 102,99,93 114,111,106 113,109,102 107,105,95 116,115,112 111,109,106 109,107,104 108,107,104 105,102,99 104,100,97 105,100,94 106,101,94 107,102,96 114,111,106 125,121,118 102,98,90 110,107,102 110,107,102 105,102,96 105,100,94 110,104,98 94,89,83 84,77,72 
119,109,100 122,111,102 122,110,102 119,104,95 118,81,70 124,90,81 131,120,114 133,121,115 133,119,113 136,117,112 133,115,109 132,117,110 130,116,111 128,115,111 124,112,107 122,111,108 111,104,100 108,102,99 82,82,79 70,69,65 82,80,74 87,86,80 88,87,82 87,86,80 93,92,86 98,96,89 102,100,94 101,99,92 100,95,90 112,107,103 113,110,105 112,109,105 109,106,102 107,104,100 108,106,103 109,106,104 107,102,99 105,102,96 111,105,101 111,105,100 114,109,104 113,108,104 107,102,96 101,97,91 109,105,100 105,102,96 95,91,85 95,90,83 89,82,75 68,62,58 
120,110,100 121,110,100 123,110,100 120,89,78 111,71,62 118,80,73 130,119,113 133,115,110 131,112,106 133,118,112 133,119,112 133,118,111 129,117,112 126,114,110 121,108,102 105,95,89 92,85,80 102,99,96 91,92,90 97,97,90 94,92,87 86,84,79 88,87,82 95,94,88 94,93,88 94,93,87 88,87,82 97,94,88 107,104,98 110,106,99 112,109,105 115,112,109 108,105,100 110,106,103 108,103,99 108,105,101 109,105,101 111,107,103 113,110,105 113,108,103 112,106,101 112,108,102 111,107,101 104,100,95 104,101,95 103,100,94 117,115,112 110,108,105 98,93,89 76,70,64 
116,102,93 118,104,95 122,96,83 114,74,65 107,70,63 118,85,81 131,118,115 131,122,120 136,125,122 134,123,115 135,122,116 133,120,114 126,115,108 115,104,100 100,94,90 92,88,83 80,77,73 78,74,68 104,102,100 97,96,92 100,98,92 92,90,83 91,90,84 93,92,88 90,90,87 94,94,88 90,89,84 91,88,85 100,97,92 97,94,84 106,102,94 107,103,98 105,102,94 111,106,102 110,106,101 109,105,101 113,110,105 116,112,108 113,109,104 113,110,105 110,105,100 110,105,101 111,107,104 107,103,98 112,107,102 118,116,112 115,113,109 115,113,110 125,124,122 114,110,108 
115,104,95 118,103,95 118,82,70 111,80,71 118,102,98 132,124,121 129,124,121 132,127,125 135,125,122 136,123,115 135,122,115 128,114,108 117,107,102 102,97,95 93,90,87 96,92,88 91,89,82 95,91,85 86,82,74 109,107,102 106,105,101 95,94,87 95,95,90 93,93,89 96,97,93 90,90,86 92,91,85 93,92,86 98,95,90 110,107,102 111,106,101 106,102,96 108,103,96 108,102,97 109,104,99 109,104,98 109,104,100 112,108,102 116,111,106 112,108,103 114,112,107 114,107,103 116,110,108 122,120,117 114,110,104 117,113,107 117,116,112 116,113,108 114,112,108 121,120,119 
121,108,98 118,101,91 118,94,85 130,123,118 132,126,122 132,126,123 132,126,124 133,127,125 132,124,120 133,120,113 117,103,97 86,78,72 80,76,73 74,71,66 79,75,70 85,82,74 87,84,76 88,84,76 91,88,80 91,89,84 104,102,97 101,99,94 101,101,96 104,104,100 100,100,96 94,93,88 93,92,86 99,96,90 101,97,91 109,103,96 107,104,100 112,108,105 113,109,103 113,106,103 113,108,103 110,105,99 112,108,102 106,101,94 109,105,100 114,110,105 113,110,105 113,108,103 118,114,111 124,120,118 121,117,112 120,116,110 121,117,113 122,121,120 121,117,114 114,111,109 
129,112,104 120,105,98 124,112,103 130,122,118 130,123,122 130,124,121 132,125,123 131,125,123 126,116,112 111,101,96 94,90,83 77,74,67 82,78,72 91,87,80 94,90,82 89,85,78 88,82,74 85,84,76 95,92,86 109,107,102 96,93,89 122,122,118 111,111,106 112,111,106 109,108,105 110,110,105 94,94,88 91,89,83 92,89,82 96,93,84 99,96,87 105,99,92 113,110,105 111,106,103 111,107,101 112,106,100 110,105,99 109,104,98 111,106,100 111,107,101 115,111,108 116,111,106 118,113,110 120,117,114 118,112,107 119,112,107 120,113,106 118,112,107 115,113,112 121,116,115 
120,109,100 122,111,103 128,118,109 128,121,116 130,122,120 131,124,121 130,122,119 117,108,105 124,116,113 91,86,79 83,79,70 84,80,72 99,94,88 102,97,90 107,103,94 88,86,78 86,84,76 90,88,80 99,95,88 104,101,96 100,98,92 99,98,94 121,121,117 118,119,115 118,118,114 105,104,100 90,89,83 90,88,83 94,90,85 89,86,79 90,86,74 89,85,79 107,102,95 103,98,93 106,104,98 113,109,104 104,98,90 105,101,93 111,106,101 97,93,86 114,109,106 133,130,130 117,112,108 120,116,112 118,114,110 126,123,120 119,113,110 115,112,106 53,45,45 102,98,97 
119,110,101 125,117,109 126,117,110 126,119,114 125,119,115 123,116,113 124,118,115 103,99,95 84,78,71 87,82,71 91,86,78 104,99,91 117,113,108 113,108,101 102,98,92 93,90,83 89,87,79 95,94,85 94,93,85 104,102,95 112,110,104 96,95,90 102,101,96 129,128,124 128,127,123 113,112,109 95,95,88 91,90,85 88,86,80 89,85,77 90,84,73 89,84,77 93,87,81 91,87,81 93,88,81 96,90,83 99,92,85 98,92,85 107,102,96 113,106,102 104,97,93 112,108,105 139,137,135 135,134,132 134,135,133 120,118,114 124,121,118 114,112,109 88,72,72 104,102,101 
117,107,101 238,235,228 238,235,227 238,234,226 235,232,225 238,235,228 239,236,228 204,201,195 94,87,78 99,94,85 106,100,93 113,110,102 112,108,100 106,102,93 109,106,99 94,91,83 99,95,86 98,97,88 109,107,101 107,106,101 112,111,105 96,95,91 93,91,88 124,125,125 137,140,139 128,129,126 104,103,97 89,89,83 85,83,80 92,87,81 86,84,76 89,86,80 92,87,82 93,87,82 95,89,82 90,84,77 94,87,80 98,92,86 107,100,95 105,99,94 105,99,94 98,93,85 99,95,90 130,128,123 144,144,143 127,125,124 131,131,130 124,123,121 63,62,60 117,113,112 
116,107,98 238,235,228 235,229,215 233,226,208 222,202,163 238,235,228 239,236,229 207,204,198 100,95,86 95,90,82 104,100,92 122,117,111 112,109,101 114,112,105 117,113,108 101,98,92 104,100,93 114,113,106 128,127,121 118,118,112 111,110,106 102,100,95 102,101,96 93,92,89 130,133,131 127,130,128 105,105,100 89,88,82 89,85,81 113,110,106 101,96,90 90,85,79 94,87,82 96,91,84 95,88,82 93,86,79 99,92,87 100,94,88 108,101,98 100,93,89 104,98,93 110,103,96 102,95,87 98,94,86 118,113,109 128,124,123 142,142,144 133,132,133 60,60,60 113,109,107 
101,92,84 239,236,229 234,228,213 226,219,200 198,185,156 233,227,211 228,224,214 204,200,193 94,89,80 102,96,89 111,107,99 126,124,120 125,122,116 121,119,112 116,112,106 113,109,103 114,110,103 117,115,109 119,119,112 119,119,113 114,114,108 114,114,110 119,118,114 107,106,102 98,98,94 120,121,119 102,103,98 89,88,81 88,84,77 110,107,102 121,117,113 89,85,80 87,83,78 93,88,81 94,88,81 95,88,81 99,92,85 103,98,91 108,102,97 107,101,94 106,100,92 106,98,90 108,98,90 117,109,100 104,98,91 97,90,87 128,125,124 137,135,136 52,51,52 117,114,113 
75,69,63 237,232,220 233,226,207 231,222,198 225,218,198 221,212,187 222,214,196 194,188,175 101,97,89 109,103,96 143,141,138 132,131,126 137,137,131 130,128,122 118,114,108 124,120,114 122,120,112 122,120,111 119,120,114 123,122,116 113,112,106 113,114,109 118,118,116 114,113,109 100,100,95 90,89,84 98,97,93 90,86,81 86,83,75 89,86,80 131,128,124 102,96,92 89,85,77 91,85,79 91,86,77 91,85,77 100,92,85 104,97,90 104,98,89 106,100,91 107,101,94 114,105,97 118,108,99 104,96,88 112,104,95 106,98,93 98,92,88 102,97,95 61,59,59 126,125,125 
71,68,58 235,228,209 232,223,199 223,225,201 232,225,209 233,226,208 233,226,209 204,197,179 113,108,101 120,116,109 132,131,126 134,134,129 132,131,124 116,113,106 115,111,105 122,119,113 128,127,120 125,124,117 127,128,122 119,118,112 108,108,103 110,110,104 114,112,108 116,116,112 111,111,107 108,106,102 97,94,88 89,85,80 89,85,77 83,81,72 118,114,109 122,118,113 93,86,81 92,84,79 89,85,75 89,83,76 96,90,82 105,97,91 102,96,89 103,97,91 108,101,96 133,126,119 123,115,109 36,36,36 39,39,39 53,58,61 113,114,103 75,78,61 42,42,42 100,97,94 
77,74,67 114,110,101 113,110,102 111,109,104 111,108,101 112,108,100 111,108,98 106,103,96 125,122,115 122,118,111 118,116,108 128,126,120 121,119,111 120,118,109 118,114,108 115,113,106 119,119,113 115,115,109 122,122,116 114,114,109 107,107,101 102,101,96 107,106,103 125,125,122 132,131,128 132,129,126 111,106,99 98,94,85 90,86,78 89,85,77 106,101,93 139,135,132 105,98,93 93,87,81 89,85,75 109,102,95 128,122,118 101,95,88 102,97,92 100,95,89 99,94,88 105,98,93 104,98,94 52,51,53 52,53,54 56,56,58 84,82,73 76,75,62 57,55,53 92,87,84 
90,86,79 62,62,62 64,64,64 40,40,40 30,30,30 30,30,30 30,30,30 39,38,37 110,107,98 108,105,98 114,110,103 126,125,119 121,117,112 116,114,106 117,115,108 114,113,106 113,112,107 119,117,110 115,115,109 116,116,110 104,104,97 106,104,98 88,89,84 114,114,112 126,123,121 127,123,121 122,118,112 102,98,88 96,93,82 94,89,81 99,95,86 135,131,125 124,119,112 116,110,102 128,123,117 135,131,126 136,132,129 103,101,96 79,77,74 74,71,69 76,73,71 62,59,56 75,71,69 66,65,68 65,65,67 55,55,58 57,57,60 75,72,73 76,73,71 61,58,57 
