42,44,31 26,29,26 40,44,32 47,47,32 56,51,36 60,58,42 55,55,40 53,54,42 42,41,28 53,51,31 37,38,25 56,55,32 81,80,58 192,193,193 212,215,221 209,212,219 205,208,215 201,205,212 204,207,213 209,210,215 199,202,209 202,205,210 204,207,212 202,205,211 203,205,212 202,205,211 202,204,211 206,208,213 212,213,217 206,207,209 165,163,165 115,113,104 46,44,36 45,44,28 57,55,51 52,56,24 34,36,19 33,32,22 30,28,22 27,27,25 122,123,130 84,81,85 46,45,46 52,53,59 115,111,127 25,26,29 24,23,25 31,32,33 26,25,26 35,34,34 
43,42,38 37,37,36 36,36,34 40,39,36 43,43,39 39,40,35 41,42,38 43,43,39 41,40,35 50,49,31 54,53,32 49,48,33 55,52,37 86,84,68 183,185,186 208,212,219 207,210,217 207,210,217 214,215,220 214,215,219 211,212,216 208,209,215 212,213,217 211,213,217 205,208,214 204,207,213 206,208,214 209,210,215 213,214,218 161,160,153 170,168,170 84,81,64 35,35,27 36,36,23 51,49,31 41,43,22 25,26,20 25,25,18 24,25,22 36,37,38 165,162,176 45,43,42 29,27,29 55,54,61 93,89,105 49,47,53 35,34,39 102,105,113 73,70,80 117,114,123 
53,53,49 77,77,74 94,94,91 92,92,90 88,89,85 95,95,93 86,86,82 97,97,94 78,77,72 74,73,44 43,42,26 41,39,26 43,41,31 52,50,35 135,135,128 215,217,224 211,214,220 210,213,219 214,216,221 215,216,221 214,215,219 212,213,218 211,213,218 208,210,216 206,209,216 207,210,216 210,212,217 211,212,217 209,209,214 120,118,104 147,145,131 80,80,48 37,36,23 35,35,29 47,47,26 34,35,19 27,29,21 36,37,22 23,24,23 59,56,62 136,132,146 41,37,36 23,23,22 60,57,62 82,80,96 32,31,35 39,40,45 208,208,217 120,116,127 89,86,97 
46,47,42 45,45,39 50,50,43 41,41,37 40,40,36 37,38,36 36,36,35 37,37,35 41,41,36 74,71,44 60,60,35 49,48,29 51,50,37 71,69,54 163,163,165 223,225,230 219,221,226 215,217,223 214,215,220 214,215,220 211,212,218 212,213,218 210,213,218 207,210,217 208,211,218 210,213,219 214,215,220 209,210,213 161,161,152 98,95,69 82,83,47 59,59,33 29,30,23 25,25,25 34,35,23 34,33,22 38,38,32 28,29,23 49,49,55 133,131,143 155,148,155 33,29,27 35,33,31 57,50,44 64,58,60 41,40,44 69,69,73 185,182,190 117,114,119 57,54,62 
45,45,41 63,63,57 73,73,66 65,66,62 60,60,58 33,33,32 35,35,34 35,35,33 40,39,35 91,85,62 54,53,34 79,75,44 92,90,58 55,54,35 122,120,115 219,222,228 225,228,233 221,222,227 215,218,223 214,216,221 213,215,219 216,218,222 214,217,221 209,212,219 211,214,220 215,217,223 218,217,222 179,179,176 89,89,58 95,93,72 61,61,31 39,39,24 22,23,22 33,33,33 52,50,38 30,30,24 41,41,34 34,34,34 73,72,76 196,191,196 82,72,71 38,35,31 38,35,30 80,71,63 56,50,48 25,26,27 108,101,96 127,119,118 135,131,133 86,81,89 
67,65,48 67,65,44 87,85,56 80,80,54 34,36,30 37,40,30 36,38,30 39,39,34 46,45,41 73,66,48 44,44,31 64,62,39 72,73,44 70,70,41 144,143,133 227,229,234 224,227,233 220,222,227 220,221,226 218,220,224 220,221,224 225,225,227 219,221,225 214,217,223 215,218,225 217,218,223 217,217,222 187,187,185 84,84,57 68,69,38 53,52,29 42,44,25 31,32,26 74,72,78 46,43,26 31,32,28 31,31,27 36,35,38 59,55,53 105,96,93 64,56,54 62,53,51 72,62,59 63,56,52 39,39,36 23,24,24 71,64,59 172,169,166 124,116,116 84,79,88 
82,79,56 47,49,34 56,57,41 69,74,46 44,47,34 32,36,30 43,48,35 39,41,32 41,41,34 47,47,31 36,35,29 35,36,30 45,46,33 68,70,43 78,76,53 148,143,127 228,229,234 223,224,228 223,224,229 223,224,226 226,227,228 229,229,229 225,227,229 219,222,227 220,221,227 219,220,224 211,212,214 130,129,117 79,82,52 52,56,32 55,56,34 33,34,23 30,32,25 42,41,40 31,31,28 38,36,37 23,23,23 34,33,34 31,30,29 45,43,39 43,40,39 61,55,51 46,41,40 36,36,35 78,73,73 17,17,14 55,51,48 179,173,173 97,94,89 99,95,97 
75,72,54 39,43,33 52,55,42 42,44,36 30,33,30 29,31,29 29,31,29 31,32,29 31,33,27 47,49,31 40,43,31 52,53,49 43,45,36 55,56,38 83,84,63 123,124,113 234,234,235 229,229,231 227,228,230 226,226,228 228,228,229 229,228,228 226,226,227 217,218,223 217,218,223 170,168,169 153,152,144 118,118,102 61,64,42 56,60,35 37,40,29 22,24,23 34,36,27 45,45,43 28,29,26 61,59,65 34,34,32 30,30,29 37,36,32 32,31,28 82,74,69 41,37,33 36,35,35 36,35,34 59,56,48 22,25,12 29,34,16 67,65,54 51,51,40 54,56,43 
56,58,44 62,66,45 60,62,41 65,63,44 66,65,50 40,42,38 33,35,37 30,33,30 41,41,32 49,50,33 41,43,33 41,42,31 41,43,37 56,58,42 61,63,46 71,73,55 221,221,219 234,233,232 230,231,231 227,227,228 227,227,227 229,228,228 225,226,226 218,219,223 200,201,207 159,161,158 124,124,113 77,79,56 53,56,38 43,46,30 26,28,25 28,29,25 35,38,26 32,34,26 28,28,30 74,72,81 26,26,26 68,63,58 32,31,30 37,35,35 50,45,39 30,30,28 63,57,56 57,52,50 47,47,39 32,35,24 30,34,20 36,41,28 42,45,32 38,41,28 
76,76,56 58,60,45 57,58,44 67,63,46 79,76,55 75,77,57 59,63,50 38,42,33 38,39,31 55,57,42 49,51,37 53,53,37 48,49,37 56,59,43 64,68,49 97,99,86 204,203,206 216,215,220 176,176,187 230,230,228 229,229,227 226,226,227 219,220,223 197,199,207 126,132,132 84,88,77 87,91,69 57,61,41 54,57,42 35,37,31 28,29,26 36,38,28 25,26,25 29,29,32 45,45,46 96,92,94 31,31,29 38,36,33 31,31,31 53,48,41 52,46,37 28,26,23 95,79,73 71,61,61 31,35,27 33,38,29 29,33,23 27,32,21 35,37,27 22,22,14 
91,90,73 68,70,56 63,65,47 58,60,45 64,63,50 70,72,56 44,51,36 43,48,34 38,39,32 59,58,41 55,56,36 42,45,34 59,61,43 55,58,42 64,69,49 61,62,50 116,118,105 219,218,217 235,235,233 232,232,230 229,229,227 227,227,227 220,220,224 196,198,204 87,95,83 81,85,59 64,68,48 54,57,41 43,44,34 31,32,29 34,37,29 31,30,28 32,33,31 37,37,36 28,28,29 29,30,29 29,28,28 32,31,30 32,32,31 39,36,30 44,39,31 84,72,69 55,43,37 50,42,38 29,30,25 26,28,21 30,32,21 28,30,20 31,32,22 33,34,23 
76,77,62 64,67,50 60,64,48 65,65,52 60,59,48 55,57,48 36,42,35 49,53,37 60,62,41 71,67,46 50,51,40 33,35,33 40,43,32 42,44,35 58,62,44 53,54,44 94,94,84 183,183,181 236,237,234 235,235,234 234,234,232 232,232,230 227,227,228 172,174,180 79,86,73 64,67,52 80,83,73 57,62,46 39,40,37 33,34,32 35,36,32 31,30,31 47,50,40 31,31,28 34,33,33 45,44,46 36,36,31 35,32,28 34,36,30 35,36,31 33,32,28 97,84,86 44,41,34 40,37,34 45,35,36 24,23,17 44,44,34 37,39,31 34,35,27 87,89,93 
80,85,61 64,66,47 54,56,41 71,71,55 49,51,38 30,34,25 34,37,29 47,53,39 62,64,38 67,65,46 49,48,36 34,37,32 37,41,34 43,45,37 56,60,44 62,66,48 97,98,91 174,174,175 237,237,236 236,236,237 236,235,235 236,236,234 237,236,234 148,150,158 74,77,59 65,70,46 64,71,48 53,56,48 37,39,35 47,49,35 45,46,34 34,36,33 32,34,31 24,25,24 31,29,27 49,47,43 41,38,29 31,30,26 37,40,35 39,37,33 46,41,45 58,54,52 36,34,28 43,42,38 105,91,102 26,26,19 68,67,58 60,63,49 69,69,70 140,141,162 
87,93,65 89,95,70 59,59,45 80,79,65 70,75,59 49,53,40 40,44,33 46,50,38 48,48,33 73,70,49 87,84,60 35,38,34 51,55,43 51,55,40 55,58,43 55,56,45 88,90,81 167,167,172 236,236,236 238,238,239 237,237,238 237,237,236 237,236,234 192,193,198 74,80,59 60,68,43 58,64,44 41,44,36 37,39,37 40,40,37 39,40,36 51,54,42 35,39,33 30,31,28 23,24,21 29,28,26 46,41,39 45,41,36 46,46,41 37,36,31 49,46,45 35,34,31 29,27,23 80,67,73 150,139,148 35,38,30 49,52,39 61,63,49 74,78,71 68,65,59 
105,105,87 68,75,61 52,53,42 68,70,55 68,70,55 72,76,57 73,79,63 72,75,59 65,65,46 49,47,36 75,75,51 64,67,49 44,47,37 57,62,48 61,67,50 57,58,47 85,88,80 153,155,151 237,237,238 237,237,238 235,235,237 237,237,237 240,238,238 154,155,162 88,93,87 56,61,41 61,66,60 41,44,35 57,59,60 55,56,49 44,45,38 44,45,37 30,32,26 28,28,27 26,26,23 28,27,24 40,40,35 44,41,38 61,56,54 32,32,27 41,45,38 39,38,34 41,38,34 68,55,59 180,172,180 41,45,37 40,42,33 55,58,48 47,49,40 38,40,36 
98,103,80 76,82,59 56,56,44 77,79,62 72,73,60 77,79,59 78,81,63 78,79,57 76,77,56 42,44,33 58,60,46 49,51,39 38,41,34 59,65,47 60,66,50 51,56,45 82,83,77 117,118,116 227,228,232 238,238,238 235,235,236 237,237,237 241,239,240 204,204,204 61,66,49 56,61,44 49,55,43 39,44,35 51,53,55 37,37,34 37,36,33 28,28,25 19,18,14 20,20,16 28,26,22 43,41,35 42,41,38 49,47,45 44,41,41 43,41,42 45,47,43 49,46,45 52,47,53 58,51,52 116,106,114 30,30,24 47,48,38 39,39,31 40,41,34 46,47,50 
85,92,70 87,93,70 68,72,53 97,98,75 76,77,61 86,86,64 77,77,60 81,81,64 101,100,81 79,77,57 68,71,54 73,79,54 39,42,33 49,53,42 66,70,54 71,75,57 81,83,78 102,102,96 225,226,231 239,239,240 237,237,238 232,232,235 231,230,233 150,150,153 69,70,67 49,51,54 39,41,37 53,57,50 50,49,54 39,38,37 37,34,33 33,32,30 23,22,19 21,19,16 45,41,42 31,31,30 41,37,35 82,75,82 35,33,35 48,48,43 46,42,40 49,42,43 31,30,27 38,34,32 85,77,86 29,23,22 38,36,29 40,38,33 40,36,34 57,52,55 
78,88,70 77,83,65 102,107,90 108,107,85 97,95,77 88,89,70 96,95,79 105,106,89 109,109,89 82,81,56 73,81,59 70,74,56 46,53,40 51,57,45 56,57,45 69,74,53 78,81,73 92,94,90 234,235,240 235,235,238 233,233,236 230,229,234 193,193,195 102,104,95 65,68,54 59,64,55 59,64,65 41,44,36 41,39,38 48,46,46 51,53,49 40,37,37 16,15,12 27,28,23 37,35,33 45,41,42 53,47,53 52,46,52 53,46,53 72,67,71 47,45,43 43,41,39 38,35,32 56,50,53 88,79,87 57,61,45 61,68,47 50,53,36 55,50,43 47,38,34 
71,79,60 79,87,59 94,97,71 105,105,82 101,102,76 86,85,69 82,77,64 95,92,77 90,89,67 79,80,56 74,78,63 88,89,72 36,39,31 51,55,44 50,52,45 51,55,45 75,75,72 102,104,97 236,236,241 192,192,198 224,225,230 225,226,232 150,151,146 71,75,60 63,69,51 54,60,47 61,71,55 54,60,47 35,35,31 48,47,44 40,41,38 33,33,30 31,30,29 31,31,27 28,26,24 26,25,23 32,30,31 34,29,30 84,73,85 85,76,82 52,50,48 42,40,36 54,48,47 68,65,66 54,55,48 74,79,56 74,79,54 50,52,36 65,66,57 71,74,60 
57,62,46 61,65,46 92,91,75 92,93,74 89,95,70 81,87,65 69,68,54 85,82,69 91,89,76 69,74,57 73,75,60 86,87,66 58,61,48 40,45,36 36,39,32 51,53,43 81,80,77 77,79,71 161,166,162 105,111,102 151,151,147 228,228,236 115,120,114 62,65,54 53,55,44 50,53,50 63,69,59 51,58,46 55,55,50 53,57,48 42,42,39 43,43,39 37,37,35 34,31,29 37,38,35 31,30,30 35,34,34 37,34,32 48,44,42 49,47,43 41,36,33 53,53,47 54,55,48 62,67,57 52,60,50 56,63,47 66,74,54 55,65,48 73,79,68 79,79,65 
50,53,40 63,65,52 89,87,78 93,91,77 73,77,59 81,84,69 61,65,47 77,78,65 89,88,74 93,98,77 79,82,67 86,87,70 53,56,44 43,46,37 43,45,36 51,52,42 71,72,70 67,69,56 85,92,69 78,83,69 98,101,95 229,230,237 94,99,85 68,72,54 52,54,43 41,42,40 59,62,52 41,42,35 55,58,47 51,53,48 43,42,44 40,40,37 53,49,52 38,37,37 37,39,36 37,40,36 34,33,32 36,32,30 38,31,27 41,40,35 60,62,54 57,60,53 47,46,43 56,61,53 52,59,49 68,74,61 65,75,53 74,87,68 57,63,52 65,72,59 
52,51,41 51,55,42 86,83,71 83,81,65 76,79,64 82,91,71 64,69,53 73,78,59 78,85,66 68,76,55 80,82,65 72,75,61 55,59,46 50,54,43 52,55,47 48,49,42 74,74,73 71,74,58 79,82,62 85,88,72 77,83,74 213,214,223 73,77,66 57,60,48 46,47,38 39,41,35 57,58,51 51,53,46 55,58,50 50,51,45 29,27,24 44,41,41 40,40,38 33,34,33 25,25,22 36,39,36 35,38,30 40,34,35 52,41,43 55,54,50 62,66,59 64,67,59 46,48,43 60,63,56 62,67,59 82,89,73 79,83,65 74,81,61 57,65,51 48,48,39 
62,68,53 50,52,42 100,95,87 95,91,81 55,58,49 59,60,48 63,68,55 67,70,50 80,85,64 71,71,55 67,67,48 40,45,35 61,69,51 61,66,50 60,66,53 51,55,42 79,77,75 62,67,55 64,70,56 68,72,62 68,74,65 125,127,109 83,86,74 61,63,50 39,40,34 49,51,44 73,75,64 50,49,44 52,54,45 39,36,35 33,29,27 30,29,26 31,30,27 29,30,27 23,23,20 28,27,23 50,43,43 52,46,43 86,74,80 51,47,45 43,43,36 41,40,33 41,41,34 62,60,57 43,44,37 60,63,54 80,86,73 68,73,61 51,55,46 37,38,35 
52,57,45 43,48,39 77,77,69 78,76,66 47,51,41 47,48,38 59,60,47 59,62,45 73,76,59 81,80,69 57,58,47 36,38,30 50,55,43 70,80,56 64,70,52 57,61,51 76,75,72 51,56,46 79,87,63 74,83,66 63,68,60 97,99,84 66,69,59 59,63,49 51,54,43 47,51,39 47,48,39 43,43,34 56,57,46 40,37,34 53,47,52 58,51,53 35,38,31 31,31,31 26,24,22 65,56,62 34,27,23 43,39,37 80,71,71 38,36,31 37,34,28 40,40,32 38,36,29 48,44,41 34,31,26 51,48,42 56,57,51 61,58,52 45,47,42 37,39,43 
55,63,47 58,60,47 75,74,62 73,75,64 50,51,40 50,51,39 69,68,52 82,86,65 75,78,63 87,88,74 67,69,55 36,38,31 40,39,35 50,56,39 56,57,44 49,53,41 79,79,76 54,59,49 74,78,62 68,76,65 65,67,64 93,97,84 61,63,56 60,64,51 42,43,35 42,41,37 58,59,48 61,60,55 67,68,59 50,45,43 128,115,129 110,86,79 63,58,61 92,81,95 37,34,34 98,88,99 73,70,66 48,47,42 46,46,39 41,41,35 44,42,40 40,41,34 38,39,31 39,37,33 39,37,33 55,49,45 76,73,72 99,91,96 121,109,118 126,115,125 
79,89,71 62,65,55 52,57,44 67,68,56 80,78,68 65,68,54 69,70,58 72,76,57 64,68,53 72,72,59 79,79,61 61,60,51 58,52,50 60,58,51 80,73,72 72,71,70 72,71,68 49,54,45 81,86,75 83,79,76 101,100,97 130,126,118 135,128,125 90,87,79 113,120,92 118,106,114 125,112,121 80,77,81 72,67,67 97,89,97 131,118,130 120,94,84 114,104,113 145,134,149 75,62,67 106,102,107 65,67,56 54,51,47 64,57,53 50,44,32 60,56,58 60,49,36 54,46,30 39,41,35 46,46,40 59,50,47 81,75,78 102,96,100 142,134,146 141,133,148 
74,81,69 51,56,42 46,49,38 59,59,48 72,73,62 47,55,43 55,57,45 62,59,48 68,66,55 64,65,57 71,73,62 66,64,60 51,46,44 52,48,47 60,55,54 58,52,48 83,74,74 71,56,56 109,108,98 132,123,118 132,122,119 137,126,133 99,105,81 81,79,62 87,87,71 87,80,75 109,96,98 58,55,54 136,129,138 136,129,139 132,120,132 120,94,85 144,132,147 143,132,147 89,74,81 118,111,120 75,73,71 106,97,107 94,79,78 84,61,38 111,101,112 106,76,57 84,61,32 52,52,48 52,50,45 52,49,45 71,67,67 100,94,99 132,125,134 141,132,147 
59,60,51 39,42,27 46,50,37 42,44,32 64,65,55 44,47,34 50,54,40 63,60,52 69,63,56 54,47,43 66,58,53 68,64,61 64,57,54 63,53,49 71,56,56 76,55,58 113,98,101 122,117,108 104,110,81 134,127,123 141,131,140 140,128,136 101,110,80 102,112,77 99,103,75 88,83,70 95,84,86 87,79,82 123,114,118 115,104,111 125,111,121 124,104,104 143,131,144 143,132,146 91,77,84 138,127,140 131,121,134 130,119,133 120,101,102 98,67,31 136,125,135 113,83,63 97,67,36 109,99,108 78,71,72 50,48,41 60,58,56 92,89,90 144,133,147 141,132,147 
55,47,42 44,37,33 45,42,34 39,40,27 55,51,43 41,46,29 51,53,40 77,72,63 91,83,75 55,48,41 60,53,49 75,61,55 79,64,63 85,64,65 88,65,65 134,120,124 129,122,122 105,102,88 116,115,103 139,128,137 135,127,137 134,125,136 109,108,97 87,101,63 83,90,66 63,63,50 72,60,57 73,62,60 79,69,73 86,75,78 96,84,90 110,98,105 126,108,107 132,115,118 91,77,82 137,125,135 135,125,136 133,123,135 124,105,105 98,65,29 136,125,134 113,83,63 100,67,28 135,124,132 72,63,65 46,44,35 58,60,56 94,94,94 144,134,147 141,131,146 
63,54,49 56,48,46 67,61,60 62,59,55 55,51,50 47,52,34 61,63,51 90,86,82 90,82,80 71,58,56 85,71,70 87,71,69 84,61,63 107,92,87 145,133,134 126,119,115 111,107,101 120,113,105 135,124,130 134,125,134 135,126,136 134,124,134 125,114,120 87,99,66 84,100,61 77,89,58 68,75,52 64,57,49 66,60,54 63,54,51 71,59,56 91,81,84 100,88,92 98,85,89 70,61,60 125,108,109 130,112,114 135,121,126 115,101,106 97,77,65 137,127,134 115,84,65 99,66,30 139,126,135 98,88,93 45,40,34 94,88,94 120,115,123 144,136,148 143,133,147 
60,51,46 58,50,44 60,55,50 72,71,71 58,55,49 54,61,44 68,64,63 74,61,64 80,60,61 85,66,65 81,61,61 87,71,67 105,95,87 130,121,102 121,112,102 86,90,69 98,102,81 120,113,106 139,126,132 132,122,132 132,122,133 135,124,133 127,117,126 110,104,96 86,100,64 85,98,62 82,94,62 70,74,58 60,65,47 62,66,50 69,62,48 70,71,54 67,59,56 73,62,61 74,63,61 106,96,98 117,104,107 114,103,109 105,103,111 97,95,105 102,99,107 108,99,101 98,83,77 137,126,133 101,91,95 55,52,46 107,101,103 143,134,144 146,135,147 145,134,147 
77,67,61 54,51,46 54,51,50 53,51,54 66,55,54 69,57,51 69,56,52 76,56,52 81,59,59 86,62,62 89,76,63 95,91,72 75,77,57 105,100,82 90,99,71 96,98,80 110,103,92 134,119,119 137,124,130 131,120,129 133,124,134 136,124,132 129,117,126 125,114,119 97,96,76 82,100,61 81,100,61 77,91,62 70,79,56 56,65,44 55,60,42 60,61,47 66,58,53 63,55,50 69,59,49 74,66,60 89,77,77 102,91,94 106,98,103 100,95,102 96,95,103 105,103,111 111,108,116 149,133,134 105,93,93 62,66,54 75,80,66 105,104,100 147,137,147 148,138,149 
81,73,69 68,57,48 75,54,52 60,39,40 60,40,39 67,52,48 67,51,48 72,48,48 85,66,65 85,78,65 74,70,49 71,74,51 84,92,65 83,99,69 80,96,62 109,108,96 129,116,109 139,122,123 134,122,127 131,119,128 132,122,131 135,123,131 131,119,126 125,114,121 127,113,117 86,96,74 76,95,61 79,95,64 72,86,59 66,73,52 55,56,42 54,55,41 56,53,44 56,56,42 73,54,48 66,60,49 64,55,51 67,59,56 77,66,66 93,81,83 97,86,88 87,80,83 130,117,120 131,109,106 113,93,90 78,69,58 91,91,80 95,93,84 139,128,130 150,137,144 
80,60,63 69,50,47 70,49,46 71,51,51 70,45,44 75,54,51 80,59,56 98,87,73 90,82,62 76,72,55 75,79,52 83,91,65 73,88,57 82,98,63 85,93,68 113,110,100 136,119,112 138,121,123 133,120,125 131,120,127 134,124,133 137,124,130 132,119,125 127,115,119 123,109,114 103,96,84 75,87,60 80,92,62 76,89,61 71,82,58 68,73,55 60,62,48 60,55,49 50,43,40 71,52,49 62,54,49 65,59,50 65,57,50 70,61,57 67,58,55 67,58,54 70,61,57 77,67,68 94,83,85 87,80,72 85,69,63 140,126,121 126,114,107 164,151,152 149,131,130 
79,69,60 75,68,54 74,54,51 73,56,53 73,49,49 88,72,62 111,101,80 87,83,64 76,77,51 83,80,53 87,95,67 74,92,57 76,90,58 93,97,73 111,107,94 121,114,104 139,119,115 136,121,123 132,119,123 127,117,123 131,121,130 137,124,128 134,120,124 127,115,118 120,110,116 127,112,108 90,88,71 82,93,62 85,97,65 79,89,64 72,82,59 73,83,57 62,62,51 59,59,48 56,48,43 53,48,41 57,53,43 68,62,50 68,60,49 74,68,58 70,63,56 72,65,61 70,63,61 69,60,57 71,59,53 90,70,63 114,105,104 137,127,128 145,132,133 145,130,125 
72,64,52 69,59,49 77,46,51 67,51,50 96,84,77 109,100,83 82,79,56 75,76,54 79,88,54 82,95,62 72,87,54 75,91,55 81,93,68 109,105,92 114,109,101 129,114,107 137,118,116 135,119,121 133,119,123 129,118,123 128,119,126 131,121,126 130,119,122 127,115,116 128,116,118 122,109,110 119,105,99 88,93,66 88,93,60 85,97,67 76,88,59 76,88,58 75,87,57 71,77,56 65,68,50 59,65,43 60,66,43 63,59,50 67,58,52 73,64,55 77,71,58 77,73,59 81,80,61 67,61,57 69,60,54 93,72,62 74,64,60 75,66,62 94,84,83 105,99,97 
73,55,53 69,52,50 77,58,55 98,92,79 80,78,62 80,79,59 70,70,51 77,86,51 79,91,58 81,94,63 77,90,61 80,93,63 98,100,83 122,114,106 121,115,106 138,118,112 138,121,120 135,120,122 132,120,123 128,118,122 129,120,124 132,122,125 131,119,120 130,117,117 128,116,115 121,109,113 130,115,112 109,101,89 86,88,65 79,95,64 84,99,66 81,93,62 80,92,62 82,95,63 79,91,61 66,76,45 64,65,45 67,65,52 74,62,57 73,63,55 70,70,52 79,86,58 86,86,67 81,75,63 82,72,62 116,96,87 76,69,64 71,63,58 74,66,63 73,64,64 
64,48,49 81,76,65 83,77,66 73,71,56 65,65,50 70,71,52 75,77,50 83,91,59 75,84,54 76,89,62 81,90,65 101,101,88 115,111,101 123,117,108 130,118,109 139,120,115 138,122,119 132,120,120 128,117,120 127,116,121 129,119,123 130,121,122 130,119,119 128,116,116 124,113,112 128,117,118 118,106,107 127,113,110 90,88,76 81,91,67 85,98,67 88,102,68 85,96,62 79,91,60 84,96,61 84,97,64 68,68,51 67,66,52 80,78,62 70,68,53 68,65,52 76,77,56 80,84,63 77,77,60 84,75,59 120,97,87 94,92,74 89,89,75 86,81,78 91,81,79 
101,95,81 76,75,62 71,70,54 82,78,62 75,73,46 80,81,52 90,93,66 86,92,61 78,86,57 78,87,63 98,98,83 116,109,100 113,111,102 126,116,106 132,115,109 136,120,115 137,121,118 131,119,119 129,117,119 127,116,119 128,118,120 131,120,120 129,118,117 124,114,114 125,114,112 125,116,116 114,103,105 126,113,110 120,107,102 85,85,68 79,90,62 85,103,67 89,103,69 86,99,64 84,95,61 88,103,65 85,88,67 81,87,61 81,91,62 81,87,64 70,68,55 71,70,54 68,69,51 74,80,55 85,81,63 123,97,86 92,86,70 88,86,68 89,86,72 81,76,66 
88,83,64 75,72,57 79,79,53 76,77,47 81,84,52 83,92,61 86,95,65 86,94,65 77,89,63 94,97,79 112,104,95 116,111,101 121,114,103 123,110,97 138,121,114 137,121,116 134,120,118 129,118,117 127,116,118 127,116,119 125,116,117 127,117,116 124,115,114 124,114,113 125,114,110 120,109,107 118,108,108 123,112,108 132,116,111 104,97,86 75,78,60 77,91,60 87,105,68 86,101,64 86,99,65 88,102,64 96,112,70 94,110,66 84,99,62 83,89,63 79,82,61 68,68,53 63,63,50 63,68,46 81,77,62 129,103,92 90,83,75 92,90,70 99,97,75 94,91,73 
83,79,62 80,78,55 80,80,49 80,81,55 87,92,62 80,93,58 84,95,63 93,100,73 86,92,73 108,104,93 116,110,101 125,117,107 111,103,93 130,117,108 137,121,115 138,121,116 135,121,118 130,119,118 127,117,117 126,116,116 126,117,116 129,119,116 128,118,114 125,115,110 125,115,108 119,110,105 119,110,107 121,111,108 126,112,108 128,113,107 89,89,72 79,92,62 79,98,61 85,104,65 89,106,66 93,110,71 92,108,68 93,107,66 98,110,71 87,97,63 87,94,62 77,78,61 62,67,48 66,60,52 78,72,61 120,103,86 85,83,67 92,95,73 101,105,82 93,93,74 
83,82,60 85,80,53 80,80,54 92,94,72 80,92,59 80,92,60 87,95,62 88,88,69 96,94,82 110,106,96 116,112,101 122,116,104 125,117,105 136,120,112 136,121,115 135,120,116 131,120,118 128,118,116 125,115,114 126,116,115 127,117,114 127,117,114 127,118,114 126,117,110 121,113,106 116,109,103 120,111,105 135,130,126 115,107,105 123,110,105 119,109,97 93,97,69 79,90,61 80,99,62 83,101,60 84,99,62 92,108,69 90,106,67 93,106,69 103,115,77 98,109,72 88,99,63 74,83,55 78,70,59 90,82,72 91,81,73 91,93,73 81,80,64 57,43,41 88,91,74 
82,82,55 91,88,69 101,99,83 96,100,76 89,93,68 88,94,66 87,85,66 99,97,85 102,100,90 111,107,97 110,103,95 109,101,90 124,113,103 135,120,112 134,120,114 133,120,117 131,121,116 128,118,116 126,116,115 125,116,115 128,117,114 127,117,113 125,116,109 121,112,106 114,109,102 117,111,102 117,110,101 134,129,123 118,111,109 120,109,104 131,117,107 103,98,82 85,90,65 77,91,56 82,102,62 83,100,63 86,106,64 87,103,67 83,95,61 90,106,66 103,115,79 103,117,77 95,107,71 88,91,65 100,104,78 101,105,79 79,83,61 80,88,63 82,74,72 86,84,76 
72,70,50 232,223,200 226,224,202 231,224,207 228,220,203 228,221,207 228,220,202 206,203,193 109,105,94 110,106,96 104,96,88 115,106,94 133,117,109 133,118,112 131,118,113 128,118,115 127,118,114 126,117,115 127,117,114 126,116,115 126,116,113 127,117,113 123,114,108 116,110,103 115,109,99 113,109,99 114,109,98 115,110,102 113,107,104 117,107,101 128,115,107 127,114,103 92,90,74 91,95,69 78,94,59 81,105,63 85,106,64 89,106,67 91,110,71 87,102,65 86,96,64 96,111,71 103,120,78 99,107,74 101,105,74 96,100,68 102,102,76 90,86,69 51,54,44 98,105,76 
79,78,61 233,224,202 228,226,206 231,224,206 220,193,143 232,223,198 234,228,210 208,205,196 105,103,92 112,104,91 108,98,82 125,112,100 131,117,110 133,119,113 132,120,114 129,119,116 125,117,114 119,112,111 119,112,112 123,116,115 127,118,114 125,117,113 120,114,108 114,109,100 109,106,95 112,110,98 112,110,98 110,107,98 111,106,101 115,107,101 123,112,103 129,117,106 109,102,88 89,100,69 87,98,63 71,89,53 80,100,61 87,107,69 91,111,70 85,103,67 85,103,64 88,104,65 90,105,68 106,123,80 108,122,80 102,103,75 103,107,79 103,100,81 55,55,53 101,106,76 
81,88,68 231,221,191 230,223,205 207,201,187 183,168,142 217,210,192 236,231,216 208,205,196 112,107,93 114,104,85 118,108,93 131,117,106 131,117,110 131,119,113 130,120,113 128,119,115 126,119,113 122,116,112 121,116,114 121,114,113 126,117,114 130,120,116 114,110,103 112,108,97 105,103,90 108,109,94 107,108,94 109,106,96 110,105,99 112,105,98 120,111,102 127,116,106 130,117,104 93,97,76 89,101,68 85,97,67 74,92,55 76,88,59 89,109,67 89,106,69 89,105,66 90,103,65 85,98,61 94,111,68 109,129,81 115,128,87 103,114,78 104,112,75 45,45,41 107,110,83 
76,87,63 234,227,209 228,223,209 215,209,194 205,201,190 210,207,191 238,234,221 208,205,196 115,107,90 116,107,88 128,115,104 134,119,110 131,118,110 129,118,112 128,119,113 125,118,113 121,116,112 120,115,112 117,112,112 122,114,113 129,119,116 135,123,119 117,108,105 106,101,91 105,102,88 101,104,91 103,104,92 110,107,95 110,104,95 113,106,96 115,107,97 123,113,102 126,116,101 115,106,89 87,95,69 93,105,72 84,96,63 76,92,57 83,104,61 88,109,66 99,116,76 99,105,71 86,97,65 85,94,63 105,125,77 109,120,81 123,136,93 103,114,78 53,55,47 105,109,83 
77,92,64 237,235,227 235,230,215 232,224,204 229,225,214 228,221,203 240,236,227 208,205,196 117,107,88 121,111,95 134,118,109 133,118,110 128,116,109 126,116,111 126,117,111 124,118,113 119,115,111 116,112,109 115,111,110 121,113,112 129,119,118 136,123,121 116,105,105 108,105,97 103,101,89 97,99,86 102,105,89 108,106,93 106,103,92 107,104,94 107,104,93 114,107,98 124,114,102 128,116,101 104,101,83 89,98,70 99,108,74 84,97,62 75,94,54 82,105,62 87,108,64 118,126,96 115,125,95 36,36,35 39,39,38 53,58,60 113,114,103 75,78,60 42,42,42 97,99,69 
77,95,64 115,114,112 114,112,107 111,108,99 113,112,109 108,107,103 113,113,109 108,106,102 116,105,90 125,114,101 136,121,110 131,119,110 126,115,108 127,117,110 124,117,111 119,115,111 116,114,110 115,114,110 117,112,112 123,115,114 131,120,118 136,123,122 117,107,106 97,100,84 115,114,99 115,116,107 96,100,83 101,101,89 103,102,90 105,103,92 129,131,122 107,104,95 110,104,95 120,111,97 121,113,97 91,86,71 94,105,73 95,108,70 82,101,62 81,102,63 82,103,60 99,119,79 103,113,80 53,55,45 56,60,48 62,67,54 89,91,69 74,80,55 63,67,52 123,124,91 
75,93,66 64,64,64 66,66,66 39,39,39 30,30,30 30,30,30 30,30,30 39,38,36 117,106,90 133,119,106 132,119,108 129,117,108 126,117,108 125,116,109 124,117,110 118,115,109 117,115,111 115,113,112 117,113,113 125,116,117 131,121,120 139,126,124 122,112,112 94,99,84 100,101,83 95,92,81 95,99,82 94,93,82 101,100,88 102,103,90 136,140,130 123,122,113 107,103,93 110,102,90 123,115,98 116,107,93 93,98,73 83,93,64 68,75,59 68,76,60 67,76,58 61,69,52 76,84,64 68,72,57 70,78,58 63,70,50 71,76,56 81,86,67 83,88,67 76,80,60 
