163,157,163 165,161,164 169,164,168 175,170,172 174,169,171 171,166,167 161,156,159 153,150,153 149,145,148 165,161,165 168,163,166 169,166,169 171,169,170 174,172,175 175,173,176 176,175,177 180,179,181 180,180,182 171,174,180 168,172,178 170,171,176 168,169,174 167,170,175 167,170,176 165,168,173 167,170,176 167,171,177 170,175,181 169,173,179 168,171,176 172,175,180 179,181,186 185,186,190 177,179,184 174,175,180 176,177,182 178,178,183 187,188,190 190,190,192 191,189,193 196,195,199 201,200,203 206,204,205 208,206,207 205,204,206 203,203,206 205,204,209 194,193,199 192,191,197 190,189,195 
65,63,64 66,65,66 65,65,65 68,67,67 69,68,69 68,66,67 68,66,67 64,64,64 63,62,63 162,160,164 163,160,163 167,162,166 169,166,168 171,169,170 171,169,171 175,173,176 178,177,180 179,178,180 173,174,177 173,174,180 177,178,182 171,172,177 168,170,176 166,169,174 166,169,174 166,169,175 168,171,177 170,174,180 165,168,174 167,170,175 174,177,182 186,187,192 184,186,191 174,177,182 175,178,183 181,182,186 185,186,189 194,194,196 195,195,197 195,194,197 200,199,202 204,202,205 206,204,206 204,203,205 205,205,207 208,207,212 200,199,204 191,190,196 192,190,196 188,187,193 
70,70,70 95,95,96 111,111,111 115,114,114 109,108,109 116,115,116 107,106,107 116,114,115 96,96,96 166,161,166 162,159,163 162,160,163 166,162,166 169,165,168 170,168,170 173,171,173 178,177,180 176,174,177 171,171,174 171,172,177 180,181,185 172,175,180 168,171,178 167,170,175 167,171,176 168,172,178 167,170,175 167,170,175 167,170,175 168,171,176 174,177,182 180,183,188 188,189,193 184,185,189 178,181,184 187,188,191 192,193,195 196,196,198 193,193,195 191,191,194 201,199,202 205,203,206 206,205,207 207,206,209 210,210,211 208,207,210 190,189,195 191,190,196 190,189,195 189,188,195 
64,64,64 63,63,63 67,65,66 68,66,67 69,67,68 69,67,68 69,67,68 66,65,65 66,66,66 169,164,168 163,160,164 162,160,163 165,162,165 166,164,167 170,168,171 173,172,174 176,175,178 174,172,174 170,169,171 169,169,173 174,175,179 169,174,180 172,175,181 170,173,178 165,168,173 167,171,176 169,172,176 168,171,176 172,175,180 173,176,181 180,183,188 184,186,190 190,191,193 188,189,192 182,183,185 189,189,192 190,191,193 192,192,194 186,186,189 187,188,192 202,202,204 207,206,208 207,206,208 204,204,206 208,208,209 196,196,201 192,192,198 195,195,201 193,192,198 192,192,197 
62,62,62 78,78,78 85,85,85 85,84,84 86,84,85 67,65,66 65,63,64 62,61,61 64,64,64 172,166,171 166,162,166 165,161,166 164,161,165 165,163,166 172,170,173 174,173,176 174,174,175 173,172,172 169,168,169 174,174,176 174,175,179 173,176,182 179,181,185 171,174,179 164,167,171 165,168,173 167,170,174 170,174,177 177,181,186 180,183,188 184,186,190 183,186,189 189,189,192 187,188,190 184,185,187 191,191,193 187,188,191 186,186,191 182,183,186 187,187,191 199,198,201 205,204,206 205,204,207 200,200,202 198,198,202 197,197,201 203,202,205 203,203,207 194,194,200 193,193,199 
160,158,160 159,156,158 160,156,157 159,155,157 161,156,159 166,161,163 164,158,161 162,158,161 158,155,158 174,169,172 173,167,171 170,166,171 168,165,170 167,164,169 177,175,178 182,180,184 181,181,183 177,176,177 170,170,171 173,174,176 173,174,178 178,178,182 181,182,185 170,172,176 160,164,165 165,169,172 166,170,173 168,172,174 178,181,186 183,186,191 185,188,192 184,188,192 190,190,193 187,189,192 188,190,192 192,193,195 189,190,193 186,185,190 185,184,189 194,195,197 198,198,201 197,197,199 199,199,202 204,204,207 206,207,209 207,206,210 202,202,205 196,197,201 190,192,199 201,200,205 
184,179,179 183,178,178 183,177,177 180,174,175 177,172,174 177,171,174 182,175,177 181,177,179 181,178,180 179,175,176 180,175,178 176,171,175 177,173,177 175,171,175 182,180,182 188,184,186 186,184,185 178,177,178 168,169,170 166,167,169 167,168,171 172,173,176 166,168,171 164,167,170 162,165,167 169,171,173 170,173,174 171,175,176 176,180,183 182,185,190 184,187,192 190,192,195 188,190,193 188,190,192 194,195,197 194,195,197 195,196,199 190,191,194 192,193,196 199,200,202 201,201,203 207,206,207 207,207,208 209,209,211 209,209,212 202,201,205 191,193,197 190,192,196 191,192,199 200,200,206 
185,179,179 186,180,180 187,181,182 189,181,182 184,179,180 181,176,177 178,174,175 178,175,175 178,174,175 180,176,177 185,179,183 180,175,179 181,176,179 186,181,185 183,178,181 182,178,180 179,177,178 173,173,173 166,166,168 164,165,166 165,166,168 165,166,168 165,167,169 169,173,175 169,172,174 172,174,176 173,177,178 175,179,181 178,181,185 183,186,191 189,192,194 192,194,195 190,193,195 191,192,194 196,197,199 192,194,196 189,190,193 197,198,200 200,200,202 203,204,205 207,208,207 209,209,209 211,209,212 211,210,213 205,204,209 194,194,199 190,191,197 188,190,196 189,189,197 196,196,200 
182,178,177 186,180,180 187,181,181 191,185,186 196,190,190 194,188,188 193,188,188 191,186,187 192,186,188 190,185,187 192,187,188 188,181,183 189,183,185 189,184,185 179,175,175 176,174,174 173,172,171 169,169,169 164,165,166 164,165,166 162,163,164 162,163,164 165,167,168 172,176,178 173,176,178 179,182,185 180,184,187 181,185,189 184,188,191 185,188,191 188,192,193 189,193,195 191,195,197 191,194,197 192,194,197 189,193,196 192,194,197 199,200,202 200,201,203 204,206,206 209,209,209 212,211,211 208,207,210 207,207,211 204,203,208 196,196,201 193,194,200 192,194,199 170,167,169 158,151,146 
178,174,175 180,176,177 182,176,178 184,180,179 192,186,186 195,188,188 196,190,190 202,194,195 202,195,195 198,192,192 197,190,190 197,189,189 195,189,187 181,176,176 177,173,172 170,168,171 167,167,168 168,167,169 165,165,166 163,164,164 159,160,162 160,161,163 161,164,165 173,177,178 181,185,186 185,189,191 183,187,191 186,191,194 189,193,194 187,191,192 189,193,194 190,194,196 191,195,196 195,195,196 195,197,199 195,197,199 197,197,199 201,201,203 200,201,204 206,207,207 211,209,210 211,210,211 208,207,210 207,207,210 204,204,207 202,202,205 197,197,199 158,154,151 153,146,141 160,154,148 
175,174,173 178,174,174 179,174,178 179,175,178 186,181,181 195,189,190 200,194,194 201,193,193 198,192,192 199,193,191 197,192,189 199,191,189 194,187,186 182,177,177 178,175,175 172,170,172 165,166,166 167,167,169 168,168,168 164,166,164 159,161,161 157,159,160 165,169,170 175,179,180 177,181,183 181,186,188 171,174,170 189,193,194 189,193,196 186,190,191 190,194,195 190,193,195 189,193,194 190,193,195 192,196,198 195,198,200 201,201,203 203,204,206 202,204,206 208,208,208 212,211,211 204,204,205 202,202,205 207,207,209 202,202,204 201,201,203 155,151,147 157,151,147 162,156,151 164,156,150 
178,177,176 183,178,180 183,178,180 183,179,180 188,183,184 191,185,187 191,186,186 192,185,185 190,184,183 192,186,183 198,190,188 196,189,187 193,187,186 182,178,177 178,175,174 175,173,173 170,171,171 170,171,171 172,173,171 167,169,166 160,162,161 158,161,161 166,170,170 173,177,178 175,179,180 177,182,183 142,146,130 133,137,119 192,196,196 190,194,195 187,191,192 184,188,189 185,189,190 189,193,196 193,197,198 200,201,202 204,206,205 206,208,207 205,206,208 211,211,211 213,213,212 210,210,211 208,208,210 207,206,208 180,177,175 160,153,148 160,155,150 162,157,152 167,159,153 168,159,152 
184,182,180 185,180,180 184,178,179 179,177,176 181,176,179 184,179,181 185,181,181 186,180,180 186,182,180 186,182,179 190,185,182 191,186,183 189,184,183 185,181,180 182,178,177 179,177,176 179,179,176 177,178,177 176,177,175 173,175,172 168,170,169 160,160,155 170,174,172 171,175,173 175,179,179 159,164,157 58,64,20 61,69,30 158,162,149 190,194,194 183,187,188 188,191,192 189,193,194 190,194,196 195,199,200 203,204,204 208,210,209 207,208,209 208,209,211 212,213,214 211,212,213 206,207,209 201,200,201 159,154,150 161,153,145 156,148,140 157,150,143 154,146,139 150,139,131 150,138,129 
149,149,133 183,182,179 186,182,181 182,181,179 181,179,177 181,178,178 184,180,180 187,182,181 187,184,181 187,184,182 190,189,185 194,190,187 193,189,187 186,183,182 182,180,179 183,182,179 184,184,181 176,178,177 172,174,172 177,181,177 174,176,172 87,91,55 152,155,143 172,176,173 176,180,179 148,154,143 43,52,17 42,52,17 86,95,63 163,168,163 184,188,188 189,193,193 191,195,194 194,197,197 198,201,202 207,208,209 192,196,195 183,187,190 209,210,214 210,211,214 204,204,208 201,200,203 157,151,147 161,157,152 149,143,135 150,141,135 153,140,133 153,138,131 152,138,129 153,139,131 
61,69,38 148,151,137 191,190,188 190,188,186 187,185,182 184,183,181 184,183,181 189,187,184 193,191,187 195,193,188 195,193,189 197,194,191 197,194,192 187,186,186 189,188,185 186,186,182 183,184,182 173,176,177 169,173,171 179,183,179 156,159,147 41,50,19 135,139,121 178,183,178 179,184,180 143,148,129 36,46,15 37,46,16 42,54,19 99,109,90 185,190,187 190,195,192 193,197,194 196,198,197 200,204,205 196,198,197 112,121,117 172,177,179 187,185,187 184,180,179 188,184,185 201,200,205 155,150,145 148,141,135 159,153,149 162,152,148 160,147,139 155,140,132 150,136,127 150,137,128 
51,61,37 62,72,47 187,187,183 198,197,194 197,195,191 197,196,192 197,195,191 197,195,191 193,191,188 194,192,188 197,196,192 201,200,196 201,200,196 197,197,195 199,199,195 204,204,200 204,204,201 188,190,189 180,182,180 184,187,183 139,143,125 34,41,20 98,104,78 184,188,182 183,188,183 138,144,125 32,41,17 31,41,17 42,54,18 100,108,88 151,158,146 180,186,182 188,193,191 191,194,194 192,197,199 159,165,165 78,89,82 150,152,151 171,167,165 178,169,167 180,173,173 170,167,166 158,153,149 162,157,154 163,158,151 163,154,147 160,147,138 154,140,131 146,133,124 138,127,117 
46,53,33 44,56,28 146,151,140 202,201,199 202,201,200 191,190,186 205,204,200 205,203,199 197,196,193 197,195,192 202,201,197 200,200,196 202,202,198 190,188,184 160,159,152 89,97,66 98,104,81 147,148,139 163,167,162 185,190,184 122,127,104 35,42,20 68,76,62 186,188,180 185,190,183 130,136,116 32,44,18 35,45,19 40,48,21 70,79,59 96,105,84 177,184,180 181,187,185 191,195,193 197,201,204 184,190,192 49,62,47 126,129,123 105,109,99 110,113,101 163,156,146 162,156,150 166,161,158 166,161,156 167,161,155 163,154,147 149,138,128 141,132,122 144,136,126 154,146,137 
50,62,36 38,46,31 127,132,124 200,201,202 179,180,172 99,102,72 142,145,127 202,201,201 202,201,199 198,198,197 197,197,197 156,153,147 155,151,144 160,154,147 148,148,128 53,62,20 48,57,22 110,120,89 136,138,128 152,153,140 117,122,96 115,121,103 145,148,135 142,145,132 172,178,168 102,110,83 29,36,17 35,45,18 30,40,19 55,65,36 116,123,107 185,190,186 184,189,186 186,191,190 156,162,159 101,109,104 66,76,59 55,64,49 52,59,44 60,68,50 163,155,146 166,160,153 171,165,161 160,154,147 146,139,130 142,134,126 152,144,138 157,150,143 157,150,141 157,149,140 
33,36,25 49,58,34 119,124,121 198,199,203 110,118,93 55,66,29 74,84,49 195,195,196 202,201,201 195,196,190 142,145,126 178,174,171 178,175,171 178,172,167 173,169,160 81,92,50 50,62,30 77,88,48 147,149,137 140,139,117 86,92,65 133,135,118 126,126,107 125,126,106 154,158,143 77,86,63 33,44,20 33,44,19 37,46,18 40,48,22 111,120,99 175,183,176 152,162,154 140,149,141 111,117,113 67,72,61 71,75,61 105,105,93 126,123,115 114,112,102 156,150,141 148,142,134 143,138,130 144,137,129 152,144,137 158,150,142 157,150,144 157,150,143 157,150,141 157,149,140 
36,43,28 35,43,28 90,98,83 195,195,198 77,84,58 48,58,22 48,58,27 160,163,155 210,209,210 166,169,153 92,96,52 145,139,122 127,115,110 172,165,161 168,165,151 64,72,34 48,60,25 64,76,42 121,121,106 142,141,119 83,89,60 119,118,95 116,114,89 113,113,90 146,150,133 78,87,65 40,51,17 25,33,20 27,34,17 49,61,29 88,98,72 73,85,57 91,104,86 101,111,98 138,143,140 127,129,128 107,109,99 137,135,127 153,149,143 179,174,168 157,151,146 155,150,144 152,147,141 154,149,142 156,150,143 157,150,143 157,150,142 157,151,143 157,150,141 157,150,140 
40,50,32 42,51,36 52,60,37 125,131,107 72,81,59 54,62,30 45,52,29 151,147,133 172,165,161 126,129,101 63,71,30 97,96,60 126,107,100 164,154,148 160,157,142 61,70,36 45,54,27 65,77,42 144,144,132 140,142,118 70,80,51 70,72,53 85,84,63 118,117,94 177,179,161 65,73,48 27,33,19 29,38,21 23,28,20 35,45,24 35,45,23 59,71,33 51,62,45 77,85,73 133,139,136 171,172,172 83,83,73 159,153,146 117,112,100 158,150,142 159,153,148 154,149,143 152,147,141 154,149,142 157,150,144 158,151,145 157,150,143 137,134,129 159,152,143 159,152,142 
50,61,36 27,32,27 42,52,38 64,73,43 59,70,37 55,66,35 45,56,35 138,138,127 172,165,158 118,117,87 68,74,35 63,70,32 139,133,115 170,155,147 132,134,113 76,86,43 51,60,31 44,57,29 124,128,103 148,150,122 60,68,44 36,44,29 41,47,31 118,112,84 131,128,97 51,55,26 33,40,22 37,49,25 34,43,25 27,32,23 37,47,26 59,68,34 69,77,54 71,78,57 131,133,126 158,158,155 106,104,96 162,156,152 126,116,109 143,137,132 159,154,149 156,152,146 155,150,144 157,151,145 161,154,148 160,154,147 156,149,141 126,122,112 161,154,144 160,153,143 
29,35,25 32,40,30 39,48,33 63,74,39 53,62,36 32,40,29 36,46,29 67,77,49 111,115,89 100,101,70 65,71,34 58,64,36 123,117,99 165,150,143 165,160,150 69,71,45 39,46,31 53,63,39 74,83,36 124,129,87 61,69,37 34,38,29 64,71,53 86,92,63 89,100,57 49,59,29 43,51,24 36,44,23 39,49,24 39,50,25 41,52,29 68,75,33 66,72,38 73,81,58 126,129,121 159,160,156 138,136,133 139,129,123 94,82,70 61,53,44 130,123,115 152,147,140 94,90,78 153,148,137 122,113,100 81,77,71 150,142,132 74,68,61 164,157,147 162,155,145 
39,48,36 31,41,29 47,57,32 61,73,37 48,58,38 36,44,32 49,61,42 52,65,37 73,85,44 67,73,32 62,66,32 58,65,35 78,83,54 70,57,55 175,167,165 63,74,43 48,58,36 55,68,33 91,106,35 110,117,68 80,87,59 38,41,32 66,74,52 62,70,41 54,70,29 37,47,24 36,44,25 34,40,24 37,44,25 46,56,27 49,58,38 64,74,37 66,73,42 64,76,49 139,142,130 128,127,116 124,120,115 158,149,145 115,104,96 77,71,65 123,117,109 155,150,141 90,86,72 153,150,135 138,131,114 92,89,79 149,144,128 88,84,70 167,160,148 163,157,143 
34,43,32 42,51,36 44,52,27 54,63,38 45,55,36 46,53,36 47,57,35 59,65,39 92,86,70 78,80,40 62,69,38 60,68,39 61,70,39 87,82,62 173,164,157 55,60,35 47,53,36 49,59,35 82,90,33 128,128,96 74,83,47 51,60,34 66,75,47 65,72,48 60,70,33 42,53,24 40,49,24 40,52,27 47,60,28 37,47,26 61,75,37 70,85,40 68,82,37 67,87,38 80,103,40 93,114,51 96,110,60 103,112,68 86,99,47 62,79,35 63,79,36 73,89,38 71,89,35 71,89,34 75,94,34 80,98,35 77,96,34 81,97,34 78,96,37 76,93,35 
34,41,25 37,44,29 44,50,32 77,78,43 42,46,23 54,62,36 45,51,36 74,79,60 97,95,71 68,74,36 60,70,34 41,48,27 67,76,37 80,82,57 140,136,112 64,74,45 60,69,41 47,61,34 78,89,31 87,92,48 64,74,33 49,60,32 55,62,41 81,85,64 60,68,34 43,55,26 37,48,26 39,50,28 35,45,23 40,51,28 73,79,63 79,84,67 85,90,66 89,97,77 54,73,32 61,77,43 59,77,29 79,98,34 83,103,36 86,105,38 91,111,39 97,116,40 98,116,44 89,108,38 87,106,37 80,99,35 76,94,30 74,89,27 67,83,25 46,62,17 
48,62,36 34,45,28 39,48,30 89,97,54 47,55,29 52,54,28 53,62,34 56,66,37 89,97,49 56,66,31 75,80,35 43,46,24 68,74,33 101,109,66 105,111,64 57,66,38 58,64,35 43,55,31 92,101,35 94,107,31 63,75,26 39,49,27 61,71,50 80,85,67 62,68,39 54,64,34 40,52,28 46,58,32 48,56,35 59,70,35 103,113,68 106,108,93 112,109,108 114,112,110 86,90,74 75,83,60 55,65,37 58,72,26 60,76,26 59,75,28 60,77,29 58,75,23 56,74,24 57,74,24 59,77,23 60,79,23 63,79,24 82,94,31 83,96,30 84,102,31 
41,52,34 27,32,23 48,55,26 73,84,39 59,67,37 62,67,39 52,59,32 45,51,28 95,104,58 60,71,33 50,55,28 35,41,28 75,82,45 110,116,75 99,109,55 54,66,30 28,31,24 42,52,32 67,79,18 49,59,13 62,72,28 53,65,39 47,58,37 83,84,69 71,66,46 60,67,35 44,55,27 37,46,24 46,57,32 57,67,28 82,92,48 105,115,64 99,104,81 103,99,101 110,105,107 115,108,108 111,104,100 95,94,75 77,84,51 65,75,35 51,64,29 54,67,24 60,74,24 55,69,21 57,72,22 66,81,23 60,74,23 56,64,24 57,66,24 55,69,22 
37,47,28 37,47,26 61,70,39 92,101,56 58,69,46 51,59,39 45,54,27 65,71,40 107,114,72 67,76,37 45,53,29 48,57,38 77,87,47 113,125,72 109,118,59 52,60,27 52,60,31 48,58,31 46,55,18 47,51,19 66,72,28 55,68,40 41,53,29 106,109,85 90,96,53 55,66,31 51,65,33 60,73,39 54,65,35 54,67,25 36,48,17 69,81,39 90,103,57 108,111,77 108,103,104 106,100,102 113,104,105 115,106,105 122,114,108 117,112,99 102,99,80 80,79,57 61,68,37 54,64,23 53,67,22 63,75,25 50,62,21 60,65,27 53,64,22 55,65,22 
88,97,44 92,105,39 95,108,47 94,105,46 82,93,42 74,83,46 78,87,37 95,103,56 101,111,66 84,91,50 53,63,32 55,65,31 86,95,46 116,122,69 117,124,66 71,79,36 73,78,40 54,59,30 33,37,19 31,31,17 56,57,31 52,64,36 51,63,29 98,100,77 95,100,57 68,78,36 67,75,40 45,57,30 70,82,37 55,63,31 29,39,15 52,63,30 93,99,50 102,109,44 110,108,86 113,104,105 112,103,103 114,106,104 112,103,101 112,104,102 114,105,102 121,113,109 116,109,103 102,96,84 74,73,57 65,68,39 57,60,30 56,62,29 44,50,23 52,58,22 
97,111,37 100,113,42 101,113,42 103,114,49 95,106,40 99,108,45 99,110,44 106,113,56 109,114,57 107,113,58 108,112,58 113,118,61 119,124,63 117,122,58 121,125,64 112,116,56 111,116,55 122,132,60 118,125,63 111,109,67 92,90,58 63,72,35 69,78,41 86,89,68 84,89,52 81,85,47 77,79,43 57,66,34 74,82,38 83,91,42 89,99,37 101,110,47 113,117,58 116,121,61 121,125,77 103,98,87 112,102,102 124,113,111 122,111,110 117,107,106 117,108,106 115,105,102 115,106,101 113,104,99 120,112,106 117,109,97 109,102,86 90,89,61 73,77,44 65,74,36 
82,91,28 80,88,30 78,89,26 77,88,25 80,90,29 93,100,43 93,96,54 98,100,56 101,104,49 102,102,50 106,110,50 109,113,46 109,113,46 118,116,59 114,118,51 113,119,47 109,117,48 121,126,61 129,133,66 127,126,60 118,118,50 121,113,52 108,108,49 112,112,85 106,106,54 107,113,55 105,114,40 111,120,46 103,111,39 106,114,43 104,116,35 107,119,40 112,123,44 114,122,48 110,116,58 139,130,112 113,106,90 109,100,96 113,102,102 120,111,109 124,115,114 122,114,111 120,111,107 114,105,102 114,104,101 114,105,101 118,108,102 119,110,103 113,105,96 99,93,79 
61,70,19 67,78,20 65,74,21 64,76,22 59,72,18 64,74,21 73,81,35 62,67,27 68,66,26 82,88,29 70,77,23 74,79,26 84,86,30 93,94,45 92,96,35 85,93,26 94,102,39 93,99,38 97,103,42 100,100,37 111,107,46 97,97,39 93,91,42 109,107,79 95,96,43 99,107,40 95,105,31 91,101,29 97,106,32 98,107,33 91,101,29 90,100,28 91,99,30 82,91,24 99,108,46 127,121,90 130,124,95 104,106,68 109,102,89 117,106,104 117,107,105 121,112,109 122,113,110 123,115,111 122,113,109 119,110,105 113,103,99 117,107,101 118,107,102 121,112,105 
59,69,18 59,70,16 65,74,20 63,72,21 49,60,16 54,63,18 59,66,20 68,75,24 58,58,22 57,61,20 60,67,20 57,62,20 69,75,21 67,76,21 64,71,21 61,65,21 72,84,25 65,73,25 73,79,26 69,75,23 71,76,24 74,76,27 75,78,30 97,98,70 74,81,28 71,81,27 70,78,21 69,75,22 63,64,25 59,62,22 64,72,21 71,80,23 78,85,30 75,80,28 96,101,48 122,120,75 127,120,96 121,116,86 103,108,60 100,93,80 108,98,96 115,105,103 118,108,106 118,109,105 120,112,107 121,113,108 121,113,107 117,109,104 114,104,99 115,104,100 
60,69,19 51,60,16 57,67,18 54,61,21 53,59,20 58,64,20 56,64,17 55,60,20 56,62,18 62,71,22 61,69,19 58,67,18 67,73,22 61,69,18 63,69,21 62,71,19 62,71,22 65,73,26 75,83,32 66,73,24 68,75,25 64,64,26 73,77,26 88,90,65 65,71,25 60,74,19 67,75,22 61,66,23 61,67,23 66,71,24 65,73,23 63,69,23 73,81,27 80,88,30 89,93,49 105,107,65 118,113,78 129,119,99 112,107,77 102,102,65 105,96,92 107,98,95 115,105,103 116,107,104 119,110,106 118,109,105 117,108,103 118,110,103 119,109,104 116,107,101 
51,59,15 54,62,18 53,61,19 49,56,18 50,57,19 52,59,18 59,69,22 55,64,17 63,72,20 52,58,19 59,65,18 59,65,20 60,67,21 59,65,20 56,62,21 60,68,19 59,67,21 68,76,23 59,64,22 68,78,23 67,73,22 66,71,26 71,77,26 83,85,64 68,76,23 55,66,17 60,70,20 64,71,23 59,63,25 65,70,23 73,81,22 70,77,24 74,83,28 80,87,29 74,79,39 100,94,73 111,104,73 131,120,104 136,127,111 116,114,81 93,86,74 99,90,87 101,92,89 115,106,103 116,106,104 114,105,101 114,106,100 114,104,99 114,105,99 115,104,99 
49,52,19 50,58,19 51,60,19 46,54,16 48,51,20 50,57,25 43,51,17 53,61,18 46,49,17 52,55,19 56,60,19 60,68,19 59,65,21 56,61,19 63,69,23 58,65,21 58,65,24 65,73,23 61,69,22 61,69,24 67,71,25 58,63,24 59,70,23 88,91,65 65,73,25 58,69,21 55,63,20 63,71,21 63,68,24 67,71,24 62,67,24 75,84,24 72,84,27 83,96,33 77,78,56 100,98,74 108,109,65 129,121,102 142,132,123 133,122,108 101,97,74 95,86,84 99,89,87 106,96,94 116,106,104 115,106,103 113,104,99 111,100,96 113,104,99 117,106,102 
58,65,24 47,54,20 48,53,21 43,50,19 41,47,19 51,55,21 45,49,18 45,50,20 48,53,19 50,54,22 52,57,20 54,60,19 55,64,17 57,64,20 55,59,20 58,67,21 60,67,23 59,65,22 67,78,21 63,71,23 59,64,24 61,68,24 62,75,24 86,89,63 56,67,24 57,68,21 53,64,20 62,71,23 63,71,24 63,64,26 70,81,22 65,75,21 72,85,27 75,85,35 118,115,110 87,85,71 90,91,49 106,104,67 126,118,91 138,129,116 124,116,99 93,86,78 99,90,88 104,94,91 113,103,98 114,106,101 115,106,103 112,102,98 111,100,96 111,100,95 
65,56,48 65,58,44 56,49,36 53,46,32 51,51,25 54,56,27 46,47,20 49,51,23 49,55,19 41,44,21 41,44,21 52,58,20 47,53,20 53,58,20 58,64,20 50,55,21 55,62,22 63,70,25 63,68,23 60,66,23 59,63,26 52,59,21 63,75,26 98,100,83 78,85,62 57,70,18 55,70,18 67,76,24 54,60,24 66,73,26 71,81,28 66,77,25 66,76,30 80,80,45 110,104,102 94,89,81 103,101,64 123,115,89 128,119,100 124,115,87 132,121,104 95,86,77 100,91,89 98,89,87 115,105,101 116,106,103 116,107,102 114,104,100 111,101,96 109,100,95 
102,93,95 95,85,89 96,86,86 104,91,91 93,87,70 85,82,66 83,76,68 86,76,70 85,71,68 79,64,65 80,65,65 79,74,52 69,63,47 71,63,41 64,60,28 57,55,34 55,48,29 69,68,32 60,58,29 64,69,26 57,60,28 50,50,24 47,54,20 102,99,93 102,106,90 52,62,22 66,77,23 62,70,24 58,65,25 63,71,26 63,73,31 59,69,26 80,84,45 117,110,97 88,81,80 103,97,87 94,95,59 110,109,71 133,124,105 121,114,94 129,121,114 90,83,78 96,88,86 96,89,86 111,100,97 113,104,100 114,107,102 114,106,101 112,102,98 97,87,82 
76,79,47 86,84,53 90,85,62 90,89,63 87,87,63 93,93,81 71,67,51 71,64,64 97,90,86 105,93,97 93,85,85 96,89,92 101,94,93 100,91,82 100,90,91 94,86,76 108,95,97 108,96,93 104,93,88 104,91,81 101,87,78 94,79,73 87,75,66 115,106,103 101,97,94 62,57,37 61,67,26 64,58,40 57,49,34 63,65,27 66,68,39 86,91,58 97,99,63 101,99,75 108,101,84 97,88,70 104,102,70 123,119,101 131,124,111 122,115,98 127,121,117 99,92,82 98,90,88 95,86,85 107,98,94 116,105,101 113,103,101 110,100,96 103,91,86 101,91,87 
87,87,47 90,87,52 89,88,52 86,91,51 87,87,57 95,92,71 90,87,60 88,84,64 95,93,69 96,87,75 101,89,80 100,93,70 100,92,72 100,92,70 111,100,87 108,101,79 116,106,95 120,111,101 116,106,100 110,97,87 112,102,96 112,102,102 113,106,111 118,110,113 109,104,109 108,101,104 112,105,103 114,108,109 114,107,104 101,97,89 94,88,80 94,93,62 97,94,61 101,95,71 99,93,69 121,112,89 122,115,99 129,121,111 120,113,92 123,114,100 125,118,104 102,93,88 97,88,86 96,87,84 106,96,93 116,106,102 115,105,102 102,93,89 56,41,41 89,81,79 
89,89,52 96,94,64 92,90,61 91,90,60 96,91,72 99,94,79 100,98,71 92,92,66 86,85,54 90,84,59 95,89,58 92,91,52 97,97,61 99,94,67 97,93,59 100,98,56 98,96,56 111,107,70 111,102,73 119,108,88 115,107,79 108,99,82 123,110,101 115,106,98 123,117,113 113,107,101 106,99,89 112,104,100 105,99,86 100,94,79 99,94,74 97,99,61 102,98,64 111,105,75 109,107,73 105,102,63 118,111,85 128,119,103 123,114,95 122,114,105 126,119,120 96,89,87 95,86,85 109,99,96 117,107,104 115,105,103 115,105,102 106,97,95 83,73,73 91,85,82 
89,84,52 232,225,208 235,229,214 237,234,226 237,234,228 238,235,228 239,236,228 207,204,196 99,91,70 102,90,72 99,95,62 98,95,56 93,89,54 90,88,55 89,86,51 100,92,62 107,103,61 105,96,64 113,104,77 113,107,74 110,108,69 107,99,74 110,99,73 109,102,80 113,110,96 113,105,89 110,107,74 111,107,75 106,102,72 101,96,68 102,92,69 103,104,64 112,107,72 105,100,68 112,110,76 115,109,71 120,113,81 117,108,80 121,115,98 125,120,118 127,122,123 93,84,84 99,90,87 96,87,85 113,103,99 113,103,100 117,107,104 114,105,101 54,52,51 87,81,77 
88,82,60 233,225,205 230,222,200 224,216,197 216,191,146 237,233,225 240,237,228 208,205,197 123,107,104 116,105,87 100,101,62 90,88,56 91,88,59 92,96,58 110,102,80 111,104,81 110,100,72 113,101,80 116,104,79 117,109,87 116,109,82 105,97,76 121,103,89 114,104,84 109,107,93 103,100,77 94,92,57 102,96,62 101,94,63 103,96,64 109,100,75 103,100,65 105,100,65 110,97,73 114,107,80 107,110,70 110,105,71 121,112,90 120,113,106 124,118,119 108,102,102 97,88,87 96,88,85 97,89,86 101,92,90 113,102,100 113,103,101 110,100,97 58,56,56 87,82,78 
108,101,95 231,223,204 230,223,205 220,214,201 195,179,150 236,231,218 240,237,228 208,204,196 113,104,85 97,98,58 94,96,56 89,87,53 97,95,73 99,98,67 105,96,76 109,98,82 115,104,87 118,101,83 117,102,81 122,110,94 127,115,102 134,124,114 147,122,119 141,126,114 126,121,107 116,108,92 111,100,75 111,99,78 111,100,71 121,110,90 113,103,80 103,100,67 103,99,66 109,104,76 128,117,103 110,104,78 109,102,84 120,107,98 124,116,115 109,104,100 93,84,83 102,92,91 97,88,85 97,88,86 104,96,94 115,105,102 117,107,104 116,105,101 47,46,45 86,80,77 
102,97,82 231,223,205 235,225,208 231,221,196 226,219,201 239,235,224 240,237,228 205,203,192 94,95,58 89,95,52 89,89,52 98,96,70 103,96,73 106,95,76 110,97,80 123,112,104 143,130,123 122,102,88 116,102,83 124,111,97 121,111,99 135,122,111 107,102,76 111,108,80 125,118,100 119,108,92 114,102,81 137,127,119 139,128,120 131,123,114 122,111,95 120,110,85 110,107,77 121,115,96 132,123,118 115,105,95 124,118,115 137,126,123 124,110,112 90,83,81 101,92,90 100,91,88 103,94,91 104,94,93 109,101,98 120,111,108 117,108,104 117,106,103 58,55,54 102,94,90 
91,83,69 217,210,193 217,210,195 214,206,189 234,227,209 239,237,228 240,237,228 205,203,191 84,85,46 83,83,50 93,82,65 94,90,62 96,88,63 119,103,79 130,117,104 133,121,111 135,121,113 106,89,72 125,112,91 121,109,94 128,117,103 122,111,89 111,102,76 102,99,69 113,108,83 122,117,91 108,98,75 128,118,104 129,117,104 118,115,90 115,112,87 125,113,91 118,109,90 131,126,119 128,123,124 123,116,118 124,118,121 113,102,103 90,82,83 101,92,91 118,108,107 120,113,111 116,110,108 36,35,35 39,39,39 53,57,61 113,114,103 75,77,60 42,42,42 104,95,91 
98,92,82 109,107,103 109,106,101 103,103,96 111,108,101 113,112,109 113,112,109 103,103,96 89,90,56 91,87,59 98,92,70 93,84,58 101,95,72 105,96,69 118,107,92 118,101,86 118,105,93 122,113,92 105,95,70 122,107,99 143,131,125 118,105,82 122,106,85 118,110,87 116,109,91 125,122,99 124,117,99 131,127,116 147,140,139 127,122,117 113,112,95 116,108,92 119,113,107 113,112,88 118,114,98 134,129,132 112,104,105 95,87,87 100,92,92 117,108,107 120,110,109 127,119,117 118,110,108 55,52,51 55,52,51 60,58,58 88,84,72 75,74,62 60,56,56 105,96,92 
100,97,78 64,64,64 66,66,66 39,39,39 30,30,30 30,30,30 30,30,30 36,34,33 91,87,60 90,86,60 97,93,65 104,94,80 103,93,76 99,86,64 124,114,106 102,92,66 126,119,105 128,117,107 125,113,106 149,140,141 123,112,97 124,107,89 121,111,90 103,101,69 110,100,80 107,104,75 120,115,86 124,122,106 135,129,125 128,121,116 132,127,124 129,125,120 120,113,113 114,107,91 115,103,82 117,109,110 92,85,87 85,79,79 83,79,80 84,80,79 85,81,80 73,70,68 80,76,76 77,72,71 67,63,62 62,59,57 59,56,55 77,73,71 82,77,76 70,64,63 
