106,106,105 146,142,163 85,88,74 97,108,80 84,92,81 108,116,121 104,107,115 64,69,63 85,83,93 172,172,196 203,205,219 88,82,90 88,94,94 140,141,156 91,95,100 93,103,96 63,74,54 59,71,41 80,90,82 46,57,32 76,78,75 46,56,28 25,27,18 25,26,24 5,6,4 0,0,0 0,0,0 0,0,0 0,0,0 0,0,0 7,8,7 31,30,30 87,92,84 73,81,60 47,58,34 82,84,90 46,48,43 42,44,42 50,58,51 55,68,51 61,70,58 210,213,214 67,72,60 117,117,114 201,202,204 132,132,135 152,156,155 136,139,139 163,162,167 121,122,113 
56,56,59 56,56,57 53,53,55 50,50,50 49,50,46 42,43,39 48,49,47 48,48,48 47,47,47 164,164,180 170,168,192 141,136,151 102,110,110 134,137,150 85,91,96 143,147,162 54,67,35 81,93,72 85,94,91 66,74,62 51,56,43 43,51,25 39,42,29 74,81,69 54,57,37 69,77,60 49,56,42 49,63,30 58,65,47 95,98,95 104,107,104 87,82,85 101,106,89 72,86,47 67,73,63 125,126,134 65,70,65 87,91,89 188,191,192 106,114,109 75,85,76 107,114,99 125,128,122 81,82,86 85,84,84 160,161,162 210,209,217 137,134,140 158,156,157 132,135,124 
67,67,72 85,85,87 98,99,97 99,100,97 93,94,90 101,102,101 94,95,96 98,97,97 82,81,82 104,100,116 129,127,150 103,98,120 144,148,162 115,116,131 92,98,108 119,125,138 64,77,49 85,95,81 87,96,92 56,66,50 63,66,58 47,56,32 46,53,30 48,56,32 74,81,66 84,90,79 52,60,40 63,79,39 83,94,73 197,197,199 206,205,211 68,65,63 82,84,74 84,97,71 43,57,21 111,114,113 117,123,116 103,105,104 162,166,164 70,82,66 116,129,116 79,93,75 165,167,166 189,189,191 143,146,150 134,133,137 223,221,226 128,126,130 153,152,150 135,139,133 
55,55,59 51,52,53 48,50,46 46,48,43 52,53,50 53,55,55 53,52,55 56,55,58 46,47,46 80,79,87 107,106,126 74,72,82 93,91,104 106,106,125 120,128,138 108,118,123 90,99,95 57,69,40 67,82,59 58,68,44 85,86,85 60,65,45 61,70,50 39,45,23 105,106,106 90,95,97 70,73,64 84,98,70 150,157,146 245,247,244 177,176,181 66,64,63 107,102,110 133,136,134 36,40,27 62,69,61 118,125,116 74,78,76 82,91,83 122,132,125 153,160,154 132,137,131 150,154,150 174,174,173 208,208,208 107,108,112 190,188,188 81,81,77 224,223,228 243,242,248 
47,48,48 62,62,63 70,70,70 70,70,70 69,69,67 43,45,38 43,42,43 71,71,72 56,57,60 126,129,148 122,123,147 151,149,169 144,142,165 96,93,108 102,108,115 112,118,128 181,182,196 60,70,56 84,95,80 65,68,47 78,78,75 95,101,94 89,99,87 59,66,48 124,124,133 129,131,140 118,121,127 152,156,156 200,203,205 224,225,226 84,99,66 75,74,73 101,93,107 193,193,197 41,47,34 101,105,97 99,104,97 114,114,117 103,109,105 137,146,144 193,196,195 223,223,223 193,193,194 198,198,200 212,212,214 197,197,198 78,78,73 113,114,107 223,222,226 182,182,175 
85,86,87 114,120,131 61,64,57 91,94,101 76,76,78 66,64,53 69,69,57 123,128,130 105,113,106 185,186,200 205,204,219 159,155,183 118,115,135 114,114,127 101,104,118 169,173,184 197,198,208 136,139,156 105,111,113 73,81,67 65,74,55 90,92,84 184,187,190 150,147,158 156,154,167 170,168,178 191,194,199 186,187,193 218,219,221 106,114,103 106,112,97 95,99,94 64,58,64 126,128,139 41,52,28 36,44,29 121,125,124 114,115,115 165,168,170 154,161,159 218,219,219 151,153,149 199,199,200 204,203,207 218,217,221 172,172,172 42,49,33 164,164,163 164,163,161 57,66,35 
68,72,58 123,124,147 78,81,92 86,91,85 134,137,152 79,72,80 113,120,112 191,195,202 188,191,198 190,193,201 188,188,202 101,105,113 108,107,117 154,151,180 154,156,177 126,130,136 154,157,173 120,127,141 75,81,73 145,145,152 124,130,128 106,108,110 173,175,179 160,157,164 158,155,165 160,155,168 226,228,229 191,191,199 211,212,216 108,117,108 139,143,143 98,110,91 77,76,80 84,94,84 61,66,64 93,104,99 97,100,100 153,154,157 166,170,165 165,169,169 218,217,220 187,185,189 234,234,237 228,226,233 191,190,192 97,103,90 54,58,48 202,200,203 123,127,115 124,127,115 
64,61,64 130,134,152 88,88,90 79,82,78 102,106,100 66,64,61 155,162,163 193,197,203 206,206,215 217,216,225 147,150,168 121,125,142 84,88,95 123,125,144 146,148,170 127,131,151 151,153,176 87,96,103 96,102,100 162,164,176 187,186,194 86,92,83 104,114,106 133,138,141 65,62,67 123,127,133 157,159,166 146,148,153 103,107,108 116,120,125 115,121,118 101,110,108 89,90,90 93,105,91 98,100,108 103,112,110 77,79,80 156,159,160 175,177,181 204,203,207 181,179,183 185,184,187 235,234,239 226,225,228 217,217,221 143,144,137 89,90,89 181,177,180 144,143,135 201,200,201 
58,49,52 87,90,92 70,68,75 102,103,115 64,59,54 106,111,107 151,160,162 189,189,203 228,228,234 224,223,231 230,230,236 156,160,181 117,117,133 151,151,166 124,128,143 104,112,120 160,164,179 112,115,136 78,82,83 124,133,138 137,143,149 73,81,69 85,98,77 128,135,129 121,119,127 100,106,104 135,136,148 132,135,144 141,144,145 111,117,117 94,101,100 105,112,115 103,106,110 69,74,66 41,54,35 100,107,104 90,91,93 154,160,159 127,132,126 139,139,138 140,141,137 73,76,65 171,170,170 206,206,208 231,230,236 208,207,210 175,175,177 96,93,92 128,127,123 198,197,200 
51,50,41 55,55,51 82,88,94 77,75,81 63,57,51 81,92,73 126,135,133 152,159,162 232,230,235 237,235,239 238,237,240 204,205,217 130,124,148 134,135,150 116,123,137 91,98,103 96,105,112 65,70,70 79,89,83 70,83,65 75,81,75 72,77,75 142,146,153 130,134,138 62,68,58 86,93,85 187,187,197 107,116,110 88,94,93 130,130,142 105,111,116 189,192,198 123,129,129 36,38,37 99,107,104 89,88,92 74,77,76 113,122,116 90,99,87 98,105,94 107,113,105 106,111,102 94,96,93 173,174,178 188,188,190 197,196,198 247,246,248 55,52,55 142,139,136 221,219,221 
57,57,57 47,41,41 95,97,109 54,41,47 89,94,85 74,89,54 84,98,65 134,144,136 191,193,203 219,218,224 211,211,220 217,216,226 113,111,131 119,116,144 126,132,150 99,105,115 72,85,74 64,72,58 71,79,67 65,77,63 53,62,41 62,69,45 157,156,171 99,109,99 42,52,30 88,93,90 198,198,209 89,99,94 81,92,79 168,167,182 162,165,175 197,199,207 199,199,208 37,36,40 91,99,102 77,77,81 77,84,79 135,143,139 213,215,218 222,222,226 197,198,200 203,204,206 138,141,137 180,181,188 196,197,203 242,240,248 186,184,180 57,59,49 90,87,86 240,239,243 
66,74,72 55,47,49 57,55,51 62,54,60 81,90,90 79,91,80 75,91,56 163,171,166 187,186,199 131,135,145 161,163,175 144,147,165 97,96,112 108,109,124 124,128,147 94,102,112 79,86,87 72,86,83 74,85,76 43,56,39 45,56,40 44,54,38 67,74,68 61,73,60 51,61,44 61,66,63 138,140,157 87,94,99 64,71,66 103,110,112 116,122,129 178,181,190 200,201,211 72,68,79 134,136,143 54,53,57 187,191,198 209,213,218 221,221,227 187,189,190 222,222,227 211,211,215 140,144,137 158,159,161 207,205,215 197,194,203 125,126,115 80,83,71 41,40,44 235,233,238 
71,76,83 47,46,40 43,33,35 82,79,88 75,85,82 75,87,76 68,81,57 112,121,111 154,155,174 163,163,184 166,167,184 171,172,190 104,104,126 78,84,83 88,96,99 102,109,124 105,109,116 120,130,142 65,77,67 39,50,36 39,50,33 36,44,28 34,41,25 44,56,38 58,61,60 41,46,40 98,101,117 79,84,92 117,119,136 79,91,78 87,98,86 156,160,167 195,198,205 123,119,131 203,206,210 101,100,107 215,218,224 212,214,219 216,217,222 218,219,224 221,221,226 167,173,169 144,148,145 92,95,94 107,103,110 203,204,206 64,71,60 157,159,160 112,112,118 187,184,192 
75,81,92 88,91,109 44,34,36 92,96,96 98,103,113 63,74,66 56,66,47 62,71,54 76,85,82 185,186,198 165,168,187 100,107,108 94,97,103 73,77,85 60,69,65 111,117,130 108,109,122 77,91,93 59,71,59 72,80,83 68,81,72 38,49,22 40,51,23 35,46,20 34,45,26 36,43,31 77,82,89 89,94,103 86,95,93 79,91,87 78,94,75 111,120,117 206,208,215 113,109,122 198,199,204 119,119,128 217,219,223 218,219,223 218,218,223 220,220,224 218,218,221 215,214,220 213,213,215 189,190,190 179,180,182 127,127,131 59,59,59 196,196,199 201,199,205 131,129,139 
95,102,117 89,97,106 55,44,47 68,77,70 60,67,53 68,82,63 79,87,78 125,131,137 80,87,91 88,93,108 118,122,138 114,119,135 125,129,144 73,75,74 77,87,84 125,130,142 123,124,134 91,101,110 55,68,50 111,119,124 58,69,64 41,55,32 29,36,19 30,40,18 29,37,21 39,47,30 75,85,77 134,138,149 98,110,106 88,99,94 111,122,124 164,171,175 223,225,230 114,111,123 152,152,164 132,132,142 224,225,227 221,222,224 220,221,223 222,223,224 218,219,222 211,210,216 224,225,223 220,219,221 206,206,207 94,99,100 88,90,89 79,78,91 198,197,205 68,67,76 
65,75,75 61,68,65 53,41,44 48,58,49 51,59,49 48,58,38 58,69,48 87,94,83 132,136,150 125,127,142 128,128,147 227,227,232 167,171,183 69,67,73 124,125,148 108,109,127 120,123,134 85,97,99 54,68,46 56,72,53 53,69,50 41,56,30 36,41,34 37,48,33 53,65,51 41,48,37 39,50,26 47,62,37 58,72,64 182,186,195 170,175,186 201,207,212 217,220,226 110,107,119 154,154,161 147,148,157 225,226,228 223,223,226 222,223,225 220,221,223 212,212,217 224,224,224 230,230,230 226,225,226 215,216,216 200,200,203 202,204,201 85,82,86 32,30,33 42,38,40 
48,59,48 77,84,85 61,49,58 59,66,66 65,71,72 55,65,54 49,60,41 69,78,56 128,133,130 96,87,109 101,96,114 133,131,141 102,103,110 52,45,56 139,139,156 110,110,124 142,147,160 96,104,106 66,80,67 49,63,46 55,70,52 42,57,33 47,61,33 43,53,39 87,94,108 54,61,51 56,66,48 52,67,35 78,92,81 139,148,155 183,188,196 222,226,230 236,240,241 118,115,127 141,141,151 167,168,177 226,227,230 224,225,228 225,226,228 209,209,217 228,229,228 204,201,208 192,187,197 234,234,232 236,236,234 239,239,237 206,207,209 120,119,128 69,65,71 63,57,62 
43,57,41 70,79,81 64,53,60 98,102,120 179,180,195 78,87,86 52,61,46 55,55,47 62,52,60 113,116,130 141,142,161 137,138,154 108,112,120 85,83,95 86,93,86 83,82,89 162,166,179 97,106,108 42,52,40 49,61,50 48,64,38 37,52,27 42,56,32 89,101,96 76,86,84 50,56,46 54,66,42 44,58,31 143,152,159 108,121,113 182,188,194 229,232,236 241,245,246 131,129,140 48,48,54 181,182,192 231,232,234 228,229,232 215,215,223 224,225,227 225,227,228 129,126,145 131,125,144 229,229,228 227,228,227 212,215,217 206,206,212 177,180,188 70,66,72 63,60,66 
112,117,126 68,75,78 58,46,53 141,145,159 180,181,197 79,85,87 51,51,42 58,52,50 60,70,59 63,70,68 84,89,97 130,133,149 158,162,176 129,128,141 137,138,149 92,91,97 115,123,134 54,68,54 53,63,61 81,92,88 100,112,125 56,66,69 76,84,94 79,86,97 46,60,40 53,55,51 74,84,73 91,103,98 158,166,179 118,132,130 157,167,175 241,243,245 244,246,248 158,157,167 51,50,60 192,193,204 229,231,236 224,225,231 217,217,225 225,226,230 226,227,229 141,139,156 153,151,165 228,228,230 200,203,208 158,164,170 185,190,197 150,154,165 37,34,34 114,112,125 
88,94,103 182,183,194 56,44,52 216,216,223 188,188,203 161,163,174 51,43,41 56,65,51 52,64,50 53,63,56 67,74,72 82,89,91 100,107,113 125,126,143 158,154,165 77,76,82 142,149,160 108,119,122 78,92,85 78,94,84 96,110,113 47,59,53 66,74,79 56,65,61 52,66,48 51,52,45 120,129,127 188,194,196 176,182,194 186,193,196 219,223,227 244,245,246 246,247,249 181,180,189 49,48,60 199,200,214 224,226,235 216,219,228 219,221,228 222,223,228 222,224,228 192,191,203 156,152,171 222,223,228 179,184,192 130,136,146 141,146,149 102,102,110 25,21,22 220,221,227 
77,84,90 141,145,157 106,95,104 177,176,188 198,197,210 143,138,151 54,51,46 64,72,62 75,86,82 66,76,75 54,65,53 75,81,81 115,124,118 176,175,185 145,136,144 167,165,169 124,132,131 70,79,80 111,123,131 83,102,93 123,134,140 53,67,61 47,61,37 43,48,32 53,70,39 60,64,49 123,136,125 236,237,240 187,192,202 219,223,227 233,235,238 246,246,247 247,247,247 209,209,215 41,38,43 216,218,231 225,228,238 221,224,232 221,224,230 218,221,228 217,220,227 190,189,202 179,174,190 218,221,226 216,218,225 166,170,181 142,146,161 41,40,43 38,36,31 108,124,104 
123,129,144 173,179,176 105,99,97 195,190,194 203,208,204 84,75,81 132,132,141 101,106,102 133,140,132 63,74,64 56,70,53 68,77,70 67,82,63 130,138,128 59,45,52 107,122,108 89,106,82 69,83,68 89,105,95 58,81,45 94,113,87 79,94,86 111,125,123 61,69,55 66,86,49 76,77,75 185,193,198 222,223,228 203,207,214 239,241,244 212,215,221 241,241,244 241,241,242 223,225,228 36,33,36 189,189,208 226,228,240 222,225,235 221,224,232 218,221,230 217,220,229 187,186,200 174,169,185 194,201,204 206,211,215 137,147,137 77,89,64 28,24,22 50,46,41 69,83,66 
59,69,54 93,111,82 90,91,80 111,107,103 104,116,103 70,68,64 87,97,77 55,65,36 99,115,85 55,69,38 82,96,73 57,67,42 77,94,65 106,120,98 56,47,46 103,117,100 90,109,87 88,112,82 81,108,79 72,99,65 53,75,37 57,77,48 130,140,136 72,89,70 79,97,73 87,92,84 149,158,155 106,116,107 174,175,177 194,191,200 179,181,194 205,203,211 182,183,193 196,196,206 33,31,33 174,178,190 182,191,200 137,150,152 174,182,187 186,191,197 126,135,135 117,126,124 104,113,111 90,103,85 85,99,74 71,84,67 68,83,65 42,40,34 50,47,45 50,63,55 
60,71,55 79,96,70 99,100,90 104,92,93 98,90,94 120,117,115 141,149,140 112,120,101 110,123,110 91,105,87 68,84,57 45,59,33 59,75,45 88,104,81 62,56,54 84,100,83 83,103,81 85,111,80 70,97,68 64,88,59 53,75,42 48,67,37 55,77,56 70,91,78 64,76,59 65,75,53 58,81,35 67,86,52 97,122,97 144,154,148 151,163,152 141,151,141 186,186,189 150,164,150 47,48,45 84,98,90 85,104,94 58,75,67 84,101,79 78,91,81 64,74,71 64,74,69 83,94,90 53,64,62 52,66,59 57,72,57 53,68,56 42,39,35 48,43,41 48,60,53 
86,87,87 132,122,129 153,138,144 111,92,101 98,82,92 171,156,169 177,167,178 201,193,200 222,222,227 217,218,224 159,165,166 96,105,95 50,63,38 79,91,70 74,66,67 103,112,106 83,97,86 82,107,79 71,98,65 60,82,53 46,62,29 46,64,32 63,87,63 67,89,67 50,54,44 69,84,59 61,85,49 73,97,61 70,95,69 74,99,84 79,107,83 82,109,86 112,132,115 84,110,90 43,48,43 63,75,66 61,76,68 50,64,59 65,82,64 68,81,72 49,58,62 54,63,63 61,70,80 42,51,55 47,56,56 48,60,51 43,53,52 39,38,33 48,42,41 52,63,54 
145,148,160 178,177,187 144,143,146 89,74,83 110,97,109 232,232,237 175,193,197 217,217,224 189,200,206 216,214,221 195,198,204 208,210,217 116,128,127 141,147,153 98,97,101 186,192,204 148,161,176 136,153,159 95,99,97 95,107,81 74,94,59 65,82,51 93,108,96 101,112,100 65,70,70 73,84,68 85,99,85 91,105,92 88,104,93 100,115,108 127,134,135 135,142,141 136,147,140 125,139,121 67,72,65 94,96,81 121,130,106 97,109,86 72,85,64 85,96,79 85,96,76 87,100,81 92,101,88 59,70,59 69,80,67 61,69,65 63,64,62 45,41,38 46,39,38 69,71,63 
180,180,190 184,183,192 158,156,162 51,37,43 135,124,133 216,216,221 167,179,182 197,197,201 169,168,168 171,133,135 179,145,144 168,172,161 158,165,158 136,137,132 115,100,98 168,144,143 159,150,137 149,162,135 153,163,135 141,143,118 103,118,81 127,138,114 152,151,143 150,149,143 84,81,75 130,133,121 135,146,127 137,149,127 139,149,131 141,149,132 132,140,124 139,148,130 142,153,136 144,154,137 89,90,86 99,90,85 139,140,125 128,133,111 123,126,106 116,118,101 112,118,95 114,121,93 107,116,84 101,111,80 93,102,76 89,104,74 92,104,77 56,55,44 46,42,39 85,97,72 
197,196,202 185,185,189 170,178,173 55,39,44 113,111,98 126,135,112 128,140,113 134,146,118 132,147,118 137,149,122 142,155,127 147,161,132 153,166,135 131,136,113 113,110,93 156,163,134 152,164,133 144,162,130 147,163,137 174,177,169 157,162,148 154,161,139 155,162,140 148,158,132 93,93,80 134,143,122 150,159,135 149,159,136 149,158,139 165,168,158 172,172,166 171,171,166 176,175,171 176,172,169 109,105,104 111,94,93 166,155,153 156,146,142 151,141,137 144,135,129 143,134,129 139,130,125 136,127,121 130,123,116 129,123,113 127,122,110 125,122,107 64,57,49 64,56,52 116,118,97 
115,133,101 120,139,108 124,144,112 68,52,52 121,126,105 136,153,120 140,154,123 138,152,123 136,149,120 139,151,121 141,152,122 145,156,122 150,155,128 126,119,108 128,117,110 174,168,159 171,169,155 169,166,157 173,168,164 177,169,168 175,166,166 167,161,157 162,159,154 161,159,152 107,102,99 147,145,135 163,160,153 163,161,153 163,163,155 165,166,156 168,164,160 173,167,167 172,166,165 174,167,166 122,114,114 108,93,91 168,155,155 158,145,145 152,139,138 153,139,139 150,136,136 144,130,129 142,128,127 138,125,124 136,124,122 133,118,117 133,121,119 68,57,55 67,57,55 127,117,113 
96,115,83 97,115,84 104,122,91 82,65,66 98,103,83 108,125,94 113,126,98 117,126,102 132,134,115 142,136,124 160,146,143 166,148,151 165,149,151 131,117,117 125,110,110 164,150,152 169,155,157 174,162,164 178,167,169 178,167,168 169,158,159 164,156,157 160,153,151 158,152,148 110,104,101 140,139,129 149,150,140 158,157,151 165,162,158 164,162,158 164,160,155 165,160,156 165,158,153 168,161,159 126,118,114 113,98,95 159,146,146 150,134,135 142,127,126 145,132,130 143,128,129 142,130,129 138,124,124 139,126,125 139,126,125 135,123,122 135,122,122 72,61,58 68,56,56 132,119,118 
84,93,70 94,97,77 96,100,81 81,62,63 103,95,88 103,104,88 111,105,95 120,106,107 122,106,106 133,114,116 125,108,110 118,99,103 130,112,118 115,98,102 110,93,96 145,130,134 147,133,136 147,135,138 145,132,136 146,135,138 141,131,134 141,131,132 147,138,139 151,145,143 107,100,99 155,147,145 161,154,152 161,158,153 164,162,157 165,163,159 157,154,146 151,147,139 136,137,120 138,138,124 107,105,91 110,98,87 135,128,119 137,127,121 124,116,105 124,116,107 127,118,110 131,121,116 135,124,122 132,122,119 126,117,113 122,114,108 125,117,111 69,60,53 66,55,53 136,127,123 
89,90,74 89,90,72 89,88,74 83,69,79 89,82,74 89,86,71 95,91,76 100,86,84 95,85,78 101,84,86 105,87,93 111,94,98 119,102,105 93,85,95 95,79,85 119,103,107 115,100,103 130,118,121 131,120,124 130,120,124 129,119,122 132,122,123 139,131,132 139,131,130 100,93,91 141,132,132 149,140,139 143,134,132 154,146,145 164,156,155 156,150,145 152,146,140 152,145,140 146,142,133 113,105,97 108,94,88 128,123,114 140,132,128 141,132,129 129,122,116 130,121,116 120,115,106 119,112,105 121,113,107 114,112,99 110,110,94 114,113,98 71,64,55 52,45,44 104,107,87 
82,84,65 77,76,58 80,78,62 90,69,70 83,79,66 80,81,63 81,80,65 91,87,73 91,82,74 100,88,84 114,97,98 107,94,92 106,96,91 81,67,65 94,76,78 112,96,98 108,92,93 106,91,93 108,96,97 113,103,103 118,110,106 123,111,112 123,112,112 117,104,100 89,88,91 121,115,117 126,117,115 122,111,109 135,126,123 145,137,134 145,139,132 144,139,130 143,139,127 159,151,149 118,108,104 108,92,90 138,134,123 130,128,114 117,117,99 116,119,100 106,113,86 100,108,80 107,113,85 100,108,80 89,103,70 91,102,71 91,101,73 70,68,55 47,38,34 96,106,81 
78,86,62 79,85,61 80,84,62 96,67,67 81,80,63 77,80,62 80,80,63 80,81,62 79,83,63 81,84,65 85,92,67 83,90,66 87,88,69 87,75,65 96,79,75 96,82,79 99,83,82 103,90,86 108,97,92 108,99,94 100,91,84 101,89,88 104,95,91 106,99,93 90,86,74 109,100,96 109,100,93 124,114,113 122,114,111 126,118,112 131,121,118 121,117,105 132,128,117 134,134,118 96,96,76 90,81,65 98,114,72 95,112,70 93,110,64 96,112,65 91,108,56 88,105,57 86,100,57 90,101,61 91,102,62 85,97,60 86,100,64 72,73,52 61,50,44 87,99,67 
65,74,48 70,75,50 74,77,57 98,56,57 84,75,60 81,79,60 75,75,56 74,82,57 79,89,63 81,84,63 78,85,59 78,80,60 79,79,63 81,66,56 95,78,67 99,94,79 103,102,85 99,102,80 97,95,79 110,102,95 98,97,80 98,95,80 95,91,80 101,93,86 94,84,78 107,103,89 104,109,88 103,109,85 104,118,84 106,118,86 111,122,90 110,119,91 111,120,90 110,122,85 88,95,60 88,73,55 90,108,65 85,103,62 81,98,57 75,94,52 68,85,40 80,96,50 89,103,55 89,102,55 90,102,60 90,104,60 83,95,59 69,70,46 59,49,38 82,89,55 
61,70,48 69,77,55 70,69,50 101,44,48 81,69,54 77,79,57 66,70,48 64,71,49 68,73,55 75,76,57 72,76,57 78,78,60 79,80,63 78,61,46 90,60,52 84,86,61 75,83,53 79,91,58 86,91,66 85,85,67 84,90,61 82,88,59 85,89,64 85,88,68 88,73,59 101,98,74 93,107,79 74,89,55 83,99,64 89,107,68 87,102,63 93,106,73 98,109,76 100,109,72 77,85,56 75,55,42 82,98,57 80,96,57 82,98,57 64,80,47 55,69,39 66,80,43 77,87,49 77,91,50 80,91,53 78,88,44 78,89,53 68,78,44 55,61,31 81,88,53 
56,60,45 59,66,47 70,73,51 105,69,67 89,81,66 68,76,52 63,72,50 66,73,52 66,72,52 66,67,49 66,70,51 76,83,59 71,80,53 79,70,53 90,80,62 76,83,55 74,83,57 69,78,51 73,80,57 77,84,57 68,73,50 68,78,53 72,77,51 75,83,58 77,63,46 90,89,69 85,100,73 75,90,63 74,87,57 73,86,55 78,93,61 83,92,62 85,94,63 75,75,46 68,71,48 63,44,35 79,93,58 69,80,50 74,88,53 65,79,47 68,81,49 66,78,45 67,79,46 63,76,44 71,81,51 67,74,46 68,80,48 55,66,37 57,69,34 75,85,51 
71,71,54 70,76,54 71,79,52 85,81,60 71,70,50 67,71,50 66,70,51 61,68,47 61,70,47 70,77,55 66,75,49 65,74,49 66,75,48 66,55,43 80,77,56 75,79,53 80,89,58 80,90,58 76,83,55 72,80,53 64,72,46 69,85,56 72,79,54 57,62,40 67,58,43 71,75,52 74,87,60 70,85,58 71,88,60 74,89,65 71,86,61 60,71,42 76,85,56 68,70,45 46,52,32 60,46,34 77,87,52 81,91,58 78,88,58 72,84,50 73,85,51 65,78,47 68,76,48 59,72,47 67,78,51 58,69,43 52,61,37 56,65,40 54,59,36 59,63,35 
66,74,51 68,71,51 67,73,48 65,65,44 67,68,50 66,67,48 66,67,46 68,77,51 62,71,49 65,70,49 61,69,44 63,70,45 69,79,49 65,64,45 69,70,46 77,81,53 75,84,53 77,82,53 74,78,50 71,79,48 64,72,43 57,66,38 55,58,35 50,57,34 55,56,35 64,67,45 68,80,50 64,80,47 59,74,44 69,82,60 74,90,63 61,75,44 67,78,52 70,81,55 43,49,33 56,58,38 70,79,46 68,73,45 74,79,46 64,69,40 60,69,41 69,83,50 68,77,48 64,74,45 57,68,41 62,75,44 59,66,42 58,66,43 47,51,31 44,46,29 
66,70,52 62,65,47 62,63,44 61,61,45 63,72,49 61,67,47 66,69,48 61,67,46 64,71,49 55,63,41 62,72,47 61,71,44 59,71,43 63,69,42 70,68,47 65,66,43 71,78,51 77,82,55 73,78,51 67,76,46 59,66,39 61,70,41 56,57,35 80,70,55 57,62,36 60,71,45 75,86,57 67,80,52 63,75,46 70,82,56 81,96,70 71,87,59 69,79,50 64,69,44 63,69,45 62,73,42 59,63,31 68,71,45 66,67,42 69,71,46 60,65,42 65,76,39 68,76,47 62,65,41 54,62,36 64,74,52 59,68,37 63,68,46 47,53,32 40,42,26 
64,68,52 62,70,50 66,73,50 62,74,49 58,67,46 70,80,53 69,72,50 62,65,46 56,66,44 58,68,45 64,71,47 60,71,46 59,70,44 64,68,46 74,72,50 73,69,50 73,76,51 72,75,51 70,80,51 61,77,44 64,82,50 67,74,45 59,65,40 66,71,44 60,65,36 60,72,44 69,82,50 66,79,48 76,88,58 67,81,53 76,92,60 74,92,60 74,86,50 80,90,57 66,74,48 60,68,40 62,69,40 67,71,43 69,72,44 74,77,50 67,72,40 65,68,41 69,74,43 72,76,48 49,52,32 59,65,39 60,71,32 64,68,38 64,70,47 51,55,29 
65,65,53 55,54,44 57,60,46 62,75,47 66,71,49 67,81,49 64,72,46 60,63,45 51,57,40 58,62,43 56,60,43 58,68,45 61,67,45 61,65,44 68,66,47 77,76,53 80,78,56 68,76,49 64,79,47 57,73,40 62,73,47 73,77,51 70,72,47 54,64,35 57,67,36 57,71,43 66,78,44 71,81,54 75,86,58 67,73,47 75,88,51 73,89,49 77,90,56 68,73,43 65,67,42 68,72,47 68,74,46 68,73,48 58,63,37 73,72,45 75,76,47 66,65,39 62,63,31 62,59,33 68,69,42 53,58,30 60,74,33 62,69,35 55,40,39 67,77,46 
84,78,69 85,83,75 78,79,70 78,85,66 84,91,68 82,95,64 81,87,67 71,67,57 55,57,43 56,59,45 59,63,46 53,61,42 59,62,44 67,68,49 74,68,52 75,73,52 81,80,59 65,75,49 56,69,42 70,79,50 69,72,50 79,72,54 76,66,49 61,68,42 50,60,33 53,65,37 71,82,49 61,69,46 72,78,53 68,71,50 69,73,44 78,94,53 77,88,47 76,82,48 54,57,36 65,72,47 60,63,40 64,65,44 68,72,45 60,56,36 63,66,37 67,71,41 63,64,35 68,67,39 69,69,41 64,66,39 66,77,39 57,67,33 81,72,70 67,76,52 
86,78,66 238,233,222 235,229,214 232,224,202 231,223,204 228,219,195 222,215,199 193,188,176 56,54,45 51,47,39 51,51,40 59,65,48 71,66,57 80,73,62 86,76,68 83,78,64 85,80,64 79,75,58 78,72,57 82,80,63 85,78,64 88,76,63 89,79,66 68,69,49 61,67,41 60,74,45 67,79,43 67,80,47 64,67,45 71,76,50 73,76,52 79,93,53 81,93,53 76,83,44 63,71,43 60,69,40 54,53,32 73,76,52 64,72,40 57,55,37 62,61,41 63,67,41 69,72,40 72,79,47 72,80,46 67,78,42 70,86,38 74,90,41 45,50,36 65,78,45 
81,73,65 237,232,221 232,223,200 227,224,202 221,198,146 228,221,203 226,220,205 196,190,175 98,94,84 99,95,85 93,92,78 96,91,79 95,88,79 95,87,78 95,85,79 90,87,72 92,90,75 89,83,72 89,84,72 85,79,67 92,81,73 85,75,66 83,73,65 60,55,43 62,65,48 70,78,53 68,86,47 72,93,50 66,74,48 74,77,59 73,81,54 83,94,60 88,101,59 82,97,50 79,89,60 58,67,40 57,59,37 73,82,43 82,89,45 67,71,42 59,56,37 64,65,40 74,81,46 75,83,49 77,87,52 69,78,41 61,77,34 69,85,41 51,53,46 65,77,42 
79,78,62 234,227,206 233,225,202 222,219,199 200,187,156 235,225,206 232,223,199 200,194,176 92,87,76 89,94,74 88,95,73 97,94,82 98,96,83 102,98,83 97,93,78 100,97,79 105,99,83 103,101,86 106,101,91 103,97,86 111,104,93 105,101,90 105,100,91 98,89,80 83,77,62 84,84,65 74,88,52 79,99,56 81,97,60 85,87,65 83,88,61 80,85,59 92,101,59 97,105,60 93,98,66 88,99,61 81,85,55 81,88,51 92,94,53 91,93,53 98,96,70 88,83,58 86,85,57 79,76,50 76,80,47 70,80,47 57,66,31 59,70,31 40,42,36 65,75,44 
74,68,53 237,232,220 231,221,191 230,223,204 207,201,187 216,209,194 219,212,193 202,196,181 84,85,66 78,79,61 87,93,72 94,87,76 87,81,68 83,84,62 94,91,69 98,91,73 103,96,82 105,97,84 103,97,82 99,95,80 105,97,86 105,98,87 106,101,89 109,103,93 88,78,63 87,80,68 82,89,61 77,92,58 78,97,61 86,93,66 80,73,50 83,81,59 86,83,53 94,99,55 97,96,67 99,101,68 78,90,48 66,72,46 75,77,41 89,95,53 85,80,51 82,75,58 77,71,50 88,87,64 76,76,48 66,76,34 57,63,33 51,55,27 43,45,37 63,77,42 
71,58,55 238,235,227 234,227,207 227,222,208 213,208,193 210,207,194 209,205,189 204,199,186 86,87,67 83,78,67 88,82,66 88,81,69 84,76,66 85,79,63 89,90,63 97,88,73 106,97,87 103,98,86 100,94,82 103,93,84 102,100,87 103,98,87 99,88,80 101,99,86 92,82,70 81,78,68 70,74,45 82,88,61 76,81,55 85,87,67 75,73,53 81,80,60 78,73,53 88,87,54 94,92,71 92,90,70 81,87,51 88,89,62 75,69,47 82,82,52 88,82,61 106,98,89 97,92,81 36,36,35 39,39,38 53,57,60 113,114,103 75,78,60 42,42,42 60,71,40 
76,67,61 115,115,112 115,113,110 112,110,105 110,107,97 107,104,100 110,107,99 102,100,96 84,77,67 86,77,65 88,83,70 95,89,79 93,88,77 87,79,67 90,82,69 95,89,78 103,99,87 104,100,89 100,92,82 100,96,84 104,100,89 101,95,86 97,81,75 98,86,77 105,98,89 101,98,88 64,59,44 77,73,55 75,70,54 87,84,67 91,83,69 83,81,66 80,73,61 82,78,53 104,100,86 81,74,63 72,68,49 91,86,69 88,82,62 83,74,63 92,90,71 107,105,94 93,91,79 45,43,39 46,42,41 52,50,47 81,79,62 62,65,47 43,43,38 54,57,34 
84,79,71 64,64,64 66,66,66 39,39,39 30,30,30 30,30,30 30,30,30 35,34,33 90,84,73 91,84,74 95,90,79 96,91,82 97,87,79 95,84,75 95,88,76 101,97,84 101,99,87 102,99,87 95,90,79 100,99,87 104,101,90 102,100,90 110,95,96 100,92,83 94,89,77 84,80,67 82,78,63 85,81,68 78,71,59 95,89,77 93,83,72 84,83,65 92,85,75 80,70,60 98,88,78 91,84,75 89,83,69 83,80,67 77,73,68 69,65,60 73,72,64 63,63,59 73,70,67 66,62,58 53,47,46 46,42,38 51,48,40 63,63,54 60,61,52 38,37,31 
