58,68,45 44,48,32 57,65,53 109,115,125 48,55,39 37,42,25 39,43,28 54,62,41 114,118,122 81,85,77 105,106,116 91,95,90 46,50,34 31,35,20 42,47,31 48,52,41 55,59,45 35,42,20 47,54,32 41,44,42 34,41,21 51,55,46 76,81,75 176,178,185 86,93,84 71,79,76 68,83,60 58,71,44 100,108,104 98,107,94 149,154,147 188,189,193 188,188,192 190,190,194 192,192,194 195,194,196 198,196,199 199,197,200 200,198,201 202,200,201 202,201,200 202,201,199 203,202,200 204,203,201 204,203,201 204,203,201 205,204,202 206,206,204 205,205,203 202,203,200 
37,38,33 46,47,46 44,46,42 49,50,51 41,42,38 36,38,33 38,39,35 39,40,36 45,45,44 86,89,87 80,83,85 78,82,75 34,38,22 38,41,22 42,49,22 55,62,43 152,150,164 66,68,62 51,57,50 60,63,65 43,49,31 41,46,28 91,96,104 68,72,67 96,98,105 71,78,74 74,86,68 64,77,47 89,97,90 114,120,115 136,142,135 188,189,192 187,188,190 188,189,192 191,191,193 194,194,196 197,195,198 197,197,199 199,198,199 200,199,199 201,200,199 202,201,199 202,201,199 203,202,200 204,203,201 205,204,202 206,205,203 205,205,203 204,204,202 203,203,201 
50,52,48 76,77,75 96,96,94 96,96,95 91,91,91 96,97,94 87,87,86 99,99,99 74,74,72 119,123,128 67,71,69 80,83,81 32,35,20 37,41,23 47,54,34 48,51,35 129,127,129 84,85,88 49,53,48 49,53,43 50,57,46 38,45,21 71,80,73 105,108,124 147,145,169 114,118,128 94,101,96 97,105,96 76,86,70 172,175,178 192,193,197 187,188,190 186,187,190 188,189,191 191,191,193 194,194,197 195,195,197 196,196,197 197,198,198 199,199,198 200,199,197 201,200,198 202,201,199 203,202,200 205,204,202 209,208,206 207,206,204 206,205,203 205,205,203 203,203,201 
44,46,42 46,47,46 39,41,37 38,38,35 42,43,41 57,57,59 54,54,57 49,49,51 39,40,38 101,104,110 105,107,115 85,89,89 38,43,25 45,48,36 40,48,24 47,50,38 64,66,56 97,96,103 38,41,31 30,35,20 45,54,37 51,61,35 63,72,57 197,199,210 227,227,233 229,230,234 122,125,134 179,182,182 121,130,118 192,194,198 193,194,198 187,188,191 186,187,191 188,189,191 191,191,194 194,194,198 193,194,196 195,195,196 197,197,197 198,198,196 199,198,196 200,199,197 201,200,198 204,203,201 209,208,206 211,210,208 210,209,207 209,209,207 205,205,203 204,204,202 
44,46,41 67,67,68 66,67,66 61,62,59 73,74,74 50,50,52 48,49,51 44,45,45 38,38,36 81,80,89 64,67,60 65,73,54 89,92,89 41,46,27 85,89,81 96,98,93 87,84,91 82,82,84 52,54,46 33,40,21 42,50,29 54,65,39 79,91,72 201,202,209 233,234,237 247,249,249 216,218,221 236,238,238 156,162,159 202,205,208 193,194,197 187,188,190 187,187,191 188,188,191 190,191,194 194,194,198 192,193,195 194,194,195 195,194,194 197,195,195 199,197,196 202,201,199 204,203,201 208,207,205 213,211,210 213,213,211 212,211,209 209,209,207 210,209,207 208,207,205 
80,90,74 76,86,82 45,52,38 54,60,55 92,95,108 101,105,110 41,45,41 61,62,64 51,56,47 87,87,92 122,123,134 107,109,113 155,155,167 47,52,30 78,84,71 72,72,72 52,55,51 60,65,50 72,74,73 54,59,52 59,67,52 54,65,39 99,107,114 88,93,94 161,161,178 172,173,180 239,240,240 237,239,240 198,200,202 199,202,206 191,192,196 187,188,191 187,188,191 187,188,190 189,190,193 193,193,197 192,193,195 192,192,194 194,193,194 197,195,197 187,186,182 168,168,156 200,199,194 191,190,186 176,174,167 203,202,199 212,211,209 214,213,211 212,211,209 211,211,209 
91,102,89 65,75,59 69,81,71 55,63,52 78,84,96 161,165,181 42,47,40 55,60,61 52,55,50 62,66,58 51,52,41 76,82,81 111,112,127 66,70,58 103,106,105 93,93,95 50,50,48 135,133,145 54,58,44 96,97,105 69,72,65 48,59,34 103,111,116 66,72,63 116,119,129 100,103,111 105,110,107 167,169,174 217,221,224 199,200,205 190,191,196 186,187,192 187,188,191 187,189,191 190,191,193 191,192,194 191,191,194 192,192,194 195,194,195 197,195,196 129,128,112 94,98,69 136,138,113 154,150,149 125,124,110 187,188,183 216,215,214 218,218,216 216,216,215 221,221,219 
115,124,118 53,63,42 77,84,75 54,65,47 72,79,79 95,98,109 60,67,66 102,106,110 33,38,24 49,52,40 42,43,32 108,111,111 107,108,121 84,88,81 85,87,91 93,94,91 39,42,27 89,90,93 68,70,64 56,62,45 40,46,21 72,80,62 99,108,105 86,89,85 86,90,99 156,156,171 118,122,126 142,144,153 213,216,220 196,198,203 188,190,195 186,187,192 187,188,192 188,189,192 191,192,194 191,192,195 192,193,196 195,196,196 196,195,195 124,126,103 80,83,61 58,62,44 91,94,70 94,92,82 100,100,82 193,192,187 208,207,203 201,202,196 169,172,156 204,206,201 
95,103,103 59,68,50 42,48,31 76,84,68 77,84,83 75,82,83 57,62,56 92,96,103 93,96,100 113,118,123 58,59,53 77,76,85 133,132,147 75,77,71 69,70,69 131,130,138 54,60,46 123,119,131 52,57,40 104,108,107 36,43,20 95,102,96 97,106,91 90,94,96 101,104,107 156,156,165 221,223,226 234,238,239 209,212,216 193,196,201 187,190,195 186,188,193 187,188,192 189,190,193 194,195,197 198,199,202 199,199,204 201,200,203 176,177,169 70,79,33 57,66,28 37,41,30 87,89,76 67,69,62 93,96,76 123,127,109 153,152,144 139,140,132 136,140,127 208,209,206 
89,99,98 119,129,125 55,66,51 71,78,73 100,108,115 84,89,93 73,80,79 94,97,106 146,148,157 87,92,87 103,102,116 94,93,111 113,111,127 72,74,74 70,72,72 85,88,83 52,58,41 103,102,108 62,66,53 129,131,128 44,50,33 141,145,144 123,130,124 105,109,115 137,138,146 67,77,64 157,162,163 206,209,212 195,198,203 193,196,201 189,192,199 187,190,195 188,189,194 189,190,195 195,196,198 202,204,205 204,204,206 207,206,208 162,165,149 64,75,24 56,60,45 73,75,67 70,72,45 70,75,48 69,76,37 149,150,142 108,111,94 82,88,66 171,174,174 211,210,210 
68,79,69 155,165,168 96,104,102 75,83,83 86,95,94 68,78,71 56,64,61 159,161,175 171,171,189 97,100,101 119,115,135 72,70,79 52,56,51 81,85,83 75,74,81 74,78,76 70,74,69 79,83,78 102,102,103 113,113,112 49,55,34 140,144,132 138,141,143 122,123,133 224,224,229 87,95,85 100,109,100 168,173,175 194,197,202 194,198,204 192,196,202 188,192,197 188,191,196 191,191,197 195,196,198 197,199,201 203,204,205 210,210,211 130,133,121 45,48,38 51,53,42 135,134,127 76,84,34 62,71,40 67,72,53 57,66,39 52,62,42 102,105,94 124,126,107 98,101,82 
98,106,93 93,102,100 70,80,73 61,70,59 66,75,70 56,62,57 37,46,33 68,72,70 93,99,99 96,98,102 167,165,178 36,38,29 39,43,35 72,76,73 62,65,64 66,69,65 92,95,91 130,130,141 63,68,51 65,70,47 66,71,55 87,96,78 138,140,144 174,175,183 236,237,240 122,126,131 88,96,89 125,133,127 199,203,207 199,202,208 194,199,205 192,197,201 191,194,201 195,196,201 197,200,202 200,202,204 203,204,207 204,206,208 62,67,50 42,47,27 141,143,135 105,106,87 51,58,27 61,70,30 75,84,35 60,70,33 71,80,55 81,90,57 62,74,37 65,74,48 
197,202,192 122,128,121 56,67,59 91,103,102 55,64,58 41,47,37 74,79,81 51,57,51 72,77,76 84,89,88 99,101,104 41,46,38 46,50,45 61,66,59 88,90,101 51,57,43 96,102,101 96,98,104 63,69,57 53,62,45 67,78,50 157,158,169 159,158,171 136,138,146 198,199,199 143,145,155 91,100,97 203,205,208 221,223,226 206,210,215 200,205,211 198,202,208 198,201,206 200,202,206 203,206,207 206,208,209 201,204,207 171,174,174 46,54,43 104,108,99 91,96,72 49,56,33 54,60,30 45,51,26 53,64,31 44,52,28 49,57,31 45,54,29 63,73,40 81,88,64 
166,173,165 232,232,228 66,77,65 117,125,127 154,159,169 81,88,84 55,61,54 46,55,45 63,71,58 107,113,118 90,94,92 59,61,61 57,59,58 56,59,49 56,60,55 110,115,122 155,154,170 130,132,142 107,107,112 103,106,113 84,96,76 108,119,105 120,123,127 121,124,121 126,131,111 125,131,125 88,97,93 210,213,214 227,228,231 211,214,219 203,207,213 194,198,205 206,208,213 207,208,212 208,210,212 209,210,212 209,211,212 211,212,214 146,148,143 72,77,55 63,73,35 56,68,29 61,72,33 51,64,32 57,68,39 36,40,33 32,34,29 54,64,43 65,77,50 71,77,45 
211,217,209 246,246,242 198,199,202 147,153,163 143,149,156 93,100,104 86,94,93 65,72,73 112,121,128 79,86,83 74,82,73 64,66,58 50,53,47 54,59,50 74,76,77 224,224,231 225,225,232 232,232,237 161,160,170 55,60,53 73,85,54 116,126,111 94,103,84 69,80,34 77,87,42 124,131,106 165,169,177 128,137,130 209,210,211 217,220,225 185,187,196 180,181,190 217,219,222 223,224,224 219,220,220 210,212,212 213,215,214 220,223,222 134,139,131 47,57,33 62,68,29 69,80,33 57,71,34 60,71,34 71,81,45 54,64,39 71,84,52 60,73,41 85,99,54 60,67,39 
117,140,92 132,149,126 145,158,144 183,187,192 192,194,197 131,136,146 172,176,185 156,161,170 117,123,124 104,113,114 109,113,122 149,151,162 151,152,166 103,106,117 88,90,97 155,152,168 184,184,192 158,155,175 120,121,111 85,89,76 110,122,79 120,131,89 115,122,82 80,90,45 61,70,35 135,140,111 196,198,194 76,90,52 193,197,196 229,230,234 232,234,236 229,230,231 234,235,234 233,235,234 212,214,209 222,223,221 224,223,221 193,195,185 125,134,113 64,79,38 75,86,35 54,65,31 44,52,29 63,74,39 62,71,38 54,67,34 59,72,33 60,73,41 59,67,38 81,88,59 
89,119,57 105,126,97 172,179,178 232,232,231 247,246,244 243,241,241 234,234,234 223,224,226 222,224,225 186,190,195 187,189,199 159,160,175 182,183,184 175,175,186 120,122,127 157,157,168 111,111,120 117,119,121 110,117,93 69,78,39 91,100,56 82,96,41 95,109,51 83,94,46 65,78,28 110,120,77 139,145,122 144,148,132 172,176,177 239,240,241 242,244,243 237,238,238 227,228,226 161,168,148 107,119,89 232,233,229 153,155,144 81,91,57 80,93,45 68,83,41 47,56,32 41,51,30 41,49,28 36,45,25 43,49,37 22,29,15 59,66,40 66,75,43 39,46,25 62,70,39 
93,118,70 196,203,196 248,249,245 253,252,248 249,248,245 246,245,243 245,244,241 242,242,241 241,241,241 239,239,239 237,237,240 167,166,177 151,152,163 150,153,152 108,112,104 80,86,65 162,163,170 81,89,66 73,84,42 72,82,36 81,94,47 74,88,39 95,106,53 100,113,58 84,98,37 101,111,50 98,104,78 165,169,160 244,246,246 246,248,246 245,246,245 209,212,200 120,132,87 102,113,79 180,183,182 233,235,231 117,122,106 61,73,42 58,69,36 49,59,34 50,61,30 40,49,26 44,56,32 58,67,35 61,74,37 46,57,33 37,45,26 55,65,36 62,74,46 65,77,41 
93,120,69 154,170,148 205,212,202 253,252,249 250,249,247 247,246,244 246,245,242 244,243,241 243,243,242 242,242,243 241,241,242 227,227,231 192,191,201 180,179,187 164,166,169 140,146,133 167,169,170 91,100,66 57,70,33 63,75,31 75,87,34 81,98,35 89,106,46 79,89,42 100,112,50 122,134,63 103,110,59 169,173,152 233,235,233 245,246,245 179,185,164 87,102,45 74,88,44 94,105,85 196,202,195 233,235,233 187,191,190 81,90,78 46,55,33 42,48,35 46,56,25 47,58,32 58,71,40 39,48,24 50,56,29 46,54,34 59,68,38 65,77,41 55,66,35 55,64,34 
78,108,48 93,122,66 130,141,110 173,168,170 214,211,212 245,243,243 247,246,245 246,245,243 244,244,243 242,242,242 242,242,243 242,241,242 240,238,240 241,239,241 241,240,242 214,213,217 179,182,173 75,88,51 61,76,36 57,70,25 65,79,28 69,85,31 79,92,46 93,109,50 91,104,46 93,102,44 97,110,47 118,128,79 133,139,112 156,162,133 132,140,125 135,137,141 125,124,135 186,189,193 220,223,222 231,232,234 138,141,143 146,151,153 46,53,39 30,39,20 51,65,34 59,72,38 43,55,30 34,41,23 42,49,25 59,71,40 42,51,31 57,65,38 54,63,38 50,59,36 
78,110,54 83,110,59 125,136,108 141,140,140 144,137,141 170,161,165 248,248,247 246,246,247 246,246,245 245,244,243 244,243,244 245,244,245 246,244,245 247,245,247 245,244,245 160,168,151 121,132,105 79,94,57 67,83,47 93,106,54 74,90,36 73,88,34 102,116,56 84,96,45 69,82,36 63,71,33 89,100,47 97,107,64 101,109,71 80,91,51 73,88,39 79,93,59 96,113,65 103,126,54 165,176,150 230,231,234 224,226,228 149,154,155 53,62,37 52,65,35 46,56,31 50,62,31 48,59,31 52,64,32 63,77,43 62,75,42 66,76,45 70,81,46 65,76,42 76,85,50 
64,91,38 70,95,51 106,123,90 155,153,150 142,141,129 171,170,155 239,242,238 250,250,250 248,248,248 247,247,247 248,247,248 250,249,249 228,231,227 193,203,178 160,169,148 146,156,135 99,114,76 70,85,47 88,105,55 100,113,61 99,111,59 87,103,47 87,100,51 87,102,41 73,86,33 69,75,48 82,92,44 85,97,43 94,106,49 99,112,68 90,103,52 102,122,51 90,106,54 81,95,65 107,123,93 221,223,225 211,213,216 69,77,66 36,45,28 31,40,23 43,52,31 41,53,28 64,76,40 65,76,44 58,71,39 63,75,41 74,85,51 59,71,41 47,54,30 50,60,33 
66,91,46 68,97,61 104,129,80 121,143,93 125,137,93 129,140,92 136,155,106 241,243,243 246,247,249 245,246,247 246,247,248 203,209,201 88,106,75 75,94,53 94,113,66 93,116,67 75,93,56 70,89,48 81,101,50 94,109,61 92,106,54 78,93,42 74,87,41 81,94,39 82,92,43 77,83,53 89,100,44 88,100,40 86,95,50 92,101,48 91,102,43 48,61,27 56,67,45 160,165,163 198,201,203 230,231,235 218,219,225 85,94,81 54,67,39 64,80,48 58,71,39 54,69,36 45,57,31 52,63,36 43,54,28 45,56,30 57,69,38 59,69,37 78,89,53 63,74,39 
78,105,62 56,78,52 81,111,71 76,107,72 102,121,82 120,129,79 100,122,70 164,183,153 232,236,234 244,245,248 243,244,248 154,167,146 84,108,65 110,134,72 103,124,72 95,118,64 79,97,54 67,83,50 91,107,56 99,113,62 87,101,51 93,107,52 89,101,51 87,99,50 71,80,37 73,80,36 89,101,43 94,106,45 96,101,68 82,92,55 83,97,33 73,92,32 63,78,32 79,95,36 156,164,147 213,216,221 221,223,228 70,79,62 47,56,33 39,45,25 62,77,40 53,67,37 50,62,36 57,70,39 47,58,32 61,72,42 61,73,38 70,81,44 63,73,44 66,78,48 
70,98,57 81,111,72 95,122,80 76,105,70 76,103,70 88,106,68 81,105,53 93,121,69 113,136,101 188,200,188 190,199,187 102,126,80 100,124,68 101,126,61 84,106,56 72,92,50 72,90,51 81,100,55 100,115,62 86,98,53 87,102,50 89,103,47 94,107,47 73,83,38 97,109,47 81,87,50 97,104,58 93,103,46 128,133,107 120,128,102 67,81,30 71,88,34 57,69,36 69,84,32 85,104,42 102,115,84 112,125,91 68,80,45 52,63,36 65,79,42 67,82,44 59,74,40 53,68,33 50,61,30 46,57,33 43,50,29 49,58,31 47,55,34 55,65,35 75,85,47 
47,72,45 63,91,59 93,121,81 70,97,67 75,103,72 78,100,65 78,99,54 74,101,59 82,109,71 86,112,76 88,113,72 103,130,67 100,124,62 85,108,49 88,113,60 83,108,53 79,97,56 81,98,54 96,111,59 78,91,46 74,88,40 82,95,44 57,64,32 69,76,39 88,97,44 88,92,64 59,62,46 80,88,45 94,106,52 102,110,85 60,73,27 70,89,30 79,97,38 75,94,36 73,92,41 84,103,44 84,101,56 62,74,41 44,53,27 40,49,27 52,62,34 41,48,28 41,49,25 40,50,28 38,44,26 23,24,15 35,39,25 42,53,24 38,46,22 44,52,26 
47,75,38 40,63,38 80,107,70 75,103,68 74,106,70 77,105,65 73,103,54 71,100,54 63,90,60 74,103,68 86,111,66 79,102,48 86,108,51 78,97,44 70,88,46 74,90,48 83,101,60 82,98,57 92,104,50 73,87,43 56,68,33 75,86,37 59,68,31 61,68,32 93,102,45 86,97,43 77,83,58 98,100,94 72,82,45 66,81,29 60,72,28 61,78,27 76,95,31 69,86,31 74,95,33 68,89,26 75,94,33 59,72,35 30,38,21 34,41,24 32,37,19 36,41,24 47,55,28 65,77,44 54,62,33 56,65,39 31,37,20 29,34,18 36,40,21 28,31,16 
52,74,41 61,88,50 66,91,57 71,99,59 63,95,60 75,104,66 74,106,46 72,99,53 75,102,63 75,101,67 83,106,58 80,96,47 82,102,46 78,102,38 59,75,35 76,92,50 74,91,53 81,98,53 84,101,51 65,76,39 54,65,31 74,87,38 89,102,46 63,74,33 74,86,37 91,106,40 86,96,47 72,82,43 61,73,31 58,70,25 54,67,24 62,76,28 80,97,39 70,90,28 68,88,28 55,73,27 64,81,33 50,59,32 38,48,25 27,30,19 27,30,17 25,27,17 42,47,24 39,46,25 56,65,35 51,61,35 29,33,20 59,71,39 40,47,23 35,40,18 
42,57,35 65,88,52 53,75,48 66,90,59 52,78,48 63,91,58 62,88,43 60,86,46 70,98,56 78,100,70 80,101,60 73,92,47 82,105,43 54,70,28 69,90,46 87,110,53 64,79,43 83,98,51 68,81,41 58,67,30 68,76,33 65,77,35 85,99,45 56,63,32 63,71,30 75,84,37 70,81,31 83,97,40 63,76,32 63,73,28 55,65,21 58,69,29 43,54,26 60,76,28 72,89,30 57,75,24 63,80,33 62,72,43 46,53,28 48,56,29 38,45,28 41,45,28 45,48,33 34,36,24 38,41,26 49,56,33 38,46,22 67,68,35 43,54,29 68,84,33 
70,70,65 80,78,73 78,80,76 81,81,75 90,85,80 75,78,74 144,137,132 121,113,106 81,81,73 122,117,117 109,91,81 119,105,92 59,59,42 64,66,51 90,92,57 74,83,47 77,78,62 75,78,52 56,65,31 69,76,32 104,112,51 87,93,42 113,116,50 59,62,34 70,77,46 112,118,67 96,106,64 100,108,63 118,129,65 87,91,35 83,91,33 95,98,53 45,48,33 79,91,52 76,89,48 68,82,37 71,86,38 84,90,58 91,93,48 75,84,46 79,89,48 84,74,50 82,85,54 41,42,31 48,51,36 78,86,51 87,89,59 83,86,47 67,69,45 71,76,43 
120,110,110 110,99,100 80,77,77 89,84,79 82,80,74 68,67,65 89,81,78 101,86,85 94,82,79 109,99,97 102,94,100 145,133,137 95,87,88 156,146,140 110,101,93 142,135,120 98,100,72 99,108,68 108,118,70 85,93,43 127,136,62 95,101,48 86,92,32 65,71,34 129,136,82 154,160,102 156,160,103 155,160,101 149,155,92 73,79,26 63,69,23 79,85,30 100,107,68 150,161,100 148,158,100 151,159,100 136,145,89 139,144,94 118,123,76 95,102,60 116,120,75 134,124,93 124,123,87 43,46,31 57,58,44 102,108,72 122,124,87 115,120,77 96,102,66 95,102,64 
78,76,66 59,55,47 73,67,64 62,60,50 67,69,57 85,88,72 101,100,89 128,120,115 143,136,133 158,151,151 160,154,153 155,150,145 102,93,83 95,102,79 78,84,59 80,98,57 79,89,52 93,111,60 98,107,63 86,93,55 118,130,74 119,130,73 128,138,78 62,64,41 124,133,70 126,136,70 126,135,70 122,133,66 112,124,58 106,118,55 102,115,53 103,117,51 69,76,38 112,124,58 116,127,62 125,132,68 132,136,74 136,140,78 137,141,78 135,136,81 131,134,83 129,129,90 131,131,95 50,50,39 74,74,55 124,123,92 127,126,96 127,128,96 125,122,89 129,125,93 
93,88,75 90,87,78 101,98,93 118,113,113 141,135,137 159,154,156 173,171,174 171,168,171 173,168,171 156,150,148 127,122,115 110,105,93 103,97,81 90,90,65 95,91,61 81,95,54 82,90,54 81,96,51 69,73,42 67,79,39 84,97,46 81,96,47 84,94,48 61,66,38 71,77,41 72,86,34 68,84,32 69,84,32 69,84,33 77,91,38 78,92,38 83,97,36 54,61,29 88,101,39 92,104,41 93,105,42 92,103,42 89,101,43 84,96,41 81,95,40 80,92,39 92,103,47 97,107,52 39,41,25 77,81,47 123,128,72 119,123,70 121,123,72 119,120,70 117,120,68 
83,82,70 94,92,83 118,116,117 129,126,129 140,137,141 148,145,149 154,151,155 153,150,153 157,153,157 158,155,155 148,144,142 132,128,121 118,116,103 125,119,106 129,123,106 112,109,81 95,94,63 78,82,52 62,59,38 68,77,38 75,94,46 73,92,45 75,91,43 70,77,42 70,74,43 65,80,36 64,81,33 64,78,35 66,83,35 66,83,34 68,84,34 67,81,31 60,64,33 67,83,30 65,82,28 63,79,26 56,71,24 55,70,24 51,63,21 43,55,18 41,52,16 44,53,19 47,52,20 38,31,22 51,55,24 77,91,39 89,104,49 91,104,51 91,105,52 92,106,51 
93,93,82 111,110,102 122,120,121 128,126,130 136,135,139 141,139,142 147,143,147 149,147,150 149,147,150 155,153,155 154,151,151 145,141,140 138,135,129 135,129,117 117,115,96 113,112,89 115,113,89 103,97,76 68,61,41 71,68,42 69,74,41 68,76,38 69,79,38 69,71,44 75,74,47 73,87,41 72,87,38 74,89,43 69,84,39 73,86,40 66,83,33 67,82,33 71,67,34 71,82,35 72,89,35 72,89,33 69,85,31 64,76,30 66,76,35 61,70,32 57,66,30 63,71,40 59,61,34 55,36,30 59,57,30 63,75,32 65,79,34 74,90,34 74,87,37 76,93,37 
96,99,84 121,119,121 120,117,122 129,126,130 134,132,135 143,140,143 149,146,150 153,151,154 155,153,156 159,157,159 161,159,161 160,158,159 151,149,148 142,138,136 133,127,119 124,121,101 114,109,90 101,97,78 110,103,86 110,99,83 96,83,66 89,73,57 92,77,56 73,66,48 86,75,54 99,86,57 94,86,57 104,96,61 89,85,52 88,87,46 67,68,34 69,69,37 70,59,35 75,70,39 68,72,35 69,75,36 71,75,39 79,75,49 77,69,47 69,61,43 70,62,45 70,72,48 63,57,41 69,50,41 62,55,34 59,66,31 59,64,34 66,77,35 70,83,34 79,92,41 
114,116,103 121,119,121 129,126,130 136,133,137 146,144,148 148,146,149 148,145,149 153,151,154 150,148,152 149,147,149 147,145,146 151,149,149 148,145,145 146,142,141 144,139,137 136,130,127 128,121,111 119,112,99 115,106,89 113,104,86 109,100,80 112,101,80 111,99,81 98,87,64 114,100,78 124,109,88 121,110,82 129,114,92 125,110,89 130,111,91 135,115,92 132,112,88 111,94,71 117,102,77 114,106,77 105,101,71 112,102,77 115,97,80 120,101,89 116,96,83 102,86,73 78,72,50 78,65,51 114,95,90 66,50,37 66,51,39 67,62,39 77,69,49 76,71,46 86,81,55 
116,115,113 120,119,122 130,127,133 137,133,138 142,139,143 142,139,144 141,137,141 142,139,143 145,144,147 139,137,139 137,134,135 139,138,137 138,134,132 141,137,136 136,132,130 136,130,128 139,131,129 135,126,123 129,119,111 127,117,102 123,111,95 121,110,95 120,108,91 121,107,88 115,103,84 115,101,81 112,99,76 114,101,79 111,100,79 115,104,85 111,99,80 108,100,79 117,107,86 111,102,80 106,100,74 104,99,74 110,102,81 111,104,81 110,102,80 111,98,83 114,101,90 112,100,90 111,100,91 109,94,87 99,87,78 97,85,74 103,92,82 108,96,92 110,99,92 111,101,93 
119,117,121 125,123,125 129,126,131 133,130,135 135,132,136 141,138,142 141,139,143 142,140,143 143,142,146 139,137,140 136,134,136 137,134,135 142,139,140 141,139,140 139,134,133 134,129,129 129,123,121 123,115,112 124,114,111 129,119,114 133,122,115 141,129,124 149,136,131 147,133,127 143,130,121 142,129,120 136,122,110 130,117,103 127,114,100 121,109,95 125,110,99 125,113,102 125,113,98 112,101,86 120,106,91 115,104,88 118,107,93 110,104,89 99,92,73 106,94,81 105,94,80 103,92,82 105,92,83 109,95,87 108,93,87 97,84,77 98,84,77 108,92,87 108,93,90 102,90,82 
120,118,119 126,124,129 133,129,134 138,136,141 134,132,136 135,133,136 135,132,136 134,131,135 138,136,139 140,138,141 133,130,132 131,127,128 128,124,123 125,120,120 129,124,124 129,123,122 128,122,121 124,115,113 128,119,116 134,125,122 144,134,131 152,141,140 157,145,145 161,149,150 165,152,153 167,153,153 167,152,151 162,147,147 153,139,137 153,138,138 155,140,139 151,136,134 151,135,133 150,135,132 151,138,132 150,136,134 146,132,130 145,130,130 137,122,121 130,115,113 122,107,105 115,101,100 114,100,99 116,102,100 115,102,101 113,98,96 113,99,98 115,100,100 113,101,97 113,100,96 
120,118,120 125,123,126 128,125,129 127,124,128 129,125,130 129,126,129 130,125,129 132,128,131 133,131,135 129,127,129 126,124,125 126,124,125 127,122,122 124,120,120 124,119,119 123,118,118 122,115,114 123,117,117 137,129,130 159,150,150 157,147,146 157,146,146 162,150,152 160,148,150 160,147,149 162,148,149 159,145,145 149,136,136 147,135,134 149,137,135 152,137,137 155,139,140 149,135,134 154,139,140 156,144,143 161,148,147 161,148,146 154,141,142 146,133,134 139,125,128 141,126,129 135,121,125 136,120,123 130,116,119 129,114,118 126,111,115 127,113,116 127,113,117 122,109,112 127,113,115 
124,122,126 121,119,122 124,120,123 125,123,126 127,124,128 128,124,130 131,129,135 126,124,127 123,122,124 121,119,122 126,123,126 130,126,128 130,126,128 130,126,130 125,121,122 126,121,122 131,126,127 138,133,134 142,135,136 149,140,142 156,147,147 159,150,150 158,148,149 162,150,151 166,150,151 164,149,150 162,148,147 161,148,148 154,143,142 156,145,142 153,140,140 150,135,135 151,138,137 148,134,134 147,133,133 150,138,138 152,140,140 146,134,135 145,132,134 139,127,129 140,127,130 137,124,128 131,118,123 132,118,122 134,121,127 137,124,131 137,124,130 128,116,122 58,44,45 116,106,111 
120,118,120 122,120,122 122,120,123 122,120,122 120,118,121 120,117,120 121,118,123 118,118,123 128,127,132 122,120,123 122,119,121 121,117,119 129,125,128 125,120,122 126,122,126 134,131,133 145,142,144 138,133,134 134,127,129 142,132,135 146,137,138 146,137,136 148,138,138 153,142,142 158,145,146 157,142,144 159,145,145 153,140,140 154,143,142 155,145,144 152,138,138 150,136,135 154,139,139 152,138,138 150,136,136 153,140,140 154,141,141 147,132,133 143,130,130 140,129,130 137,125,128 140,126,130 136,123,129 132,120,126 134,122,126 132,119,125 135,122,129 125,114,119 87,75,76 115,106,111 
111,109,113 234,231,222 237,233,224 233,226,209 231,223,202 232,224,205 228,220,199 196,192,182 124,123,128 122,122,130 121,119,124 121,115,117 122,118,120 126,124,127 137,135,140 134,129,131 134,130,132 137,131,133 131,124,126 133,123,126 135,127,129 143,134,134 150,139,140 147,135,135 144,130,131 148,135,136 147,134,134 143,130,131 154,142,143 154,142,143 150,138,138 149,137,137 151,138,138 152,139,138 149,136,136 150,137,138 148,137,138 152,138,138 142,128,129 138,126,127 146,133,136 138,126,129 138,125,130 130,118,122 125,112,115 119,106,109 125,112,115 127,114,119 66,62,64 126,114,119 
125,122,125 239,236,228 235,228,212 232,225,205 217,193,143 231,224,206 223,215,195 195,189,176 116,114,119 120,119,124 127,126,129 129,127,130 130,127,130 137,137,141 142,142,145 137,135,138 129,124,126 125,118,119 127,119,121 137,128,131 136,127,129 137,127,128 134,122,122 139,126,127 145,132,134 144,132,131 140,128,128 137,124,123 141,129,130 149,138,138 149,137,137 151,139,138 148,136,136 151,138,138 150,137,137 150,139,139 150,138,139 147,136,136 148,136,136 148,135,138 143,131,135 142,129,134 137,124,129 129,120,122 130,119,125 128,116,120 130,118,124 128,116,121 61,59,60 121,110,116 
133,129,132 237,234,225 232,223,198 225,220,200 196,184,154 233,225,208 234,225,205 203,197,181 123,122,127 128,127,132 120,118,121 125,122,128 129,126,131 124,123,128 118,116,120 118,115,118 119,115,117 126,119,119 130,122,123 126,118,120 126,117,119 136,126,126 136,125,126 139,125,126 150,137,139 154,142,144 150,137,138 137,125,126 144,132,134 145,134,134 146,135,135 147,134,134 142,129,129 151,139,138 152,139,139 146,134,133 149,138,136 153,142,141 149,138,137 146,134,136 143,130,134 143,131,136 140,128,133 130,119,124 129,118,122 125,113,117 125,113,118 127,115,120 49,48,48 126,116,121 
131,127,130 238,235,227 234,226,204 232,222,196 221,215,200 227,219,201 227,218,197 204,198,184 118,115,119 123,119,125 131,128,132 129,128,133 129,127,132 129,127,132 125,123,126 115,112,115 107,103,106 112,105,106 117,110,111 121,113,114 121,111,111 136,126,127 133,121,121 135,121,121 140,129,130 143,131,133 143,131,133 147,136,138 143,133,135 147,136,138 148,137,137 147,135,135 144,131,131 146,134,134 147,135,135 145,133,133 147,135,134 147,136,134 140,128,128 144,133,135 147,137,137 145,132,136 144,131,136 135,124,128 130,119,125 123,111,116 124,112,115 121,110,112 60,57,58 118,106,112 
130,122,125 238,235,227 236,231,218 233,223,197 213,209,199 202,197,186 193,192,180 184,177,163 127,123,127 131,128,134 129,128,134 129,128,134 128,127,132 129,126,131 119,117,121 118,114,116 110,106,109 107,103,105 106,102,103 116,109,112 115,107,109 121,111,111 116,105,104 124,112,111 140,129,128 139,128,128 136,124,125 142,131,133 141,129,131 144,132,133 142,130,132 144,132,133 145,134,134 142,130,131 144,134,134 148,136,136 145,134,132 138,127,126 140,128,129 136,124,125 140,126,128 160,151,153 157,148,150 36,36,36 39,39,39 53,57,61 113,114,103 75,77,61 42,42,42 113,102,107 
130,123,125 116,115,112 115,114,111 112,111,107 111,109,102 110,107,100 112,110,106 106,104,99 132,129,134 132,130,134 133,131,136 137,135,139 132,130,134 127,124,129 120,118,123 118,114,116 116,111,113 108,104,106 105,100,101 105,100,104 115,108,112 117,110,111 118,108,107 118,109,106 125,117,116 130,122,121 122,111,111 127,116,117 131,119,120 140,130,128 141,127,128 141,128,128 145,132,133 148,135,136 147,135,135 148,136,135 143,133,132 142,131,130 147,136,137 140,129,130 135,123,127 145,135,139 145,134,136 66,62,64 70,66,68 75,72,75 99,94,86 81,80,71 68,64,66 121,109,115 
124,117,116 64,64,64 66,66,66 39,39,39 30,30,30 30,30,30 30,30,30 41,41,41 132,130,135 132,130,135 135,132,136 133,131,135 130,128,133 127,125,130 124,121,126 122,118,121 118,114,117 116,110,113 108,102,104 106,100,103 106,101,105 112,107,110 114,107,109 114,106,108 114,105,104 112,102,101 116,105,105 117,107,106 122,112,112 135,123,122 141,129,130 140,128,130 145,134,135 149,137,138 149,137,137 148,137,137 146,136,135 121,113,111 96,91,90 95,89,89 96,91,92 82,77,78 92,86,88 85,80,82 86,81,83 82,77,79 81,76,80 91,87,89 92,86,89 81,75,77 
