47,55,15 44,52,19 46,56,22 56,67,23 57,69,25 32,39,16 22,27,17 22,27,17 20,23,18 22,27,17 26,32,15 26,34,17 25,32,18 24,29,17 24,29,17 36,42,25 27,32,18 38,46,21 65,79,24 63,68,25 70,74,30 56,58,30 94,98,42 59,62,26 56,58,28 44,47,24 33,34,23 31,31,24 33,36,21 24,24,19 29,29,23 72,75,37 60,61,35 42,48,21 76,81,39 73,77,40 41,43,29 42,46,28 61,70,29 56,63,27 32,35,22 46,53,25 32,34,22 39,46,22 49,55,24 54,56,24 61,67,25 63,67,33 93,94,67 201,199,204 
37,38,36 36,37,34 37,40,33 39,42,34 41,43,36 35,38,32 36,38,33 37,39,33 33,36,29 39,48,24 26,30,15 19,22,16 17,20,16 20,24,17 21,23,18 24,26,19 26,31,19 44,56,20 45,52,22 47,53,24 51,57,27 80,82,41 66,66,28 47,51,30 46,50,27 37,40,18 50,51,27 57,59,42 28,31,18 37,39,36 59,60,45 79,82,34 84,89,39 68,74,27 75,78,36 68,74,36 60,67,35 58,65,43 45,51,27 45,51,27 78,84,29 57,62,23 47,51,24 31,37,21 41,48,24 50,53,23 69,69,29 104,104,92 199,199,203 217,217,219 
51,52,50 75,77,70 88,90,85 92,94,87 86,88,82 94,96,90 82,84,79 93,94,91 70,72,67 24,29,18 24,27,19 20,22,17 20,22,17 24,28,20 23,25,19 22,24,17 28,32,17 37,39,19 36,40,22 39,45,23 40,45,23 77,79,36 60,63,40 54,56,42 39,41,24 73,76,36 84,87,37 41,42,25 63,67,40 27,25,23 54,57,27 67,70,35 58,63,27 48,52,22 57,61,32 53,61,26 71,79,30 67,74,38 55,62,34 51,58,28 59,63,26 63,69,27 59,65,23 26,30,21 41,48,24 41,44,22 52,57,23 152,150,141 222,221,224 216,216,218 
60,60,60 41,43,36 36,37,33 35,37,33 35,36,33 34,36,33 34,35,32 34,35,33 32,33,31 20,24,16 17,19,16 18,20,16 19,21,16 19,21,17 20,23,17 28,32,16 41,46,16 33,35,24 36,44,21 27,32,17 25,29,16 41,43,19 50,55,29 46,49,34 47,49,25 77,80,32 72,74,29 58,62,31 75,79,37 57,61,33 50,54,28 60,65,37 52,57,24 48,51,25 37,41,22 38,43,28 68,75,31 73,80,29 58,66,27 61,70,27 61,71,27 68,75,25 38,40,22 28,32,22 34,38,22 37,44,21 55,61,31 126,125,105 219,219,220 206,204,207 
39,40,36 54,56,52 60,62,58 57,58,56 56,57,55 33,35,30 32,34,30 32,34,30 31,32,30 22,27,16 19,21,17 18,20,17 17,19,16 21,23,19 23,24,20 27,28,17 27,29,18 33,41,19 45,58,21 28,34,17 22,26,14 28,32,17 39,43,27 36,39,21 54,56,31 69,72,30 58,60,28 72,76,35 61,66,30 58,63,30 70,76,38 58,63,34 65,73,33 76,83,32 55,61,32 43,49,25 63,70,32 69,77,36 62,73,29 56,66,21 73,83,25 59,62,27 36,38,22 29,33,22 48,53,26 49,57,23 65,71,29 93,95,60 174,174,171 199,198,199 
49,56,33 36,45,22 27,34,19 37,50,20 36,49,15 33,44,17 38,49,18 41,55,17 39,48,26 21,26,18 21,25,18 17,19,16 18,19,17 21,23,20 19,20,17 24,26,21 30,31,18 26,27,20 39,46,22 35,42,20 31,35,17 28,31,17 48,51,30 48,52,31 74,79,48 59,64,30 52,55,25 95,99,38 75,80,32 61,69,37 53,57,25 58,64,29 62,66,39 52,58,23 53,61,28 64,74,35 52,59,28 56,64,25 76,86,31 65,74,25 49,56,23 34,37,22 29,32,22 38,45,25 50,56,22 49,57,24 61,68,28 85,89,65 179,178,176 178,177,174 
30,40,17 37,47,23 33,43,19 31,39,22 30,42,14 26,33,17 27,32,18 25,30,18 27,35,18 43,58,20 21,25,18 19,22,17 18,19,18 18,19,17 26,28,23 39,40,33 24,24,18 25,28,21 35,41,22 32,34,21 38,43,20 48,54,23 63,68,29 51,55,34 62,68,32 49,53,24 51,54,26 77,83,38 68,76,31 57,63,29 54,62,27 60,68,34 51,60,25 57,65,30 70,77,37 64,75,32 38,44,23 46,52,28 70,79,31 75,81,30 68,73,25 71,79,26 28,30,22 44,54,24 47,54,25 52,62,29 55,61,30 158,161,152 129,129,110 148,150,141 
26,39,18 27,38,18 25,31,20 24,29,18 27,32,19 22,26,18 18,22,18 21,24,19 32,41,18 65,83,17 42,53,17 21,24,17 28,31,18 19,19,18 22,23,21 40,48,24 32,39,21 25,26,22 38,42,29 33,33,24 58,63,30 39,43,20 48,50,28 51,56,29 52,56,28 63,69,32 80,86,34 81,88,36 54,59,27 55,63,30 66,73,36 52,58,23 46,53,24 52,61,24 62,70,33 71,81,32 47,55,30 58,70,25 75,83,33 62,69,27 63,68,20 84,92,25 81,87,32 77,85,33 53,64,24 59,68,32 68,75,41 80,88,59 77,87,42 108,114,86 
29,42,18 28,37,20 20,24,19 18,23,19 19,23,18 26,30,18 18,22,18 18,21,17 53,67,20 40,52,14 32,43,17 39,51,23 40,46,19 21,21,20 21,22,19 59,64,39 32,37,22 33,38,22 38,44,24 35,37,25 50,53,27 42,48,29 52,55,30 55,59,30 61,67,30 73,82,28 71,78,27 64,70,31 47,51,24 51,60,33 49,56,30 37,43,20 52,59,25 42,48,20 54,61,27 46,53,22 48,60,27 66,78,28 53,62,27 58,68,24 73,78,24 69,74,23 80,89,28 95,102,34 51,60,28 56,66,27 69,76,30 52,61,27 55,65,28 83,94,51 
38,52,25 26,33,21 19,24,20 19,23,19 18,22,18 21,26,20 27,34,20 22,27,19 58,73,20 37,49,18 36,50,19 40,54,19 42,54,23 24,26,22 40,46,25 52,62,19 33,41,22 31,35,23 39,47,24 38,42,25 59,65,38 58,66,34 68,75,41 65,73,26 77,85,41 61,68,24 66,71,28 49,56,26 37,43,21 41,49,28 35,41,23 42,50,22 36,41,21 49,56,29 55,63,34 42,49,28 34,39,23 45,52,27 34,40,26 39,46,22 52,59,26 37,40,26 59,67,28 64,72,28 52,61,28 54,62,28 54,64,28 47,54,22 64,72,49 79,89,42 
24,29,22 24,30,22 22,27,21 21,25,20 30,33,22 62,73,20 48,63,18 26,32,21 54,73,18 56,76,16 41,53,19 30,37,24 31,39,22 27,30,21 45,56,19 43,54,19 30,36,22 31,35,25 36,41,25 42,46,27 58,69,34 52,61,31 66,71,38 52,60,19 50,57,26 51,57,27 54,59,27 40,47,21 40,46,24 41,49,26 31,37,19 46,54,24 61,68,29 75,85,35 49,57,28 19,22,16 35,41,25 34,37,25 30,33,23 30,34,23 32,35,25 46,51,34 61,72,40 53,64,33 47,57,28 42,51,24 38,43,21 53,63,27 57,68,36 75,85,51 
28,36,26 33,44,26 32,39,24 28,35,22 38,52,18 72,88,19 69,87,18 57,73,30 45,62,23 56,73,23 39,48,20 34,46,18 34,42,21 32,44,19 40,54,20 41,54,22 33,40,26 41,48,31 44,49,28 59,71,29 60,69,32 43,50,26 46,48,36 46,51,27 46,52,24 47,54,23 48,56,25 31,36,20 34,40,20 29,34,19 53,63,29 80,89,40 79,89,39 79,90,38 55,64,29 34,38,25 46,54,32 29,32,23 41,46,27 35,40,23 51,62,34 73,85,44 79,90,45 79,94,51 46,53,27 35,43,21 44,50,25 44,54,24 58,72,33 61,71,37 
30,37,26 43,57,24 36,49,23 35,48,22 74,96,20 68,88,22 69,88,20 67,83,27 41,56,23 42,55,23 31,44,19 51,66,19 49,62,21 34,43,22 29,35,23 35,40,24 37,46,24 46,57,30 57,66,27 48,59,29 42,47,28 36,40,25 46,52,24 57,65,22 56,64,27 59,67,27 47,54,27 39,45,24 51,59,26 35,42,19 55,65,28 67,77,29 64,72,30 65,72,30 76,85,44 78,89,50 61,68,39 57,66,40 67,82,39 53,65,34 57,65,35 53,62,30 58,70,35 72,84,43 51,55,28 46,55,30 47,52,23 30,37,17 61,74,32 76,87,56 
37,49,23 46,58,26 45,56,28 49,60,26 53,70,21 66,82,26 60,76,18 49,63,23 37,48,24 37,50,20 44,61,19 35,46,21 30,38,21 29,35,24 27,30,23 32,35,28 33,44,25 44,57,26 38,43,29 45,53,31 51,60,29 43,51,25 46,51,28 63,69,33 75,82,37 54,62,27 49,55,26 61,72,24 71,81,30 51,60,30 62,71,30 60,66,35 52,62,28 55,64,31 79,86,46 56,67,34 60,71,39 45,56,30 63,74,37 58,73,36 59,68,37 42,49,27 41,51,30 57,68,41 38,43,25 37,42,24 57,64,34 32,35,17 65,78,37 90,105,55 
41,51,22 46,58,20 38,49,26 29,39,19 38,48,22 62,79,29 54,67,23 40,51,25 25,32,21 35,46,22 43,56,24 24,29,20 25,31,21 31,36,25 32,39,26 29,33,25 31,36,26 39,48,30 40,45,33 52,64,37 39,45,27 39,46,22 40,45,24 52,57,30 35,37,20 59,65,32 55,66,26 60,68,27 63,73,26 54,67,26 71,82,31 45,54,25 44,51,23 79,94,38 81,90,44 75,86,49 43,50,26 38,46,25 45,58,31 52,63,28 62,75,37 46,55,26 38,44,22 40,48,25 54,66,37 51,58,26 55,61,32 48,58,30 72,85,42 84,102,58 
43,56,25 46,65,25 39,48,24 21,27,11 22,28,9 39,45,22 55,67,35 35,44,22 31,41,22 28,38,17 33,42,24 24,27,17 32,40,26 45,60,29 47,62,26 40,49,32 34,44,24 57,75,30 61,80,38 54,68,40 46,54,38 55,64,35 37,43,24 37,40,25 48,53,22 61,69,28 64,72,30 53,61,19 61,67,29 63,76,27 57,67,27 65,79,23 49,59,22 75,87,38 62,73,32 66,75,36 33,39,19 35,43,19 47,58,30 63,76,39 52,62,34 45,52,30 45,50,28 50,60,28 58,68,35 79,94,39 65,77,36 45,56,31 57,67,35 87,98,51 
53,67,42 65,83,47 44,57,34 23,28,13 33,39,16 65,79,34 47,57,37 40,46,28 47,59,33 31,38,22 25,32,14 24,27,17 32,41,24 49,69,31 44,59,26 52,71,42 44,60,28 46,63,35 48,61,30 52,65,38 66,78,45 45,54,28 34,39,21 31,34,19 51,57,26 87,96,38 55,58,29 57,63,28 61,73,24 70,81,35 75,88,34 59,71,23 68,83,29 62,71,31 57,66,29 39,50,26 41,51,25 42,54,25 48,57,31 48,57,31 56,66,41 49,54,31 52,55,31 65,74,36 43,48,23 56,67,33 51,63,34 49,62,32 66,77,43 93,102,59 
32,40,20 36,43,23 28,31,18 36,39,17 67,82,35 51,65,24 51,65,28 49,61,33 43,52,30 28,33,17 27,35,16 26,35,18 28,36,19 39,52,27 40,52,28 40,56,32 43,62,31 40,55,28 42,54,29 49,62,32 47,60,27 53,62,34 42,50,24 40,45,28 69,77,45 69,72,48 61,62,44 46,47,31 64,73,29 72,83,43 59,65,31 60,70,29 66,77,31 54,62,28 45,56,29 35,47,25 45,55,31 60,72,43 46,55,32 41,44,24 49,54,29 51,54,32 48,51,32 46,55,29 41,48,24 65,74,39 51,61,33 54,65,35 54,60,33 84,93,49 
36,41,21 28,29,17 38,45,24 42,49,21 36,38,25 45,54,33 49,61,30 42,52,29 43,53,32 29,34,18 28,36,18 31,39,23 33,42,18 48,62,40 34,45,25 28,39,18 40,57,25 46,69,21 52,70,32 46,59,27 55,65,34 58,69,33 46,52,31 69,77,43 82,93,44 57,62,35 45,49,29 41,44,30 36,38,21 36,36,32 47,50,26 59,66,32 40,45,22 53,62,32 31,36,23 36,46,25 33,40,22 39,46,27 36,38,22 40,44,29 52,61,33 50,56,30 75,85,44 45,52,28 55,64,33 62,68,42 49,58,35 41,48,26 67,77,45 72,86,43 
41,47,24 31,33,18 35,41,22 39,49,23 27,27,13 24,22,13 27,30,16 33,34,19 32,34,23 42,46,27 33,38,23 30,34,20 34,42,22 40,51,30 31,40,18 37,46,25 35,44,20 37,50,19 38,50,23 53,72,35 55,65,37 50,56,31 67,77,38 64,69,35 75,83,36 64,72,38 47,50,29 40,44,25 57,62,47 27,28,24 47,50,26 54,62,31 25,28,17 32,39,19 31,38,21 37,46,28 39,45,28 41,47,25 34,39,24 43,50,35 61,73,40 42,50,26 37,44,23 50,59,29 50,58,29 60,69,36 49,55,30 52,59,33 57,62,32 75,91,40 
44,53,27 42,48,29 36,43,21 31,39,17 39,45,24 27,31,19 27,30,20 30,31,18 33,30,19 31,33,21 24,25,15 25,25,14 29,32,18 42,55,25 38,47,23 28,32,18 35,48,26 37,50,21 35,45,24 51,67,37 56,66,35 54,62,35 70,81,44 55,60,31 71,79,42 61,70,36 47,51,31 68,78,39 58,62,42 68,75,50 37,37,25 42,48,25 34,39,19 35,40,22 31,36,21 33,36,21 29,33,20 33,39,20 35,45,21 38,44,25 50,61,31 40,47,24 38,45,23 54,63,34 62,73,41 69,79,41 45,52,28 93,99,68 93,110,58 83,106,42 
45,60,32 40,49,24 39,51,28 36,42,21 44,51,21 38,47,29 24,26,17 25,29,13 23,28,14 17,15,13 26,29,16 24,27,14 22,24,13 31,38,21 29,34,17 26,34,17 47,60,31 46,57,28 30,35,17 37,43,21 46,55,31 41,47,23 59,67,35 43,46,25 59,66,36 48,56,27 38,40,24 64,72,36 51,57,28 56,63,33 27,28,20 31,36,23 44,52,26 39,44,23 28,32,20 22,24,18 26,30,19 37,47,20 44,55,21 48,55,30 61,72,33 38,43,20 45,51,25 56,62,33 49,56,29 50,57,30 32,35,20 111,128,103 53,62,33 68,90,34 
51,65,38 49,64,41 32,41,23 27,30,19 37,48,27 32,40,21 26,30,15 23,26,14 20,22,13 15,15,13 23,26,16 23,27,14 27,32,16 28,32,17 27,30,17 24,26,18 27,30,19 36,40,21 33,37,19 31,35,17 33,38,24 36,39,27 46,50,26 34,38,22 46,55,32 48,57,35 48,57,29 66,74,42 53,61,28 47,54,24 22,23,19 22,24,19 39,43,19 39,46,21 36,40,28 29,33,21 31,35,18 38,43,20 56,72,31 43,52,26 56,65,38 39,44,21 52,60,24 53,66,27 61,77,30 39,45,26 19,19,16 126,145,118 32,37,23 39,50,22 
42,51,26 76,62,32 27,29,22 19,17,17 30,37,27 36,41,29 36,36,27 23,24,19 23,26,21 13,13,14 31,39,33 51,66,42 54,70,38 47,61,42 34,42,35 29,30,23 20,20,16 42,50,38 72,88,48 53,64,42 50,52,45 45,47,38 49,53,35 44,48,33 42,49,38 50,60,45 66,81,48 73,86,62 47,57,31 71,81,41 60,65,45 29,32,21 63,74,31 60,70,31 43,47,31 69,87,42 57,79,25 62,83,27 65,88,31 59,78,30 49,69,23 49,64,23 54,73,27 49,67,28 52,67,29 42,50,26 19,19,17 93,111,80 24,27,17 36,42,23 
37,37,32 41,34,27 28,25,27 19,15,16 33,30,32 31,30,31 52,50,44 39,39,34 15,13,14 24,24,22 63,74,53 78,92,58 88,104,57 87,101,64 82,96,67 55,60,42 16,14,15 65,75,55 103,118,79 104,115,85 101,111,86 91,104,75 95,108,79 82,90,67 67,77,56 97,106,79 91,106,69 105,118,95 94,108,74 106,117,69 75,83,46 42,47,27 34,33,20 29,30,19 65,77,35 85,100,45 61,80,27 67,85,31 68,88,35 52,69,25 45,61,21 52,71,28 45,64,26 45,63,24 53,68,30 45,54,28 24,26,19 45,49,38 27,29,20 47,62,27 
102,101,102 76,72,70 97,96,93 19,17,19 86,91,78 70,76,58 70,78,58 80,101,58 46,52,33 38,41,28 108,123,71 105,121,74 103,115,80 116,123,104 117,129,101 78,87,63 18,15,16 109,128,85 128,148,92 130,153,92 129,152,98 131,154,93 136,152,97 132,147,96 132,148,94 132,147,93 128,143,91 127,141,88 116,134,81 122,132,89 66,69,50 50,56,28 33,31,22 74,85,44 66,81,34 55,64,33 51,59,34 66,82,34 68,85,34 43,56,23 51,68,26 41,58,24 42,58,24 43,62,25 52,66,30 42,47,26 34,31,24 34,32,24 24,24,19 51,62,27 
88,91,69 76,81,55 66,74,50 16,15,15 77,92,52 84,96,54 76,83,50 91,99,59 60,62,41 44,47,32 96,110,68 94,101,75 141,137,141 157,154,161 110,112,87 104,118,76 21,17,18 121,131,77 130,141,83 129,142,82 123,141,82 119,141,80 126,144,83 130,145,83 134,146,85 129,145,84 131,145,83 116,130,73 65,74,38 128,140,82 80,85,54 47,44,33 63,58,48 86,96,54 40,48,23 54,61,33 64,65,56 63,71,37 67,80,36 104,109,52 41,50,22 41,55,26 58,77,32 41,58,26 49,62,33 37,35,24 36,36,24 37,33,26 31,28,22 35,46,21 
70,76,44 71,85,48 58,63,43 33,30,29 79,88,52 83,91,51 86,94,54 95,102,59 63,67,43 46,50,32 95,109,61 91,98,64 123,119,117 142,143,150 144,141,148 125,121,107 25,20,21 100,110,64 114,130,71 116,132,71 116,133,69 114,134,70 107,129,68 105,125,65 110,129,64 115,131,67 118,135,69 105,124,61 90,109,55 112,130,70 94,106,60 27,24,20 86,89,57 118,117,80 90,89,59 86,77,56 61,67,36 71,74,46 70,77,32 67,74,31 33,38,22 28,32,21 41,49,27 46,48,31 52,61,36 45,48,27 37,42,23 37,32,27 34,35,25 32,43,20 
88,88,65 71,77,50 56,59,39 54,32,31 80,90,51 79,94,50 76,90,49 76,91,46 65,69,45 47,51,31 79,94,48 75,89,48 77,89,49 89,97,72 114,115,110 125,126,126 35,28,30 92,89,82 96,92,77 79,81,51 91,101,54 108,124,65 114,129,70 113,126,64 110,124,60 115,126,63 115,128,62 116,128,65 116,129,64 113,128,66 95,108,57 27,24,20 88,99,52 104,113,60 101,100,65 101,95,68 91,94,52 83,82,52 76,82,43 91,93,54 74,66,59 46,43,36 36,30,25 59,53,40 70,62,47 83,68,55 73,49,39 64,48,40 63,58,46 44,45,32 
94,86,77 84,76,60 77,69,64 67,54,46 65,69,48 61,75,38 56,71,33 60,75,36 62,57,36 45,39,27 65,76,41 65,75,43 62,73,41 59,72,40 62,77,43 73,86,57 42,36,35 86,89,83 118,116,119 121,118,124 115,109,108 99,96,82 90,88,65 84,86,54 79,86,44 97,105,53 98,109,53 98,113,52 103,115,55 102,118,55 99,112,56 31,27,21 71,79,42 106,121,62 94,112,54 94,103,59 89,90,56 98,97,67 92,93,58 88,93,53 97,85,70 90,78,65 87,79,68 81,77,63 123,113,102 73,58,41 82,55,44 91,67,55 109,95,79 132,119,106 
125,124,122 115,113,109 93,87,81 77,70,60 79,72,57 81,80,57 72,74,50 76,79,57 65,48,37 48,37,26 53,66,34 53,68,32 52,66,34 51,67,34 53,70,36 56,73,38 59,48,42 54,65,36 69,86,51 94,104,80 104,111,98 114,117,113 120,120,124 124,121,119 119,114,112 107,101,95 108,99,93 102,98,73 96,89,68 80,81,49 75,76,43 41,36,30 52,52,34 72,77,38 68,80,38 68,80,36 63,74,34 75,70,44 86,74,53 80,78,49 92,85,62 84,73,56 88,80,62 86,80,64 109,98,83 63,51,40 67,50,41 80,60,47 93,73,58 125,110,99 
85,86,69 94,97,82 108,108,102 108,105,102 96,90,85 85,78,64 74,67,46 81,69,59 65,54,45 55,47,40 61,61,43 51,59,32 52,66,32 51,68,33 52,68,33 57,71,35 67,43,37 58,60,37 60,74,41 61,74,44 60,77,42 68,83,48 74,89,57 84,93,68 104,109,86 115,115,104 130,127,129 123,119,117 118,113,119 117,115,115 131,124,124 75,63,56 97,89,81 122,112,111 111,102,97 113,103,99 105,95,87 110,97,85 106,94,79 95,86,66 107,97,80 105,101,82 101,95,78 97,86,76 92,84,70 83,71,60 84,73,64 90,79,69 97,85,76 94,82,74 
79,80,66 82,81,66 84,84,66 93,94,80 104,102,98 108,103,101 110,101,95 89,80,72 74,63,53 76,66,54 76,70,52 74,64,49 70,66,45 64,66,42 60,69,35 56,65,34 78,44,35 59,62,34 56,67,36 60,70,41 63,74,42 69,84,45 69,87,44 70,88,43 69,87,44 70,86,42 74,87,45 75,88,51 91,98,69 91,98,74 98,103,84 92,69,57 96,87,75 110,108,98 114,111,99 116,109,106 102,99,89 110,103,97 106,99,91 104,94,91 99,89,82 93,93,68 99,94,74 79,76,61 92,85,74 113,104,100 131,122,119 134,126,123 107,101,96 79,72,66 
89,87,75 87,85,75 87,86,75 87,85,71 79,80,62 83,83,69 104,100,96 107,105,104 106,101,97 91,82,75 84,70,62 81,69,61 78,66,58 78,64,54 84,68,52 85,73,62 86,74,55 66,65,40 68,65,43 67,70,42 63,76,40 64,78,41 65,85,42 72,86,41 65,83,40 69,87,42 72,88,42 73,88,41 78,90,43 74,87,44 72,85,45 105,41,31 70,61,36 62,78,40 68,86,44 76,87,50 69,84,44 73,88,48 80,89,52 79,89,55 80,91,54 94,103,66 90,99,66 103,102,82 115,112,93 108,99,81 110,95,84 109,98,85 100,91,78 101,86,78 
89,86,77 86,84,74 81,80,69 80,79,68 82,79,73 80,78,69 79,75,62 86,83,72 100,96,92 108,104,101 113,107,102 106,98,92 90,77,71 81,67,57 85,70,61 81,70,55 76,67,50 74,64,49 85,66,58 91,75,61 84,70,56 92,85,64 86,87,58 78,83,49 85,87,55 81,84,50 78,80,48 87,86,53 92,95,55 86,82,56 88,79,56 104,60,47 80,70,50 88,87,60 80,82,51 87,88,56 86,88,57 78,82,51 80,89,48 73,86,42 66,77,40 70,81,40 67,86,40 76,92,45 76,86,45 86,97,53 88,97,59 86,96,63 93,99,66 113,109,82 
86,84,72 84,82,71 81,77,69 82,80,74 80,77,72 85,81,73 83,79,70 83,78,70 87,81,70 93,87,78 103,97,90 110,104,100 113,105,101 119,111,106 106,97,87 104,93,84 91,80,66 98,83,73 90,73,61 92,72,57 103,83,71 97,81,63 112,87,72 106,87,72 102,82,65 113,90,72 107,87,71 110,92,69 99,89,55 93,76,63 88,73,53 94,77,55 90,77,60 104,88,72 105,89,71 102,88,66 107,90,73 97,79,66 91,83,58 99,91,61 91,83,59 82,75,54 66,67,43 72,79,44 85,89,54 88,89,64 101,101,81 111,107,98 125,117,114 128,123,122 
90,89,76 89,86,77 87,82,76 86,81,77 90,85,79 87,83,75 80,75,69 80,75,70 78,74,68 76,72,65 80,74,65 85,79,68 102,96,90 110,104,99 116,109,106 121,117,114 113,107,103 129,122,118 129,121,117 125,115,107 120,108,98 114,100,90 102,84,72 111,91,78 106,89,74 113,95,80 117,100,83 110,95,77 109,91,73 107,89,70 106,90,72 100,81,62 104,88,71 112,97,81 103,92,73 107,91,78 112,99,82 120,104,92 114,103,90 119,108,99 128,117,112 131,121,118 122,114,112 125,118,117 121,115,112 119,115,113 113,112,113 116,115,112 111,111,104 112,114,99 
92,89,79 95,90,84 88,83,77 92,87,81 92,86,80 82,78,72 78,74,69 78,74,68 79,76,69 80,76,70 79,75,69 83,79,71 86,81,71 90,85,73 99,92,81 112,100,91 116,106,98 121,114,108 130,124,120 136,128,121 130,122,115 135,129,124 139,130,122 132,122,114 136,128,121 142,135,129 147,138,130 145,135,126 147,135,125 142,129,121 136,123,113 130,119,110 131,121,113 131,122,117 130,122,116 127,120,116 132,125,119 135,128,124 125,119,119 115,109,112 113,110,113 120,115,118 117,113,113 120,116,115 108,107,97 95,102,78 97,104,76 102,98,70 103,99,70 89,93,66 
93,90,80 96,91,82 93,89,82 89,85,79 83,79,73 82,78,72 82,77,72 86,80,74 82,77,72 82,78,73 80,76,71 84,80,74 86,82,75 87,82,75 86,81,73 92,86,77 95,88,78 101,92,82 101,92,81 103,93,80 120,109,96 124,114,101 127,116,102 129,117,104 135,124,112 133,124,112 139,129,119 142,130,122 135,124,115 140,131,120 131,120,108 118,110,100 121,114,107 114,108,102 121,115,109 124,116,107 106,102,88 107,106,89 119,113,105 116,108,98 103,100,80 98,94,73 98,96,73 103,98,77 101,98,77 98,94,77 104,100,82 106,100,83 115,109,94 115,108,91 
115,110,104 106,101,92 100,94,88 89,85,81 78,74,69 83,78,73 83,79,74 80,75,70 77,73,68 76,71,66 76,72,66 84,79,73 83,78,73 86,82,74 80,76,69 85,79,71 92,85,77 92,85,77 100,92,85 103,95,89 105,99,90 107,100,89 100,93,81 105,98,86 117,107,95 110,101,89 111,101,86 112,99,87 120,107,94 117,107,90 119,108,90 112,101,86 111,99,84 106,97,80 112,101,86 110,101,85 110,101,86 109,98,86 107,99,85 100,93,81 109,101,91 106,99,88 107,98,86 109,101,87 104,98,83 105,97,87 111,105,94 104,100,90 102,101,85 112,106,94 
121,118,113 120,116,113 116,109,103 78,74,69 81,76,72 81,78,75 80,76,73 75,71,67 79,75,71 84,80,75 88,84,78 89,84,78 89,83,78 89,84,76 89,82,77 88,81,75 93,86,80 96,87,80 101,92,88 102,94,89 98,92,84 103,96,86 97,92,82 101,96,85 115,106,95 110,102,91 108,100,88 115,104,95 108,100,87 112,102,90 110,101,90 123,111,100 114,105,94 103,95,83 114,104,91 113,105,93 114,105,93 116,107,97 109,100,88 100,93,80 106,96,88 109,102,91 107,99,88 104,95,86 104,97,86 109,103,90 106,99,87 110,102,92 105,97,89 102,93,84 
110,104,98 138,134,132 140,137,137 110,106,103 98,92,85 98,93,89 88,83,81 90,85,83 93,88,83 88,84,78 92,88,82 89,85,79 86,81,75 90,82,77 90,82,76 92,85,79 94,86,81 99,88,83 100,90,86 97,89,84 101,94,87 101,94,85 102,96,86 102,94,85 111,102,91 119,106,96 113,105,92 116,103,93 115,105,94 112,102,91 114,98,89 120,99,91 110,99,88 113,104,93 106,96,86 119,107,93 114,104,88 115,102,93 108,99,90 109,101,86 108,99,89 106,98,89 104,96,84 103,90,81 96,85,79 103,96,86 111,103,94 102,92,83 55,54,53 112,105,94 
123,116,110 112,107,104 130,126,123 136,132,129 121,112,112 109,96,91 100,88,85 94,86,84 92,88,84 97,92,87 96,90,85 92,86,81 87,80,75 88,80,74 93,87,82 93,87,82 94,88,83 97,88,84 105,98,89 97,90,84 99,92,84 99,95,84 102,96,86 103,96,86 108,100,91 108,101,89 109,103,89 109,98,88 108,100,89 110,101,89 107,95,85 123,102,93 117,103,95 105,98,87 105,95,84 112,102,92 115,104,94 120,108,99 109,96,88 108,96,88 114,105,93 102,93,83 105,98,88 107,99,91 104,94,87 102,94,85 103,95,89 101,96,87 85,62,63 95,91,82 
117,111,106 239,236,228 238,235,227 232,225,204 224,193,178 214,178,171 216,182,177 187,158,154 107,101,94 105,95,87 103,96,90 103,95,93 91,84,79 96,90,87 94,86,83 93,86,81 93,86,84 90,84,80 100,93,87 103,96,89 96,88,83 97,92,86 102,95,87 99,94,85 112,105,94 111,104,91 116,108,90 113,104,92 105,99,87 106,100,87 105,98,86 108,99,87 110,102,92 104,97,85 108,100,88 119,106,97 114,107,95 124,113,103 110,100,89 105,94,83 109,102,90 112,103,95 97,90,81 101,93,85 104,97,84 105,98,89 101,94,89 102,96,89 58,56,51 109,99,93 
101,96,92 236,233,225 236,230,216 232,225,205 217,193,147 222,194,184 222,194,180 198,175,167 145,141,141 135,130,132 133,126,123 122,115,111 125,117,111 112,103,97 105,96,89 105,99,92 107,102,97 104,96,91 114,106,103 119,110,102 114,107,100 95,90,85 103,97,93 97,92,85 107,101,92 126,114,101 124,113,101 110,102,88 106,99,87 108,102,90 111,103,91 99,93,81 102,95,83 103,95,84 107,100,90 119,104,94 117,108,95 121,112,102 116,107,95 118,109,90 112,103,93 116,107,98 114,104,92 98,90,83 99,93,82 102,95,91 100,95,85 104,98,87 56,55,53 119,109,102 
100,94,92 238,234,226 234,227,209 224,217,194 192,181,152 227,212,200 228,214,202 201,190,179 113,106,103 126,120,118 137,130,129 144,140,144 135,129,130 143,135,133 140,131,129 138,131,128 144,137,136 136,126,121 129,119,113 129,119,108 122,114,98 101,97,87 109,103,95 101,99,86 108,103,96 119,111,99 108,101,91 106,96,84 98,93,82 106,100,89 107,101,91 102,97,86 100,95,84 101,96,87 99,94,83 104,94,84 112,103,94 119,111,102 122,111,100 118,109,101 109,101,94 109,103,95 122,113,106 103,95,81 95,85,74 111,105,101 118,109,102 105,96,89 45,44,44 106,97,84 
101,96,94 237,233,223 232,222,194 232,226,206 222,217,196 234,225,205 233,223,197 205,197,178 140,132,131 132,123,118 123,112,106 116,105,100 111,102,101 114,107,106 133,123,123 128,121,121 154,150,152 161,154,154 168,161,160 150,143,145 153,148,151 155,152,152 150,145,144 138,134,127 138,129,122 135,127,117 127,120,109 120,113,100 115,107,99 111,106,98 119,111,99 112,107,95 110,103,92 108,102,92 103,98,83 105,99,87 101,93,83 111,103,90 116,109,89 110,104,89 105,99,85 98,92,79 113,107,94 115,106,93 106,100,90 116,107,96 123,113,104 126,117,109 63,60,58 121,109,102 
113,107,105 238,234,226 234,226,205 232,221,190 234,227,211 231,222,199 232,225,203 203,196,178 119,112,109 139,132,130 150,142,141 144,134,131 141,127,123 148,137,135 157,150,149 137,130,126 145,137,135 118,111,109 124,116,114 128,120,121 125,115,113 150,142,143 154,146,142 143,134,129 138,128,122 166,159,155 173,166,164 160,153,150 162,155,151 158,151,146 163,158,154 146,139,135 157,150,145 157,149,144 159,150,143 152,143,136 154,145,139 155,147,143 154,148,142 146,139,134 152,145,141 151,143,139 155,148,145 36,36,36 39,39,39 53,58,61 113,114,103 75,78,61 42,42,42 125,114,112 
126,120,118 115,114,111 114,112,107 111,107,96 111,108,101 111,108,102 105,108,97 104,99,90 117,109,107 150,142,141 153,146,145 152,145,144 152,144,142 150,139,134 149,138,134 160,152,150 161,153,152 166,159,157 140,131,128 155,145,142 142,133,132 134,125,124 140,131,128 126,118,112 122,116,114 126,120,114 123,116,111 126,120,117 127,121,118 136,129,125 146,139,135 120,114,109 144,137,131 145,137,132 138,131,125 142,133,130 141,133,128 146,141,138 138,130,127 142,134,133 130,124,123 142,135,135 138,132,131 56,53,52 58,55,54 64,61,60 93,89,75 71,71,60 57,55,54 98,90,88 
127,122,119 64,64,64 66,66,66 39,39,39 30,30,30 30,30,30 30,30,30 38,37,37 135,126,125 147,138,138 153,146,145 152,146,145 154,149,150 136,129,127 142,129,124 149,138,131 161,152,150 152,144,141 131,122,119 130,122,120 132,124,121 123,116,116 122,113,110 129,121,119 118,110,107 118,110,102 139,131,128 95,92,90 104,102,100 97,93,91 100,95,92 94,90,87 88,84,81 91,87,84 75,71,68 86,82,80 92,88,86 93,90,87 82,78,76 103,100,98 93,89,87 80,76,74 66,64,61 73,69,67 87,82,80 89,85,81 73,68,66 91,87,86 95,91,88 86,81,80 
