126,114,100 137,122,108 121,106,90 136,119,104 137,119,104 135,120,105 105,89,76 132,117,107 193,197,199 214,221,224 212,220,224 216,225,228 218,226,229 219,226,230 218,226,230 210,219,224 210,219,224 202,213,218 204,214,219 199,210,214 204,213,218 201,210,215 199,207,213 199,206,212 200,207,212 203,208,212 205,209,214 204,207,212 206,209,214 204,208,213 214,218,221 229,233,234 222,226,229 213,218,221 227,232,235 231,236,240 229,234,237 217,222,226 223,228,232 226,231,235 229,234,238 218,222,225 215,219,221 208,212,213 209,213,214 197,201,202 190,194,195 185,189,190 184,187,189 185,188,190 
47,45,42 48,46,43 47,45,42 49,47,44 51,48,46 47,44,41 48,45,43 50,47,45 50,48,46 113,105,97 117,110,103 118,111,106 124,117,111 111,110,108 114,114,112 110,111,110 117,118,116 125,127,125 124,129,128 129,132,132 135,138,139 139,141,142 144,144,145 147,148,150 161,162,165 161,163,167 181,184,190 199,203,210 203,207,214 208,212,218 228,231,234 237,241,242 231,235,237 230,235,237 238,242,244 238,243,246 227,232,235 221,226,229 225,230,233 238,243,246 227,231,235 236,240,243 234,238,241 222,226,227 218,222,223 208,212,213 197,201,202 191,195,196 187,191,192 189,193,194 
60,57,55 85,83,81 102,99,98 104,102,100 99,96,94 106,103,101 95,92,90 106,104,102 88,84,81 122,105,90 117,100,86 112,90,78 116,98,87 70,58,49 92,78,67 87,76,67 104,95,85 107,96,85 93,81,71 84,71,60 86,74,63 96,83,73 99,87,77 83,68,58 105,89,80 99,81,69 86,72,63 83,70,60 90,78,71 88,78,72 80,69,64 79,67,60 66,59,54 76,68,64 71,67,64 84,78,75 99,91,87 95,90,85 97,93,89 110,104,101 105,103,102 113,111,109 128,124,122 126,122,121 122,121,121 130,128,125 132,130,128 144,144,143 187,190,188 167,170,165 
55,52,50 53,50,48 55,52,49 55,52,49 55,52,49 54,51,48 54,51,48 55,52,49 56,52,49 128,112,97 126,112,97 125,106,94 124,104,92 119,103,93 123,107,95 123,109,97 121,109,98 121,108,97 118,102,91 115,100,90 110,95,82 111,97,86 112,100,90 111,96,86 112,96,85 109,92,82 112,97,89 110,95,85 112,98,89 111,98,89 109,96,86 105,91,81 95,79,66 96,79,65 98,81,69 102,86,75 106,88,76 100,83,70 98,82,71 98,81,69 91,78,66 95,82,72 98,85,73 96,80,66 85,71,58 95,80,67 98,84,71 105,95,79 126,129,107 150,152,136 
52,49,46 67,64,62 76,73,71 74,71,68 71,68,66 51,47,44 51,47,45 51,48,45 54,50,47 125,109,95 126,107,95 123,101,89 120,98,84 94,81,69 116,99,87 119,106,93 121,107,96 119,104,91 116,101,89 115,103,92 113,99,86 112,98,86 111,96,85 107,90,79 111,92,83 112,96,86 115,100,92 115,100,92 114,102,93 113,100,90 111,97,88 109,95,86 107,92,81 102,86,73 106,90,80 107,91,80 107,89,76 103,88,77 103,86,77 102,85,73 97,84,72 101,88,78 104,89,80 102,88,76 99,85,72 103,89,77 105,91,79 103,94,76 107,114,79 116,120,89 
111,95,82 110,94,82 111,97,84 110,95,83 112,98,86 113,97,84 114,101,90 118,104,94 115,101,89 126,112,101 130,116,106 130,113,102 118,98,84 102,85,72 111,92,78 110,94,82 116,102,90 117,103,92 112,98,87 113,99,88 106,92,81 102,88,76 102,90,81 93,80,72 106,89,78 99,82,70 88,72,60 102,88,79 106,93,84 112,99,91 110,97,88 105,93,84 97,83,72 84,70,57 76,63,53 103,87,76 105,89,77 100,86,74 96,82,70 101,87,74 95,83,71 93,81,70 101,87,78 102,87,75 96,82,69 95,79,64 100,84,69 98,85,65 66,77,27 77,84,41 
122,103,90 124,106,93 125,107,93 125,108,94 128,111,98 129,112,99 130,114,100 130,112,98 131,115,104 130,115,105 132,117,105 131,115,102 129,112,99 128,111,98 127,109,94 119,102,90 121,106,93 120,107,96 120,106,96 120,106,94 118,103,90 111,97,86 112,100,90 115,104,96 114,97,86 112,91,77 109,91,78 111,96,85 112,97,86 112,97,85 112,99,91 109,96,87 105,91,79 107,90,75 97,82,69 106,90,77 106,90,77 104,88,76 103,90,79 107,96,86 107,96,86 102,89,78 106,95,85 102,89,77 88,73,58 97,81,67 101,83,68 103,86,66 63,73,24 59,67,28 
123,106,91 123,106,93 126,108,94 125,108,94 128,111,99 131,116,104 130,114,102 130,112,98 131,115,104 130,114,103 133,116,105 133,117,105 132,116,103 131,115,102 128,113,100 123,108,96 122,107,93 121,107,95 121,106,95 122,107,94 119,99,86 114,101,90 113,102,93 116,104,96 117,100,89 114,93,80 115,97,86 115,100,89 113,97,84 113,96,85 110,96,86 109,93,80 107,92,79 111,95,83 111,95,84 107,91,79 105,88,74 106,88,74 107,93,82 107,97,87 106,93,84 103,90,80 109,96,87 106,94,83 94,79,64 102,85,70 107,90,76 108,91,74 57,65,21 60,66,24 
124,107,93 123,105,92 126,109,96 126,108,96 130,112,99 131,114,101 131,115,103 133,113,99 133,114,100 132,115,105 133,117,105 134,119,107 134,117,104 132,115,101 130,116,105 126,112,100 124,108,94 123,109,96 122,106,93 124,109,96 122,104,91 114,103,94 115,103,94 117,105,96 118,102,91 113,92,80 113,95,85 115,99,86 113,96,82 114,97,85 110,93,80 109,91,77 106,90,76 109,92,78 111,95,83 106,89,75 106,89,75 107,90,77 108,94,82 108,94,84 107,92,81 101,87,75 109,95,86 107,93,82 99,84,71 104,90,75 107,90,76 108,91,73 60,63,23 52,59,20 
108,100,88 106,97,84 112,100,90 115,101,90 114,101,89 120,104,92 120,104,90 123,104,91 124,109,97 125,111,99 131,117,107 131,116,105 130,113,100 125,108,95 130,116,105 125,111,100 128,113,101 126,112,100 124,108,96 126,110,98 124,108,96 120,108,100 120,109,100 119,108,98 120,104,94 118,98,85 115,96,84 117,101,90 115,99,86 115,99,90 111,94,80 109,92,77 105,89,74 110,93,80 112,97,84 110,93,80 108,92,80 109,94,83 109,94,86 110,96,87 110,96,85 97,84,72 109,98,86 109,95,85 104,90,78 106,92,77 107,91,75 108,90,71 60,61,26 50,59,21 
85,84,76 83,84,72 84,82,72 87,84,73 89,85,74 93,87,77 95,87,78 95,86,78 94,86,74 93,86,72 93,86,72 93,85,72 92,84,68 89,81,66 91,83,68 92,84,69 94,85,71 93,85,72 90,82,68 94,85,72 95,86,73 94,85,73 94,86,73 94,86,73 96,86,75 97,85,74 94,83,71 97,86,75 97,87,78 97,86,78 94,83,71 94,84,71 90,80,66 93,80,65 90,78,63 96,83,68 95,81,69 95,82,72 96,85,74 96,85,73 97,86,73 86,73,57 94,81,67 94,84,72 95,86,74 94,83,67 96,83,65 95,81,60 52,53,24 35,43,19 
73,71,66 85,81,72 88,87,75 84,84,73 89,85,74 91,88,75 95,88,76 95,88,76 95,88,74 94,88,71 94,87,71 94,87,72 94,87,71 94,86,70 95,87,73 94,86,70 93,85,69 93,85,69 93,85,71 92,84,71 91,82,69 89,81,67 89,81,68 88,80,67 87,78,66 87,78,65 86,77,63 84,75,63 81,72,60 80,71,59 81,72,58 82,72,59 81,71,57 80,70,56 78,68,54 76,66,52 77,68,53 77,67,53 76,65,52 75,66,50 75,67,51 74,65,50 73,65,49 71,65,49 70,65,48 71,66,47 69,64,43 53,54,22 38,45,17 49,55,22 
72,72,66 72,72,65 87,82,72 92,87,75 82,83,72 85,86,75 91,89,77 98,92,79 96,90,74 95,88,74 94,87,72 94,87,71 94,87,73 95,88,73 96,88,72 96,88,72 95,87,72 94,87,71 93,85,70 93,85,71 92,83,72 92,83,71 90,82,70 90,82,68 89,80,68 88,78,66 87,78,65 86,77,65 84,75,63 83,75,63 82,74,61 81,72,59 80,70,58 81,70,57 80,69,55 79,69,56 79,68,55 78,68,54 77,66,52 76,66,50 76,66,52 73,66,49 71,65,47 70,65,46 71,66,46 63,61,38 54,62,23 41,50,17 47,58,18 45,56,20 
52,51,47 69,72,65 70,72,64 74,72,64 81,77,68 79,76,71 90,87,79 103,99,87 93,87,72 90,82,69 93,86,73 95,87,74 96,87,75 96,88,75 96,88,74 97,88,73 96,88,73 96,88,73 96,88,73 94,86,73 94,85,74 94,85,73 92,84,72 92,84,71 91,83,71 90,82,69 90,80,69 87,78,67 87,78,68 86,77,66 84,76,65 84,75,63 84,73,62 83,72,60 81,70,58 80,69,56 78,68,54 79,68,55 78,67,52 78,66,53 78,69,54 72,67,49 68,64,43 70,65,43 60,58,29 53,59,21 40,47,21 48,59,23 45,51,19 39,48,19 
14,11,10 27,25,23 57,56,52 70,69,62 69,69,62 68,67,60 90,88,82 116,114,106 98,93,80 83,74,65 83,73,64 85,74,63 87,74,63 86,74,66 86,76,68 88,76,69 88,77,70 89,78,71 89,79,70 89,79,71 89,79,70 90,79,70 89,79,70 89,79,71 89,79,70 91,80,69 89,78,68 87,75,66 87,75,65 86,76,65 84,75,62 82,73,60 81,71,58 80,70,55 79,67,54 78,66,52 76,64,50 72,62,48 72,62,46 73,63,47 82,76,60 81,79,62 67,62,39 55,57,32 45,53,20 48,58,20 39,44,23 35,39,19 37,42,20 30,34,20 
14,13,11 14,12,11 16,13,12 33,30,26 61,58,53 66,64,59 97,97,93 132,131,126 107,103,92 85,78,71 84,76,69 86,75,65 87,74,63 86,73,63 86,74,66 86,75,68 86,75,68 86,75,69 86,75,70 86,76,70 87,76,71 88,76,71 88,77,69 88,77,69 89,77,68 89,78,69 89,77,68 89,76,67 88,76,66 86,76,64 84,75,62 82,72,58 81,70,56 80,68,53 79,67,52 77,64,51 73,60,47 71,60,46 72,63,44 72,63,47 90,85,71 94,95,83 141,144,132 57,66,32 40,47,23 47,52,22 34,41,23 27,30,22 37,42,21 38,42,31 
17,15,15 17,14,14 17,15,14 13,11,10 15,13,12 36,34,31 105,105,103 143,143,139 115,113,104 92,82,73 87,79,72 84,76,70 87,76,66 87,74,63 86,74,62 85,74,66 85,74,67 85,74,68 86,74,69 86,75,70 86,76,69 87,76,70 88,77,69 89,78,69 77,67,59 88,77,68 89,77,68 89,76,67 88,77,66 88,77,64 86,75,62 71,63,50 84,72,57 83,69,56 81,67,54 75,63,51 74,63,50 74,65,48 71,64,45 72,65,48 95,92,83 105,107,100 162,166,159 101,105,81 43,50,24 38,44,24 38,44,23 33,40,25 37,46,23 32,38,23 
17,16,15 19,17,16 21,19,17 16,15,14 14,13,12 14,12,10 101,102,104 150,151,148 121,119,111 70,64,58 78,70,63 80,73,66 84,75,69 85,75,65 86,75,62 86,73,62 85,74,67 84,73,68 50,47,44 84,74,67 85,75,68 86,75,69 88,77,68 89,77,69 63,56,51 91,78,69 91,78,69 89,76,67 89,76,66 88,77,64 87,75,63 60,54,44 86,74,60 85,70,59 80,67,55 78,67,54 77,68,50 73,66,46 75,68,50 119,114,105 100,97,90 115,118,112 97,100,86 46,54,31 40,49,24 35,40,23 37,43,23 34,39,22 36,43,21 35,43,24 
18,15,17 18,17,17 18,16,15 15,14,13 15,13,14 16,14,13 115,117,121 154,155,154 125,123,116 72,66,56 67,62,51 67,61,53 75,68,60 81,74,66 85,75,63 86,74,62 85,73,64 84,74,67 84,74,68 85,75,68 85,75,67 85,73,68 86,74,68 88,75,67 89,76,68 89,76,67 90,76,67 90,76,67 90,76,65 89,76,64 89,76,63 88,76,62 87,73,61 82,68,59 81,70,59 81,72,54 77,69,49 85,80,64 203,206,205 185,183,180 103,102,96 121,125,120 75,82,64 34,42,29 33,40,25 28,33,24 30,34,27 26,31,23 24,27,17 48,58,29 
20,18,18 21,19,19 18,16,15 15,13,14 14,12,13 15,15,14 127,130,134 157,158,157 128,126,119 54,49,42 34,30,25 65,58,48 69,61,50 70,63,53 79,71,63 83,73,64 85,73,62 84,72,64 83,73,66 84,74,67 84,74,67 86,74,68 86,74,68 88,75,67 89,75,67 90,75,67 90,76,66 90,76,67 90,76,65 90,76,65 90,77,64 89,76,63 85,70,61 82,71,59 84,75,59 81,73,55 121,121,111 171,176,177 183,187,181 154,155,146 106,106,101 126,130,127 95,102,83 31,38,30 30,34,25 31,38,27 24,29,21 25,28,18 20,25,19 37,42,33 
26,23,22 29,25,25 25,21,20 18,16,16 14,13,13 17,16,16 138,142,147 160,161,161 128,127,121 50,46,40 13,12,11 17,16,14 47,42,35 70,61,51 70,62,53 75,67,62 78,70,65 86,75,65 89,81,73 92,84,77 94,87,78 96,89,78 96,88,79 96,89,78 96,87,78 96,86,77 96,87,77 96,86,77 96,86,76 95,86,76 94,85,74 92,82,72 84,73,62 81,75,57 89,87,72 129,131,122 170,177,174 115,123,99 92,102,74 68,75,47 110,109,105 128,135,134 81,90,67 42,47,40 29,37,30 29,33,28 17,19,15 28,33,24 22,27,15 42,50,24 
20,19,21 26,23,24 19,17,18 21,19,18 21,18,18 21,19,18 150,154,158 160,162,162 127,126,119 48,44,38 13,11,12 14,12,13 15,14,12 26,24,20 60,53,45 71,62,54 65,58,54 85,78,69 82,73,64 86,77,68 83,75,66 87,77,69 90,79,70 91,80,70 92,79,70 92,79,70 94,81,71 94,81,71 93,81,69 94,82,70 91,80,68 89,78,67 83,78,61 125,124,115 213,215,218 182,191,189 137,144,135 55,65,43 63,71,35 59,66,41 112,113,113 133,139,141 76,83,79 50,58,49 32,38,33 29,34,32 21,24,19 25,30,19 24,29,20 25,28,18 
20,19,20 27,24,25 18,17,18 19,18,17 18,17,18 20,19,20 161,164,169 160,162,163 125,124,117 45,42,37 13,12,12 14,12,13 16,14,13 19,17,15 20,17,17 43,37,34 68,62,57 88,81,72 71,64,58 80,70,58 80,69,59 80,68,60 84,70,62 86,72,62 89,72,63 92,73,65 92,75,66 93,77,65 93,78,65 91,74,64 85,71,61 87,78,64 133,131,124 228,232,234 226,228,230 130,138,125 75,88,68 53,63,39 42,47,30 42,46,32 115,116,120 135,142,147 75,82,79 26,34,24 28,35,21 28,37,22 20,25,16 24,29,18 28,32,18 25,29,20 
32,29,25 35,30,30 27,24,24 24,22,21 18,16,17 23,20,23 171,175,178 160,162,163 122,121,116 43,40,37 16,14,15 15,14,14 17,16,14 22,19,16 37,31,30 49,46,47 53,48,45 92,85,77 104,101,95 121,113,105 83,72,60 76,65,57 80,67,59 84,70,60 81,67,57 88,71,61 91,74,63 89,73,61 88,71,60 89,73,62 100,93,80 147,142,140 150,150,148 225,228,233 226,228,233 141,151,142 66,73,36 70,72,29 45,54,32 46,52,35 116,117,122 137,144,150 84,91,89 18,22,14 21,26,15 25,35,22 22,29,20 19,25,19 21,24,18 40,45,22 
16,16,16 29,25,24 22,19,20 29,24,22 27,23,21 32,29,32 173,177,180 160,162,164 120,117,114 44,40,37 19,17,17 18,17,16 20,18,17 27,23,20 32,27,25 43,40,37 57,55,51 99,94,85 69,69,64 120,117,110 94,87,80 92,81,71 91,78,69 92,78,68 93,78,68 97,79,68 98,81,69 98,82,68 97,81,68 111,106,94 211,214,217 180,182,182 135,139,135 199,208,209 160,164,145 83,101,81 59,67,38 40,44,26 37,42,24 44,47,25 118,119,124 138,145,152 86,92,93 20,28,18 20,28,14 23,29,19 20,26,20 18,20,17 18,19,16 37,41,23 
16,14,15 30,26,26 19,18,19 27,23,21 18,17,16 38,37,41 173,176,181 159,161,164 118,116,113 47,44,41 22,20,18 18,17,16 29,28,23 27,26,21 23,25,20 37,37,35 56,57,52 110,106,100 60,58,56 125,121,111 119,112,107 120,111,106 122,113,108 132,122,115 129,117,110 101,98,86 80,86,62 77,79,59 88,91,72 117,117,106 111,123,99 87,100,75 100,107,97 88,97,69 93,86,35 50,66,35 62,70,40 40,49,32 29,36,22 37,45,30 119,120,125 139,146,155 94,100,103 23,27,16 20,23,15 22,28,19 17,19,17 17,19,17 18,22,17 23,26,17 
16,15,16 31,27,28 19,17,19 28,24,21 20,18,17 49,47,52 173,176,181 158,161,163 116,114,111 35,34,32 21,19,19 15,15,15 24,29,23 30,34,30 23,23,23 45,44,41 59,59,56 117,114,109 70,68,69 139,137,130 118,112,108 130,122,119 148,140,139 157,149,145 148,140,137 95,99,89 53,78,46 57,77,48 80,93,74 89,105,90 65,88,52 68,83,59 106,112,103 108,86,32 102,88,37 37,50,32 47,56,34 46,55,32 38,49,27 36,44,28 118,118,123 140,147,156 98,106,110 17,21,14 22,27,14 20,24,16 21,25,20 16,17,17 17,17,16 18,20,17 
16,15,17 32,28,29 18,17,18 28,23,22 22,19,19 58,57,63 172,175,180 158,160,163 114,113,110 30,29,29 21,20,20 15,15,15 21,26,22 22,28,23 20,20,21 46,45,44 56,57,53 120,118,115 64,64,64 145,143,141 117,111,107 126,119,117 132,126,124 143,137,132 115,116,102 86,92,80 48,71,43 53,68,47 79,91,77 90,105,99 67,90,58 64,78,59 107,112,105 115,94,39 93,83,45 33,39,27 33,38,26 44,54,33 30,35,22 33,39,22 115,116,122 140,147,157 105,111,117 17,20,16 18,19,17 18,20,17 17,18,15 18,21,16 16,15,16 17,17,14 
22,20,20 32,27,29 19,18,18 29,24,22 25,22,22 67,67,73 171,174,179 157,159,163 113,111,109 33,34,27 24,23,21 20,20,16 31,35,25 29,31,26 23,22,21 53,53,50 54,54,53 121,119,118 66,66,67 159,159,149 113,109,102 130,125,121 150,143,140 146,140,134 106,111,89 85,90,74 58,66,59 81,81,75 88,90,85 85,91,86 62,73,57 71,78,65 117,122,116 83,91,73 75,89,73 67,81,50 77,88,66 72,81,64 46,50,44 46,50,41 116,115,122 140,147,157 119,126,133 35,37,33 70,63,58 85,77,73 67,61,54 23,23,20 64,57,54 78,68,61 
19,19,19 31,27,28 20,19,19 28,25,22 27,22,24 76,76,83 171,174,180 156,158,162 111,110,108 30,30,26 24,22,22 29,27,24 43,44,38 35,36,34 31,30,30 69,68,66 67,66,65 118,116,117 83,84,85 152,150,145 111,112,105 117,120,103 139,141,124 133,136,117 112,122,94 112,123,96 108,114,100 117,116,110 137,137,134 117,124,115 101,111,89 107,112,90 126,132,120 96,116,69 72,111,104 94,110,62 102,118,62 109,122,70 76,86,50 80,88,57 120,121,121 140,147,157 134,142,142 57,65,44 91,97,69 105,101,82 81,74,58 41,41,31 81,80,64 96,97,77 
18,18,19 31,27,28 22,21,20 26,24,22 28,25,24 84,85,91 171,175,181 155,157,162 109,109,107 26,25,22 22,20,21 23,24,21 35,37,35 24,24,25 27,26,27 60,59,59 82,83,84 114,114,114 114,119,117 131,133,133 95,96,96 126,127,125 152,152,146 154,151,147 159,158,154 164,163,160 156,155,153 151,151,145 125,128,110 129,140,118 120,135,99 115,126,96 130,138,128 89,114,71 80,108,69 73,101,61 68,89,62 63,78,57 57,66,50 58,59,49 110,109,113 140,146,156 130,137,144 39,46,31 55,60,43 64,70,50 53,61,34 49,56,35 56,59,40 68,76,50 
19,18,19 34,28,30 32,27,26 34,28,27 33,28,27 95,95,101 170,174,181 153,156,160 107,106,105 25,24,25 20,19,20 21,22,19 25,27,27 20,21,22 30,28,29 41,36,37 69,67,69 83,83,81 53,52,48 59,58,56 70,67,64 115,114,114 143,134,133 144,133,133 146,134,134 149,137,139 149,138,139 151,137,136 131,121,108 103,118,77 90,113,63 97,114,75 133,141,132 97,118,76 98,115,75 94,112,73 82,104,62 72,94,55 64,82,51 58,69,46 107,109,110 139,146,156 133,140,149 32,42,28 29,38,25 31,38,25 33,37,23 32,39,26 41,47,34 37,44,33 
36,31,32 35,31,32 27,25,26 24,23,25 26,26,28 101,104,113 169,174,180 151,154,159 113,114,116 94,96,99 89,92,96 79,83,83 86,89,92 85,85,88 86,85,88 88,87,89 96,96,99 93,91,89 67,64,61 117,115,115 80,77,73 108,100,98 123,115,116 126,116,118 130,118,120 132,121,125 132,121,123 136,121,122 145,128,125 129,116,103 89,103,63 90,104,70 133,142,131 89,112,62 93,116,65 96,117,69 88,112,63 89,107,66 86,103,61 79,95,56 111,114,110 140,146,156 139,148,154 61,79,47 55,75,43 51,72,41 49,67,40 46,63,39 41,57,35 32,44,27 
23,23,25 23,22,23 18,18,20 20,19,22 31,27,30 112,114,123 168,173,179 150,153,157 95,98,100 88,94,93 69,77,67 78,84,84 95,100,105 97,102,106 97,103,106 102,107,111 111,116,120 109,108,107 83,78,74 94,90,86 96,84,81 109,96,95 116,103,105 120,107,108 123,108,110 130,117,118 126,112,113 131,113,113 140,120,119 156,137,134 135,120,109 105,105,84 139,143,135 93,113,66 93,116,66 94,117,64 89,111,61 82,104,57 82,101,57 83,99,64 111,114,109 142,146,157 144,152,159 74,89,53 74,89,53 72,91,53 67,87,49 63,82,44 59,80,43 57,78,43 
31,29,31 38,33,35 46,42,43 60,56,58 60,62,63 128,132,140 167,173,180 151,153,158 62,69,43 51,59,39 56,63,48 71,78,69 71,74,77 69,73,74 70,74,74 70,73,74 75,76,74 70,70,66 77,72,65 97,82,78 106,91,87 109,94,93 115,97,98 119,101,103 121,102,105 127,108,111 127,109,110 128,108,108 135,112,112 146,127,128 159,142,138 138,120,115 131,135,118 73,98,53 78,103,56 83,109,58 85,108,59 85,108,63 83,106,58 85,103,60 111,114,107 142,146,157 147,154,162 79,92,58 82,94,57 79,92,56 79,93,57 76,91,54 75,90,52 71,92,53 
70,67,70 73,75,77 78,80,81 73,74,74 64,65,65 133,138,146 167,172,179 149,151,156 55,61,41 60,69,49 71,76,59 69,75,69 70,74,77 68,72,74 74,75,74 75,73,71 70,72,70 73,74,70 90,73,68 113,98,92 107,88,85 111,91,89 117,98,98 118,97,99 121,99,100 126,104,106 126,104,105 128,104,103 133,107,107 140,119,118 149,129,129 148,126,123 138,120,110 106,104,82 81,100,58 86,109,59 82,106,55 78,102,50 77,98,49 78,96,52 108,112,100 142,145,155 149,156,166 79,91,55 79,92,52 80,93,55 83,97,60 80,96,55 80,96,54 77,93,53 
80,81,80 76,76,75 70,73,74 68,72,74 65,70,73 140,146,155 166,172,179 147,150,154 65,72,57 66,72,57 76,81,86 70,77,82 68,73,76 72,72,71 71,73,73 69,73,74 73,73,72 92,72,68 110,91,81 112,89,86 111,86,84 113,90,87 117,96,95 119,98,98 121,99,98 123,99,100 126,101,101 127,101,101 130,105,104 140,113,114 148,127,127 150,125,127 157,134,129 152,129,126 115,107,88 87,103,57 82,100,47 82,104,48 83,98,49 84,101,49 109,113,97 143,146,157 152,158,169 86,97,61 88,99,58 84,97,54 81,95,56 78,90,50 76,90,48 77,93,50 
82,89,92 79,84,87 64,71,71 57,63,59 59,63,61 145,151,160 165,171,179 139,143,145 48,60,31 69,75,59 75,83,88 78,80,83 76,77,76 71,75,78 74,78,81 79,80,80 97,72,69 112,89,79 113,87,80 114,89,86 115,88,85 116,92,89 121,92,92 122,92,91 123,96,96 126,98,97 127,98,98 128,98,97 130,105,102 138,112,113 148,126,127 148,125,128 154,125,126 171,150,146 157,137,131 108,97,85 105,107,74 83,94,48 78,92,49 80,90,49 104,106,93 145,148,158 153,159,170 81,97,57 83,98,53 85,98,53 86,96,55 84,97,56 81,95,57 78,93,53 
86,89,91 78,81,80 83,85,84 91,93,94 100,104,107 154,161,171 164,171,179 128,131,130 55,67,37 101,98,86 75,74,72 72,74,75 76,80,83 80,84,88 87,87,88 98,78,75 111,92,84 114,92,84 116,87,83 119,91,87 119,87,86 116,87,86 121,91,89 126,93,93 125,96,95 127,98,96 127,95,95 130,99,98 130,104,102 137,113,112 146,124,126 149,125,128 152,125,126 161,138,137 171,152,146 159,139,134 107,88,81 106,102,78 81,89,55 88,89,54 114,109,97 146,148,159 155,160,172 88,99,62 82,94,51 77,91,49 80,94,49 83,95,52 84,98,54 80,96,55 
111,116,121 108,114,118 107,111,116 103,108,112 96,102,107 157,164,174 163,170,179 135,138,142 98,96,88 112,107,102 74,79,81 75,80,82 77,82,84 90,88,90 99,77,76 112,90,84 120,99,90 116,86,83 120,87,84 126,90,87 123,91,90 125,92,91 127,92,91 128,93,92 130,99,97 128,97,96 130,96,95 133,98,97 135,104,103 137,113,111 148,119,122 148,121,124 152,121,122 161,134,135 161,136,136 170,150,143 161,138,134 107,90,82 125,118,97 90,100,61 107,107,90 145,147,158 156,161,172 91,100,72 84,85,50 86,82,54 73,86,45 79,92,53 78,94,50 81,96,50 
106,112,115 109,115,120 106,112,116 96,102,106 84,89,97 161,168,178 163,169,178 135,136,140 89,84,81 98,97,94 84,90,94 83,89,93 93,86,88 106,80,81 118,90,86 127,105,94 119,82,81 120,83,81 128,91,88 129,90,89 125,90,91 129,90,91 129,90,89 134,93,92 132,100,98 131,96,95 133,95,95 134,98,99 136,101,102 140,112,111 144,116,119 146,117,120 151,117,121 161,132,134 165,137,138 163,134,136 171,149,143 164,140,134 109,90,84 106,100,82 115,113,98 145,146,156 159,163,174 124,129,109 120,124,94 117,122,94 106,114,79 87,100,57 71,86,44 78,92,48 
113,118,123 111,117,123 101,109,115 96,105,112 98,106,116 164,171,181 146,153,162 100,104,109 93,99,103 88,94,99 92,98,103 98,90,91 111,81,82 118,88,87 130,108,98 120,88,88 123,82,83 123,86,85 126,86,85 135,91,90 134,89,91 135,89,90 133,90,90 135,93,93 134,101,99 135,97,97 139,97,98 135,101,103 137,99,100 144,110,110 144,115,117 150,117,120 155,118,120 159,128,131 161,133,136 161,131,133 160,130,132 167,148,141 164,139,135 110,90,86 114,102,95 145,145,153 171,173,182 149,151,138 140,139,124 134,139,117 138,140,119 135,137,117 59,45,43 91,98,70 
113,120,126 111,115,120 109,115,121 107,114,121 112,115,118 112,111,118 112,119,124 99,105,108 89,97,104 97,103,108 99,83,84 115,85,85 120,86,87 129,106,99 137,116,104 137,112,102 135,108,100 139,109,102 136,106,99 144,109,102 145,110,106 143,103,100 136,106,101 142,111,104 139,115,109 146,115,110 148,117,110 150,123,117 149,122,116 147,126,119 151,128,124 157,136,130 161,140,132 171,148,140 174,152,145 176,155,147 176,159,151 170,153,144 172,155,146 160,135,132 122,104,102 144,142,149 160,163,170 147,150,135 140,140,120 136,140,119 127,131,110 89,89,77 84,75,74 116,116,102 
105,114,123 237,233,225 237,233,225 236,233,225 233,226,210 225,141,126 235,229,221 204,202,196 102,106,110 106,86,87 123,85,87 122,83,85 128,89,89 136,100,96 134,102,97 130,100,94 144,112,102 147,121,109 151,126,112 155,131,115 146,124,114 153,127,113 156,134,119 150,130,116 150,135,121 154,137,124 153,132,120 158,141,129 156,138,125 160,139,128 160,137,129 163,138,129 166,141,134 171,145,139 171,146,142 171,143,141 170,140,139 165,138,135 159,134,133 158,129,128 134,112,112 144,141,145 160,161,166 115,118,97 133,139,113 137,143,121 105,106,92 85,85,75 51,51,47 85,86,73 
108,116,123 230,226,218 239,236,228 238,235,227 221,197,142 229,196,179 206,161,154 182,151,148 107,98,99 121,92,94 121,86,87 126,87,88 131,87,90 124,85,87 127,81,84 133,84,87 129,88,90 133,91,92 131,89,89 141,90,92 132,86,88 139,89,91 141,89,91 141,95,95 143,107,106 144,108,108 143,109,108 146,109,107 142,100,101 147,99,101 148,110,112 154,122,123 153,115,118 159,122,126 160,122,126 155,126,130 155,123,127 153,125,127 149,126,129 147,124,126 134,113,114 134,129,129 160,159,163 106,114,93 80,98,57 122,133,103 135,139,118 95,95,83 55,54,53 133,129,117 
127,127,130 233,229,221 236,233,225 229,223,209 199,184,149 231,221,198 218,185,175 192,165,154 139,137,134 137,135,133 136,135,134 138,135,132 134,133,131 132,130,127 132,129,127 132,124,122 134,123,122 134,118,116 137,118,115 139,118,119 141,118,118 139,111,110 136,106,105 146,110,107 150,119,113 153,124,119 149,119,115 147,115,111 143,117,117 140,124,124 145,134,134 157,151,149 160,154,152 148,145,142 149,146,144 154,150,148 156,152,149 152,148,145 153,148,145 152,145,140 150,142,138 146,139,137 142,135,131 139,135,129 83,91,71 73,90,52 108,118,86 133,139,116 51,52,49 136,133,119 
110,118,127 237,234,226 237,234,225 233,226,208 222,216,192 225,221,198 233,226,210 206,200,185 140,139,136 141,139,136 142,140,139 142,141,139 144,144,143 144,144,143 144,146,145 147,148,147 147,150,149 149,151,148 151,153,150 153,155,155 151,153,152 149,149,149 143,127,128 138,105,106 137,95,99 142,104,110 141,97,103 137,98,103 140,117,121 150,137,135 153,151,151 153,153,150 171,171,170 164,163,161 162,160,158 174,173,171 171,168,166 158,154,151 155,153,151 154,149,146 152,147,144 151,145,142 150,145,142 153,146,142 149,144,140 89,95,77 68,87,47 84,102,66 55,58,49 138,139,123 
108,112,114 237,233,226 237,233,223 232,222,194 232,226,206 230,225,202 234,225,206 207,197,179 141,140,137 143,142,142 142,142,142 144,144,143 145,145,145 144,145,145 146,147,147 148,149,150 146,148,147 148,151,149 152,155,153 153,156,157 148,151,148 143,141,141 138,115,117 129,102,105 130,102,106 131,109,112 131,104,107 129,112,113 136,123,123 141,137,134 152,151,149 155,155,154 160,159,158 177,176,176 179,178,177 174,172,171 164,160,158 158,155,153 157,155,153 156,153,150 155,149,147 161,157,155 162,157,155 36,36,36 39,39,39 53,58,61 113,114,103 75,78,61 42,42,42 95,105,74 
102,107,112 115,114,111 114,113,110 111,108,100 111,106,95 111,108,100 111,107,99 107,103,96 138,136,134 140,139,137 143,143,141 142,142,139 145,144,144 146,146,146 148,150,150 150,151,153 149,151,151 150,153,151 152,155,154 153,156,156 149,151,149 146,147,147 142,143,142 141,135,134 146,139,139 147,140,140 144,135,134 145,141,138 147,145,141 150,150,146 156,156,152 169,169,167 174,173,170 173,172,170 174,174,172 159,157,157 159,157,155 159,157,155 158,156,155 157,155,154 156,152,150 159,154,152 157,152,149 73,72,72 74,72,71 80,78,77 110,106,94 84,85,74 43,47,39 71,92,57 
120,127,133 64,64,64 66,66,66 39,39,39 30,30,30 30,30,30 30,30,30 42,41,41 137,135,135 136,135,134 139,138,137 148,150,150 148,150,151 149,150,151 151,153,153 150,153,154 150,152,152 150,153,153 154,157,156 153,154,156 149,150,151 148,148,146 147,146,145 145,140,139 145,139,139 145,138,137 145,140,137 147,145,141 148,146,142 132,131,128 104,104,103 110,110,110 106,106,105 103,103,103 109,109,109 107,107,108 103,103,103 91,90,90 103,102,102 102,101,100 102,101,100 89,87,87 101,99,99 97,95,95 96,93,93 91,87,85 95,91,89 105,102,101 70,72,67 44,52,38 
