86,88,74 188,187,184 190,187,184 184,181,178 179,176,175 177,174,173 180,176,173 180,176,174 183,178,176 204,198,198 198,194,194 197,193,192 199,197,195 198,197,197 192,191,190 189,188,187 188,186,188 188,188,189 188,188,190 192,193,195 192,192,194 187,188,190 187,188,190 200,201,202 203,205,205 203,204,206 205,206,206 202,203,204 200,201,204 203,204,206 206,207,208 204,206,208 208,208,209 208,208,210 211,211,211 210,209,210 218,217,216 171,167,169 86,82,74 106,95,89 90,83,72 106,97,90 158,146,143 157,144,141 157,148,143 159,150,146 160,152,147 164,155,152 93,83,82 83,72,71 
63,63,63 74,73,74 71,71,71 71,71,71 72,71,71 69,68,68 70,69,68 70,69,69 71,69,70 198,195,193 197,194,193 196,194,192 194,193,191 199,198,197 198,196,195 192,191,191 192,191,191 195,194,194 191,190,191 194,194,194 192,192,193 181,182,184 189,190,192 195,196,197 194,195,197 202,203,205 200,201,202 202,203,205 202,203,205 207,207,209 206,207,209 207,207,207 208,208,209 207,208,210 212,212,211 216,214,214 207,204,202 143,132,130 106,98,90 139,126,125 128,117,110 152,140,136 159,146,143 158,144,142 158,148,145 160,150,147 162,153,149 158,150,146 82,72,70 84,73,71 
74,74,74 103,103,103 116,116,116 117,117,117 111,111,111 118,117,118 109,108,108 118,117,118 103,101,102 197,195,193 193,191,189 188,188,184 191,190,188 201,200,198 200,198,197 195,194,193 194,193,192 194,194,193 195,193,194 194,193,193 194,193,194 182,183,184 186,187,189 186,187,189 188,189,191 197,199,201 205,206,208 195,197,199 209,209,211 209,209,211 208,208,210 209,209,210 212,211,210 212,212,212 213,212,211 215,213,210 185,177,174 159,148,147 152,140,138 159,147,145 159,148,145 162,147,145 161,146,144 160,146,144 160,151,148 163,154,148 164,155,152 140,132,129 82,72,70 85,75,73 
59,59,56 53,54,51 70,70,69 73,73,73 71,71,71 71,70,71 71,71,71 71,70,71 74,73,74 204,201,199 193,192,190 189,187,186 194,194,192 204,203,201 201,200,199 199,197,196 194,193,191 194,194,192 199,197,196 201,200,199 198,197,197 190,190,191 186,187,189 188,189,191 189,190,192 183,185,188 169,173,176 127,133,130 211,212,214 211,211,213 209,209,212 209,209,211 211,211,211 214,214,213 198,195,193 158,145,142 160,147,144 168,157,154 166,155,153 160,148,146 162,147,146 162,147,145 163,147,146 163,148,146 164,155,150 165,156,150 167,158,153 116,107,104 81,73,71 87,78,77 
58,57,53 61,61,57 79,79,77 83,82,81 89,89,89 69,69,69 69,69,69 69,69,69 74,73,73 209,208,205 202,201,198 193,191,190 197,196,194 205,205,201 204,204,202 200,199,197 197,197,194 200,198,196 202,201,199 203,202,201 202,200,201 199,199,199 195,195,196 191,191,193 198,199,199 188,189,192 92,97,98 132,136,135 215,216,218 213,213,215 211,212,214 211,212,214 214,214,214 201,199,198 150,139,138 148,133,129 148,130,126 148,131,126 156,141,138 162,148,146 163,148,145 165,148,148 166,149,148 164,151,149 166,156,151 168,158,153 174,166,160 100,93,91 86,77,76 97,89,87 
49,56,35 99,99,75 158,151,148 145,138,134 132,126,121 161,157,152 183,182,179 196,195,193 194,193,191 213,212,210 209,208,205 204,203,200 200,200,196 206,206,202 206,206,202 204,203,201 203,202,198 203,202,199 204,203,201 205,204,202 203,202,202 203,202,203 201,200,200 200,199,199 202,202,202 199,199,201 119,118,123 100,106,101 216,216,218 215,215,217 199,198,199 185,179,178 193,188,188 185,181,178 149,140,137 161,146,144 158,139,137 155,136,130 159,143,141 160,146,143 151,137,131 149,136,127 145,131,120 151,138,128 155,143,133 160,149,140 166,157,148 93,86,86 88,79,79 108,99,97 
70,72,50 97,100,73 169,163,154 141,139,124 157,148,144 161,152,145 156,148,143 165,158,151 199,197,194 219,218,216 214,213,211 210,209,205 209,208,204 211,208,206 212,209,208 211,207,206 207,205,203 201,200,197 202,200,198 207,204,202 204,203,202 200,198,199 200,199,198 203,202,202 203,203,203 207,208,209 176,175,179 100,108,100 194,196,201 202,203,206 156,152,147 166,155,152 163,151,150 152,143,141 161,153,150 162,146,143 158,139,136 153,135,128 141,126,119 135,123,115 147,136,128 155,144,136 156,143,133 151,137,127 152,139,128 152,139,128 133,121,112 86,80,80 89,81,80 113,105,102 
113,109,92 115,111,92 106,106,80 113,113,85 171,163,160 172,163,156 158,153,135 163,155,145 162,157,153 206,205,202 217,216,214 213,212,209 211,210,207 212,211,208 213,209,206 220,215,213 213,209,206 201,196,196 199,196,195 199,197,196 196,194,195 189,187,188 192,191,190 202,201,201 203,203,203 192,193,195 143,145,146 74,81,71 75,81,79 67,76,64 160,155,150 156,146,139 156,145,140 162,154,152 165,155,153 158,142,138 139,124,118 136,120,113 151,138,135 157,147,143 162,151,146 166,156,146 166,156,147 167,156,147 166,154,145 164,154,144 143,132,124 87,81,82 90,82,81 123,115,108 
121,120,104 116,112,93 53,63,36 90,96,44 163,157,146 167,161,148 94,101,48 156,149,131 168,163,159 152,145,141 209,207,207 210,209,208 210,209,208 210,209,206 187,172,172 219,214,211 213,208,205 204,198,198 197,194,193 200,198,196 194,192,192 190,188,189 189,188,189 201,200,200 197,196,198 77,76,77 71,75,65 71,74,68 40,45,34 52,58,44 151,147,141 159,152,148 160,149,143 164,154,152 146,134,130 142,130,126 156,144,142 155,139,133 155,143,139 158,149,144 162,151,144 164,154,146 164,154,145 165,155,146 165,154,145 163,153,143 137,129,122 87,82,81 93,86,85 143,136,128 
48,54,32 63,69,42 74,79,48 58,67,27 106,106,69 160,155,137 47,57,22 76,83,50 168,162,152 125,124,92 128,131,102 211,211,211 205,206,205 193,193,188 143,129,128 192,183,182 209,204,202 200,196,195 200,195,194 202,198,197 197,195,194 199,197,196 197,195,196 199,197,198 112,113,109 79,80,72 66,67,56 130,127,131 118,117,121 103,102,104 144,141,134 162,155,149 145,135,128 137,126,122 152,140,140 156,145,143 157,146,143 156,140,133 156,145,141 159,149,145 163,152,146 163,153,144 164,153,145 164,154,146 164,154,145 159,149,140 123,115,110 91,86,85 98,91,90 156,148,140 
32,37,22 69,72,50 80,85,43 52,62,35 72,79,29 131,131,105 47,59,27 56,66,35 119,120,95 96,100,70 58,69,26 127,130,103 94,100,85 69,78,31 87,89,63 168,166,152 179,176,168 195,193,190 196,192,191 201,196,195 198,194,192 181,175,176 186,185,183 205,203,203 110,113,105 60,62,44 138,136,134 129,128,127 143,143,142 165,160,155 164,158,153 139,131,125 143,135,131 152,141,139 155,144,143 156,145,143 156,146,141 156,141,133 155,144,140 159,149,142 162,150,142 162,151,143 162,151,142 162,152,143 161,151,141 155,144,135 106,100,97 88,83,83 96,90,88 162,153,145 
36,40,27 55,63,31 65,74,26 50,58,32 63,67,41 137,133,103 46,56,23 48,57,29 78,81,56 75,81,49 48,57,27 72,80,32 81,86,42 54,64,28 64,71,34 68,76,32 60,67,32 132,130,109 195,186,184 193,183,179 165,140,133 147,123,115 62,61,49 79,80,64 52,58,38 60,60,42 102,104,98 123,120,118 121,117,112 164,155,147 158,150,141 150,143,137 149,141,137 152,143,140 154,144,141 155,145,142 156,145,141 155,141,133 156,145,140 159,149,140 162,151,142 161,152,143 161,151,142 152,143,132 151,141,131 152,141,130 102,97,97 98,93,93 109,103,99 160,152,142 
36,41,23 44,49,26 60,66,36 42,50,34 49,58,39 110,113,73 51,60,30 49,56,32 58,64,35 60,70,31 49,56,25 59,67,25 60,70,27 59,69,33 65,73,31 54,60,30 47,54,28 69,73,34 128,115,88 153,136,127 156,131,121 141,117,106 53,56,41 64,69,37 54,57,33 57,60,32 98,99,93 111,105,97 109,102,92 166,154,144 151,143,136 150,143,138 148,140,136 152,144,139 149,141,137 150,142,138 156,146,140 156,142,135 157,146,141 161,151,142 162,152,142 161,151,142 160,151,142 132,126,112 132,126,108 145,135,124 99,97,96 102,98,97 124,117,111 158,151,140 
51,61,35 38,45,25 49,56,28 47,54,32 39,47,33 63,67,31 69,72,41 52,58,34 62,66,36 65,71,36 50,57,32 60,67,30 63,72,36 52,62,27 53,60,32 53,61,31 51,58,26 49,57,26 61,69,27 107,105,72 161,139,130 137,114,102 58,60,41 52,57,32 63,64,30 73,75,33 62,64,42 96,92,83 145,136,127 143,129,122 123,112,107 152,145,141 151,143,138 155,148,142 150,142,137 152,143,138 156,145,139 156,142,136 156,146,139 161,151,141 161,151,141 159,149,140 97,88,79 98,92,74 135,128,111 118,114,96 98,96,95 103,99,98 135,129,121 155,149,139 
46,56,38 44,53,33 53,62,34 46,53,26 36,40,27 49,56,34 73,78,36 64,72,40 65,70,35 98,102,80 50,58,30 63,70,36 68,75,31 52,61,29 54,62,32 50,59,30 49,58,28 50,58,27 52,61,27 62,68,34 157,137,125 146,120,107 64,66,45 61,68,44 73,75,39 99,96,70 58,65,35 97,93,83 143,134,126 138,122,112 93,83,75 135,126,120 110,103,96 104,94,86 121,113,109 139,128,124 157,145,139 157,144,137 158,147,140 161,151,141 160,151,140 145,136,125 82,77,72 93,87,76 129,121,105 96,97,72 100,98,97 102,98,97 145,138,129 156,150,139 
30,36,24 40,48,28 58,60,38 38,43,27 48,53,36 40,47,28 63,68,33 47,51,24 47,56,26 54,63,32 50,55,28 49,58,24 52,58,28 51,60,29 51,61,29 49,57,29 43,49,24 46,54,25 45,54,27 50,58,30 109,102,82 117,99,82 73,74,50 57,64,36 66,70,33 70,73,45 63,68,32 98,99,76 135,126,111 149,134,126 98,93,86 133,125,117 110,103,97 114,103,97 119,110,107 153,141,137 159,147,140 159,147,139 160,150,142 162,153,144 160,151,141 154,146,134 136,129,111 128,120,104 119,110,93 102,95,89 103,100,100 109,103,102 156,149,138 158,151,140 
41,49,32 34,38,22 50,60,27 33,35,21 49,55,31 39,45,27 68,73,35 47,51,29 43,47,28 59,63,37 46,52,27 50,55,27 46,52,22 53,61,32 47,54,27 45,52,30 41,47,26 42,49,26 60,72,29 77,87,34 86,89,46 98,92,72 76,75,60 72,79,43 70,80,26 86,99,38 84,98,33 77,82,44 65,74,31 56,67,32 61,76,34 80,93,45 83,98,45 93,105,49 100,108,58 117,123,79 121,124,82 122,125,85 122,126,86 123,127,85 136,136,101 123,124,86 117,114,80 111,112,74 96,96,65 106,105,95 105,101,100 110,108,98 134,134,106 134,136,108 
41,49,29 44,46,31 45,50,26 37,39,26 35,39,25 43,48,30 72,75,41 64,72,42 42,47,26 54,61,32 52,58,30 52,59,31 54,59,25 51,59,26 56,65,28 56,63,25 73,83,30 89,95,38 79,87,36 65,73,32 97,92,57 104,93,83 111,99,94 98,89,80 91,87,68 67,78,39 80,94,28 96,111,34 94,108,34 77,88,34 50,64,29 55,68,28 60,73,29 58,71,28 57,70,25 50,65,23 50,65,21 50,66,20 51,64,21 48,63,19 52,67,19 56,65,25 57,68,26 55,64,27 62,64,37 101,100,96 113,109,106 86,89,73 47,63,21 56,73,24 
39,46,31 47,52,36 53,61,27 52,54,29 39,42,25 48,55,35 55,61,36 46,50,27 41,47,24 57,65,34 63,70,32 59,67,29 66,73,28 65,73,30 82,92,34 102,108,39 84,90,29 68,76,24 59,66,28 90,90,51 105,96,73 103,91,88 106,95,90 110,98,91 99,89,78 73,75,51 61,72,26 64,78,27 80,95,30 90,109,33 98,116,39 87,101,41 75,84,35 56,67,27 47,59,24 46,60,22 51,64,21 47,62,20 45,59,19 46,59,20 42,56,19 57,68,27 60,70,29 52,59,32 54,60,35 108,106,105 110,106,105 66,72,54 38,52,20 42,55,19 
46,54,33 44,48,29 58,64,30 63,71,36 33,37,21 41,49,30 49,54,31 57,65,36 37,44,21 49,57,24 89,94,47 101,109,48 98,110,36 98,108,38 82,93,30 70,77,27 61,70,27 65,72,28 96,92,52 113,103,76 98,87,79 95,86,82 96,86,82 102,90,85 104,92,86 90,82,69 68,73,44 62,72,29 58,71,26 59,73,27 68,80,30 87,101,35 97,114,41 98,114,43 85,100,37 75,86,35 68,80,31 53,64,24 48,58,21 44,56,19 43,57,19 65,74,31 44,57,22 48,54,28 53,59,42 109,107,106 113,109,108 56,64,42 37,52,19 38,52,21 
38,42,25 41,49,28 53,63,37 64,76,38 35,37,24 44,49,27 49,55,30 63,71,32 86,89,50 111,114,60 110,114,53 103,104,50 84,90,35 69,77,30 65,73,26 64,71,27 66,73,34 95,92,49 116,104,75 104,93,73 97,85,81 96,86,82 98,88,84 97,87,82 96,85,80 105,95,87 90,85,61 72,73,52 61,70,26 67,79,28 58,68,27 63,74,28 66,80,26 78,95,31 93,110,38 102,117,41 115,127,48 108,120,45 100,106,44 90,94,43 84,87,39 82,89,36 83,87,38 76,80,38 91,94,67 104,102,104 105,101,100 76,75,44 71,70,37 63,65,33 
42,50,25 48,60,31 66,75,39 69,81,40 50,56,30 62,68,39 98,100,55 120,120,66 113,115,53 104,105,49 86,88,41 66,72,27 68,72,30 62,70,25 56,64,23 65,71,33 91,89,49 115,102,69 109,98,79 101,88,81 94,84,80 95,85,81 95,84,80 100,89,85 99,87,82 106,97,91 104,95,88 89,79,64 72,71,54 65,75,30 55,61,28 60,69,29 57,69,26 57,72,26 71,82,26 91,104,35 100,116,36 101,118,34 103,118,37 109,123,42 112,123,48 101,109,44 95,96,43 91,95,58 103,106,98 108,106,106 105,101,96 102,102,47 98,99,45 95,94,47 
68,75,36 98,101,50 105,110,55 93,103,53 105,110,56 112,115,61 112,111,60 108,110,59 96,97,51 70,74,21 70,74,29 63,67,27 58,62,25 61,69,26 64,70,33 92,91,53 114,100,69 120,106,85 95,83,75 110,94,89 98,86,82 96,85,81 91,81,77 96,85,83 104,91,89 92,81,77 116,106,104 103,92,89 82,74,65 71,72,57 57,60,30 54,59,30 60,71,30 56,70,25 55,66,21 59,72,23 66,81,21 75,89,25 98,113,38 101,118,39 106,121,39 110,126,43 108,124,41 81,104,65 68,93,114 69,94,117 110,107,96 105,104,50 109,106,51 110,105,51 
105,114,59 113,120,57 119,122,66 113,118,62 122,121,71 106,104,50 89,88,39 76,79,28 73,76,34 68,71,27 68,75,26 62,67,28 57,62,26 65,69,35 90,91,52 108,98,68 122,109,88 98,88,76 87,76,72 96,84,80 101,88,85 99,86,83 91,81,77 91,80,79 104,91,90 97,84,82 113,102,99 111,101,94 94,84,75 88,79,58 76,77,56 56,63,33 55,66,30 54,67,27 69,78,29 62,75,26 59,71,22 67,81,24 58,71,23 79,94,28 98,112,38 113,128,45 111,126,42 88,106,50 77,99,106 55,90,117 107,118,74 98,104,46 104,105,53 109,110,55 
100,109,46 100,108,42 98,101,41 98,99,41 85,83,34 80,79,35 69,71,27 72,77,27 65,70,31 71,77,33 65,72,27 58,63,26 58,54,34 88,85,60 111,100,73 123,111,90 108,99,78 91,80,74 105,91,86 108,94,91 106,93,90 99,88,85 90,80,77 97,86,83 107,94,93 90,79,76 98,87,85 122,111,109 112,103,101 91,81,73 79,78,51 75,72,60 56,63,33 53,66,27 60,71,25 62,73,27 66,79,27 58,70,24 59,71,25 59,69,23 66,78,25 81,95,31 82,100,32 86,107,36 89,111,46 80,104,78 96,114,47 97,119,44 104,124,50 103,122,49 
93,98,29 99,102,34 87,92,28 74,77,26 71,77,28 78,84,33 66,70,28 62,68,25 70,76,31 67,74,28 56,62,25 68,69,41 93,90,60 108,98,74 123,111,95 121,109,93 86,76,72 107,92,87 103,91,86 104,93,90 112,100,98 111,100,96 98,87,82 90,81,77 93,82,80 91,80,77 89,77,75 121,109,108 101,91,89 100,91,89 83,75,71 75,70,62 77,74,63 60,68,31 54,64,23 70,81,27 59,71,24 56,69,24 64,74,24 59,71,23 62,74,26 62,75,23 59,74,23 70,89,28 75,96,32 86,107,37 85,105,37 106,128,47 101,123,46 98,120,48 
82,84,28 80,82,27 67,71,25 63,66,24 61,67,24 64,70,24 66,74,27 68,76,26 66,74,31 65,72,29 69,63,48 91,90,55 99,93,58 117,103,83 119,108,89 96,85,80 97,85,81 96,85,81 103,92,89 108,96,94 109,97,95 109,98,94 108,97,92 98,88,86 101,89,87 106,92,90 106,92,90 113,100,98 123,113,113 100,91,89 99,90,88 86,78,71 70,62,55 64,58,51 58,64,32 66,76,27 55,67,23 72,81,30 66,75,27 74,86,29 64,77,27 57,70,23 46,62,20 46,62,20 80,99,33 74,91,30 82,101,34 88,110,32 81,103,30 81,100,36 
74,77,31 70,71,27 65,68,24 72,75,27 63,70,23 65,73,27 67,74,29 57,64,25 55,61,25 77,74,50 89,90,58 97,93,57 116,103,85 120,109,92 103,95,78 89,78,77 101,90,87 102,92,87 105,94,90 107,95,93 109,98,96 108,97,95 108,96,94 106,95,93 100,89,85 105,92,88 107,94,91 103,91,89 106,98,97 94,86,84 101,93,89 100,92,89 77,69,63 61,53,49 63,57,53 66,69,41 58,71,26 66,78,26 79,87,31 67,79,27 67,81,25 62,73,25 61,73,26 57,73,27 60,78,24 55,73,21 63,82,24 73,94,25 90,110,33 84,105,33 
67,70,26 70,79,26 58,67,20 57,63,24 63,70,26 61,71,26 61,65,24 48,43,24 67,59,43 93,92,56 95,93,52 116,105,85 117,106,90 107,103,79 81,72,70 100,89,87 103,92,90 104,94,91 109,98,96 109,98,96 111,100,98 111,101,97 109,97,95 101,91,89 104,94,92 106,93,91 107,94,91 100,89,86 91,83,81 104,95,93 110,102,98 98,91,85 87,79,73 81,71,71 68,60,58 63,60,49 66,66,45 66,69,40 77,85,32 61,74,26 55,68,23 58,70,26 54,70,25 52,68,25 55,73,21 57,75,23 56,74,21 56,75,20 63,84,21 71,92,26 
70,76,26 66,74,26 58,61,23 55,59,22 64,70,29 54,62,23 52,55,26 77,70,55 98,92,64 96,92,54 106,96,70 115,106,84 100,102,62 95,88,70 96,85,85 101,90,89 100,89,88 104,94,92 108,97,94 109,98,97 109,98,97 110,99,97 108,98,96 104,93,91 105,95,93 106,95,94 104,93,89 104,94,91 98,88,86 95,88,87 113,104,103 98,89,83 93,84,77 77,67,65 86,77,77 64,57,55 69,67,56 51,59,32 61,76,28 56,67,26 60,70,28 63,74,31 55,69,27 51,66,26 54,67,31 53,69,25 59,76,29 59,77,23 77,97,28 73,94,24 
70,76,31 59,65,22 61,67,27 52,52,24 47,51,25 57,61,32 84,78,64 92,88,70 104,96,62 106,96,71 110,102,87 101,100,61 95,92,65 84,74,73 95,85,85 103,92,92 102,92,91 106,97,94 107,97,96 109,98,97 110,98,98 108,97,96 107,95,94 98,89,86 102,94,91 105,95,94 104,93,91 103,94,90 103,93,91 94,85,84 104,96,95 103,94,93 86,78,73 87,80,67 86,77,76 67,60,57 71,65,59 62,64,46 58,66,36 50,65,31 57,68,31 54,65,26 60,74,29 55,71,28 55,69,33 56,74,29 55,72,27 61,81,25 52,69,22 60,79,24 
68,74,31 81,86,38 72,77,41 53,53,28 72,69,44 99,94,69 105,98,77 97,89,60 106,97,73 115,106,90 109,105,81 91,87,63 88,77,77 93,82,84 102,92,92 105,95,95 103,94,92 104,95,92 106,96,95 106,96,95 107,95,95 107,96,95 106,96,94 103,94,92 103,95,92 105,96,94 103,94,91 101,93,88 104,93,91 98,87,87 93,87,88 105,97,98 94,85,82 88,79,71 99,90,88 71,62,63 67,60,60 62,56,49 71,65,54 49,48,36 49,56,27 53,63,31 54,64,27 56,70,28 59,74,30 65,79,31 60,78,23 58,76,26 58,75,25 62,82,25 
62,67,29 60,67,28 60,67,32 76,77,47 109,107,73 100,100,59 95,94,56 107,99,83 125,115,104 106,100,77 93,90,60 98,84,83 98,86,88 96,85,88 104,94,93 105,96,94 106,97,95 105,97,95 107,98,96 107,97,96 107,97,96 107,97,96 106,96,95 104,96,93 106,98,95 107,100,98 103,96,92 97,89,85 98,88,86 89,79,78 81,71,72 90,82,84 100,91,91 97,88,86 89,81,79 92,83,84 89,81,80 88,81,80 67,63,53 82,76,71 74,67,57 61,69,35 52,65,29 52,66,29 58,73,35 58,68,29 64,81,28 68,87,25 61,81,24 69,89,26 
59,66,29 55,56,31 84,81,61 105,97,81 100,101,56 101,98,59 106,98,73 128,114,107 117,107,89 96,92,67 96,86,82 100,89,90 104,94,95 101,92,93 104,95,95 106,97,96 105,96,95 101,93,91 100,92,91 101,93,90 100,91,89 98,89,87 108,99,97 102,95,91 100,92,90 107,101,99 104,98,95 96,88,84 101,91,89 103,92,91 92,81,82 83,73,74 84,75,74 106,98,98 95,87,85 96,88,87 90,83,81 114,108,109 89,82,81 66,59,55 82,76,70 78,75,58 52,62,33 49,60,28 55,69,32 54,67,30 66,83,27 68,86,25 59,76,26 67,84,27 
60,67,33 101,90,80 106,99,85 105,105,68 101,94,60 108,96,77 108,97,81 105,98,78 97,93,67 84,75,74 87,77,80 103,93,94 103,94,95 105,96,97 106,96,96 103,94,94 101,92,91 100,93,91 101,95,92 104,97,96 96,88,86 95,86,84 88,80,78 85,78,75 78,71,69 81,73,70 82,75,71 91,82,78 100,90,88 103,91,91 104,93,93 97,85,87 84,72,74 84,75,74 92,83,81 85,77,75 84,76,75 90,81,80 80,72,70 75,66,61 72,64,52 92,85,81 86,79,70 51,55,32 47,61,28 56,70,31 55,68,27 66,84,30 62,80,29 64,83,28 
97,87,78 105,98,81 94,91,58 94,91,57 113,102,92 131,122,120 123,114,105 107,101,81 86,75,75 87,77,79 95,85,87 103,94,96 106,98,98 105,96,97 105,97,96 102,94,93 103,95,94 100,93,92 98,92,90 103,95,94 107,99,98 104,95,94 76,69,67 124,119,118 106,100,99 85,76,73 79,71,69 101,94,91 99,88,87 103,90,90 106,94,94 105,94,95 103,91,92 100,90,90 78,70,69 100,92,92 104,97,97 80,72,71 76,68,67 80,71,69 92,82,77 87,86,78 104,88,82 138,132,130 60,66,47 43,54,26 67,80,30 57,73,28 57,70,26 59,74,29 
101,89,76 91,78,61 102,88,67 114,103,83 129,120,112 132,124,116 107,100,81 91,81,79 92,80,83 93,83,86 105,95,97 107,99,100 105,97,97 103,94,94 104,97,96 100,92,92 99,92,90 99,92,90 99,94,92 101,96,94 106,98,98 107,99,99 85,77,76 90,84,84 96,90,88 106,98,98 86,79,78 82,77,71 99,90,88 108,95,95 109,96,96 106,95,96 101,90,91 101,91,92 99,91,91 77,70,68 98,92,91 100,92,92 92,84,82 92,84,85 81,74,70 78,76,59 114,105,104 160,155,160 167,133,139 76,54,51 32,32,23 53,68,31 63,79,31 62,80,30 
98,88,63 115,100,84 119,104,93 127,116,102 114,104,80 106,100,75 87,78,77 85,75,78 90,79,82 102,93,95 110,101,102 106,98,99 104,95,96 105,96,95 102,94,93 98,92,91 100,94,92 100,95,93 103,99,96 104,99,97 99,92,91 106,96,97 93,83,84 88,79,77 87,81,77 93,86,83 84,76,74 87,80,79 107,98,98 113,97,97 108,94,94 107,96,96 105,96,95 101,92,92 97,88,89 94,84,86 84,75,75 78,70,69 79,74,70 99,90,88 79,70,68 72,64,59 140,136,139 142,106,112 152,93,101 182,164,170 109,104,101 43,49,30 57,71,30 59,73,29 
114,103,89 115,101,92 136,124,120 130,123,116 97,89,74 89,80,78 86,77,78 90,81,83 101,91,95 109,99,102 107,98,100 108,99,100 102,94,94 101,93,92 103,96,95 105,99,98 103,98,97 101,96,94 103,101,98 104,100,98 90,82,82 99,89,90 99,89,92 93,84,78 100,94,76 90,84,84 93,86,83 81,74,72 117,93,97 118,92,95 114,97,97 109,100,98 105,97,96 102,93,93 86,78,79 89,79,81 92,82,84 87,78,73 92,87,67 80,74,72 87,80,77 91,83,79 105,95,97 141,90,99 144,120,127 149,143,141 124,117,115 84,72,66 56,54,36 62,73,33 
134,125,124 136,125,118 141,132,126 101,96,77 89,80,78 90,79,80 90,81,83 100,91,93 110,100,102 109,100,101 107,98,100 104,96,96 99,92,91 104,97,96 104,98,98 104,98,97 101,97,95 99,95,93 101,98,97 106,101,101 107,100,101 110,100,101 109,98,101 103,93,94 100,89,73 104,98,90 98,90,88 84,75,74 97,83,85 131,120,126 125,117,121 112,107,106 98,92,90 101,95,94 99,92,93 95,87,87 100,91,92 98,88,90 95,85,80 92,82,65 94,88,83 91,83,80 85,76,71 115,85,87 140,136,140 136,128,126 97,93,95 117,114,116 101,93,86 72,64,54 
145,133,130 136,123,110 107,98,85 91,81,80 88,78,80 95,84,85 107,96,97 112,102,103 108,99,101 109,100,101 105,96,96 102,93,93 103,96,95 102,96,94 101,94,94 97,91,90 96,91,89 100,95,94 102,99,98 106,101,100 108,103,101 110,101,101 112,102,102 109,99,101 95,88,78 107,97,72 97,90,86 90,82,79 103,99,98 92,90,89 96,95,92 86,83,80 86,81,78 96,90,89 103,97,95 100,93,93 100,91,91 101,93,92 104,95,95 92,84,81 91,87,64 97,89,76 75,68,65 86,76,73 96,88,86 88,79,76 67,59,58 72,66,64 108,105,106 113,106,101 
127,115,95 111,103,88 92,82,81 93,83,84 97,86,87 110,100,101 111,102,103 110,100,101 109,101,102 106,97,97 103,96,96 100,92,92 102,95,93 99,92,92 99,92,91 98,92,92 98,94,93 101,96,97 104,100,100 109,104,102 115,108,107 102,94,94 110,100,102 115,105,106 106,96,95 107,97,81 103,95,83 92,86,84 135,131,135 116,111,113 87,82,79 83,77,73 86,78,76 89,85,83 101,96,95 100,93,93 103,94,93 99,90,90 100,93,92 99,91,92 93,85,76 96,85,65 95,86,77 84,78,74 103,98,98 127,123,124 107,100,95 98,91,86 56,40,41 88,88,88 
107,97,79 96,89,87 96,87,88 107,99,98 109,101,101 114,106,106 113,106,106 112,104,103 108,99,99 103,94,94 101,93,93 98,92,92 99,93,91 100,93,93 105,96,97 102,95,97 102,97,98 104,99,100 108,103,103 109,103,104 116,109,108 113,104,105 115,105,107 120,109,109 117,107,106 97,87,82 107,97,71 106,99,89 93,87,86 105,99,96 82,77,74 86,79,76 82,76,74 87,81,78 97,93,91 99,92,92 101,93,92 100,92,90 90,82,82 105,97,96 107,99,98 100,91,87 101,92,73 105,96,73 99,93,85 124,118,118 102,94,93 81,74,70 80,71,71 81,78,74 
86,78,76 232,225,209 235,230,216 238,235,228 237,234,228 238,235,228 239,236,227 207,204,196 105,97,95 103,95,93 102,94,93 99,93,92 103,97,97 103,96,97 107,95,98 106,100,102 107,101,103 107,101,104 110,105,107 113,107,108 115,109,108 117,108,108 120,109,110 121,110,110 123,113,112 108,96,96 101,88,79 106,95,74 105,97,82 84,79,77 111,105,101 101,94,92 83,77,75 88,81,79 89,83,80 96,89,89 92,85,84 103,96,94 102,96,93 104,97,95 110,101,100 111,102,100 94,87,82 90,83,66 99,93,76 99,94,78 103,96,91 87,80,76 49,47,46 87,81,76 
84,76,77 233,225,205 231,222,201 226,219,201 219,197,147 238,235,227 240,237,228 207,204,196 104,96,94 101,94,91 101,94,93 102,98,98 106,102,102 103,100,102 111,91,96 108,95,98 110,106,110 111,106,108 110,105,106 115,109,109 116,110,111 120,112,113 102,92,93 116,105,105 114,103,103 120,107,106 89,78,77 106,90,68 122,107,78 93,88,84 98,91,90 105,98,96 114,106,103 105,99,96 91,83,79 89,83,80 91,84,82 103,96,94 101,95,93 106,98,96 111,102,100 113,104,102 116,105,103 106,96,92 85,76,70 105,92,66 115,104,77 88,83,77 54,54,53 103,99,93 
89,79,80 231,223,203 229,221,202 217,210,195 194,180,146 235,230,216 240,237,228 207,204,196 105,98,96 101,95,92 103,98,96 105,102,102 110,106,108 102,98,96 110,102,107 104,72,75 117,115,120 118,106,109 115,106,109 114,106,108 117,110,111 118,110,111 95,85,85 94,84,84 117,105,105 106,94,95 86,76,77 101,88,76 116,101,83 102,94,92 104,97,97 124,118,120 118,108,107 95,86,82 91,84,77 93,85,82 94,87,86 100,94,91 98,92,90 107,100,98 99,91,90 98,89,89 107,97,96 116,107,105 97,87,85 91,81,71 109,93,68 106,98,85 44,44,43 107,101,100 
108,97,98 230,224,207 235,226,209 233,223,200 226,219,201 238,235,223 240,237,228 207,204,196 102,96,93 102,96,95 101,98,96 98,93,95 101,97,97 77,70,70 102,100,102 110,81,86 114,76,79 116,86,88 99,89,90 92,84,86 116,108,108 118,109,110 96,86,86 93,82,81 117,104,104 110,99,100 85,76,78 87,78,79 90,80,79 89,80,79 109,101,102 98,91,89 106,98,94 133,123,119 99,90,88 98,93,85 101,95,91 109,101,98 106,99,97 100,94,93 105,99,97 81,72,70 86,77,76 109,100,99 99,92,91 79,73,72 87,78,73 93,84,78 51,50,49 93,88,86 
112,101,101 221,213,194 223,215,200 221,213,193 234,228,210 239,237,227 240,237,228 205,202,194 92,86,82 98,94,91 93,89,89 94,88,87 91,84,82 69,64,63 79,75,73 112,104,107 125,92,96 122,114,118 101,93,94 94,86,86 92,85,83 93,84,84 90,80,80 90,81,80 115,104,103 107,96,98 85,76,78 87,76,77 89,78,79 87,78,78 90,82,83 116,109,110 114,105,103 102,92,90 93,85,84 94,87,84 118,110,108 115,106,104 105,98,97 97,92,90 103,96,96 113,107,105 104,95,94 36,35,35 39,39,39 53,57,61 113,114,103 75,77,60 42,42,42 82,76,74 
129,121,122 137,135,131 135,133,127 130,130,124 143,140,132 145,144,141 145,144,141 135,133,130 120,117,112 121,117,114 114,109,110 113,108,109 98,92,92 92,88,86 116,112,109 113,112,112 147,138,142 124,120,123 98,90,90 104,92,90 98,87,86 88,79,78 90,81,81 85,76,77 115,106,105 104,97,98 87,77,78 86,76,77 89,79,78 87,77,78 89,80,82 103,93,95 103,97,97 89,81,79 100,90,88 106,97,97 116,109,102 103,98,87 95,88,87 93,89,86 98,91,90 92,86,86 91,84,82 49,47,46 60,57,57 58,56,57 85,81,70 66,66,56 51,48,48 82,75,74 
206,206,206 210,210,210 207,207,207 206,206,206 207,207,207 207,207,207 207,207,207 206,206,206 208,208,208 209,209,209 208,208,208 206,206,206 204,204,204 208,208,208 206,206,206 205,206,206 179,177,178 118,112,114 100,92,91 106,93,90 99,89,87 90,80,79 90,80,79 84,74,75 97,86,85 94,83,83 84,75,75 86,76,76 88,77,78 87,77,78 85,75,77 92,81,82 102,94,95 96,88,89 93,87,86 123,116,115 145,136,137 89,83,81 80,77,77 79,76,76 76,73,73 55,52,52 70,67,67 64,60,60 70,66,65 60,56,55 58,54,54 94,90,90 91,88,88 67,64,64 
