145,151,149 129,137,135 152,160,155 93,100,88 167,169,168 111,113,107 171,172,170 160,161,158 145,148,147 116,123,117 134,137,135 148,152,152 210,209,211 92,102,87 111,123,104 69,75,64 19,21,16 22,24,19 21,26,18 20,26,16 19,21,18 21,29,16 26,38,16 35,53,28 111,115,114 156,159,161 230,230,230 233,233,234 233,233,235 234,234,234 235,235,237 234,234,236 233,235,236 233,235,234 234,236,235 228,230,229 205,206,210 238,242,240 145,152,139 47,62,27 40,56,15 34,49,12 41,52,29 45,58,33 22,27,18 21,27,15 19,23,15 19,22,16 34,44,16 49,69,27 
55,56,55 63,63,64 57,58,57 44,47,43 47,48,45 44,44,43 49,50,46 62,62,62 66,66,67 203,202,204 216,215,219 202,203,205 243,244,244 145,142,149 146,145,146 74,80,73 26,31,24 22,24,20 21,25,18 36,46,28 30,41,25 45,55,49 21,31,14 76,88,78 48,53,52 142,146,149 168,169,180 228,228,230 233,233,234 234,234,236 235,234,236 234,235,236 233,234,235 231,233,233 232,234,235 236,240,237 243,247,244 174,180,176 53,68,33 38,54,17 38,51,19 32,46,13 52,67,37 41,55,29 20,24,17 29,41,16 25,35,16 23,29,18 46,62,23 26,37,14 
58,60,58 97,97,97 114,114,114 107,107,107 94,95,93 104,104,104 98,98,98 115,115,115 97,98,97 203,202,205 199,195,200 167,163,166 156,152,156 199,196,202 193,191,195 146,148,146 64,71,59 14,16,14 70,77,69 46,56,39 121,124,126 144,149,153 60,72,62 151,157,162 85,89,105 158,161,172 101,104,113 196,196,202 234,234,236 235,235,236 235,235,235 234,235,236 233,234,234 232,233,233 231,234,234 231,235,233 166,172,161 68,82,46 52,66,33 35,44,21 41,56,20 30,47,10 60,73,45 28,39,17 18,21,15 50,62,37 24,32,17 32,42,22 52,71,18 37,50,26 
64,65,65 70,70,71 77,77,78 75,75,75 53,54,52 65,65,66 52,52,52 60,60,61 58,58,58 147,147,142 212,210,210 125,125,122 105,108,94 206,206,206 191,187,194 188,189,190 134,135,135 55,62,55 166,171,168 153,157,154 229,229,232 238,238,239 240,240,242 222,222,228 99,103,110 82,86,86 170,170,179 236,236,236 234,234,234 235,235,235 235,235,235 233,234,235 232,234,233 222,221,226 235,239,238 134,144,126 53,71,29 40,53,24 32,42,21 43,57,13 38,57,11 43,54,31 54,67,36 25,33,18 22,29,16 30,42,19 25,33,17 52,71,14 40,58,12 36,54,12 
70,70,71 84,84,85 93,93,94 76,77,76 88,88,88 58,58,57 50,50,51 55,55,56 50,51,49 166,168,168 142,145,138 151,146,151 132,132,129 189,189,189 185,183,184 203,200,206 128,124,131 185,183,190 211,207,214 225,223,227 235,234,236 224,222,227 240,240,240 228,228,230 135,138,155 96,101,102 193,194,204 235,235,236 234,234,234 235,235,235 235,235,235 233,234,235 231,233,234 222,221,227 234,238,238 86,96,73 50,67,25 30,42,18 26,33,20 50,67,13 58,69,44 23,30,16 51,67,32 23,30,16 27,37,17 31,45,13 31,41,16 58,80,7 37,55,12 28,40,13 
103,104,100 165,163,163 161,158,162 166,164,166 149,149,150 173,172,174 171,171,172 78,79,79 152,152,155 158,162,152 101,104,94 159,160,152 209,206,212 184,182,182 134,135,129 144,140,144 228,227,230 217,212,219 221,218,224 224,221,226 224,220,227 218,216,221 238,238,238 233,233,234 157,158,170 219,219,224 227,226,230 235,235,235 235,234,235 234,235,235 233,234,234 226,227,230 231,231,233 210,209,215 171,173,174 124,132,114 49,66,33 40,51,26 34,42,24 111,119,99 70,81,54 38,58,9 36,53,14 29,42,19 39,54,14 41,55,15 21,27,17 63,86,9 32,44,17 23,30,18 
55,64,48 144,146,143 180,180,183 179,179,183 211,210,213 204,203,205 193,193,193 135,136,138 199,201,204 132,136,131 114,118,108 207,207,207 192,188,194 173,169,171 155,151,158 225,224,226 228,226,229 231,229,233 198,192,203 200,193,205 218,215,222 235,235,236 237,237,238 234,234,235 225,224,227 237,237,237 236,236,237 235,235,235 235,235,236 235,236,235 230,231,233 203,200,212 199,196,208 202,199,209 175,175,177 76,89,51 54,66,36 85,92,77 53,62,44 91,99,84 36,58,10 34,55,8 43,58,27 24,33,18 42,56,13 32,43,15 20,24,17 64,89,13 34,47,22 22,28,18 
200,201,205 111,114,110 109,110,106 156,158,151 222,220,224 237,237,240 186,186,187 180,181,183 194,192,199 146,146,149 200,200,201 185,185,184 133,133,126 158,151,157 131,128,132 159,159,153 171,173,167 193,188,196 220,216,223 222,220,224 237,237,237 233,233,234 237,236,237 235,235,236 236,235,236 236,236,237 234,234,235 235,235,235 235,235,236 233,234,235 224,224,228 231,232,233 215,215,222 201,199,210 118,126,109 155,159,153 108,115,97 151,152,157 90,98,80 41,59,10 32,51,8 25,36,18 30,44,21 22,31,18 27,36,18 26,31,19 25,34,16 56,77,16 35,52,20 23,30,19 
218,217,221 203,203,205 111,118,108 59,63,52 175,174,176 229,228,234 225,224,229 211,210,212 165,164,167 135,133,138 161,159,158 206,204,207 187,186,187 152,152,148 90,97,78 70,83,49 124,125,118 185,183,186 233,230,235 225,224,228 223,221,226 228,227,229 235,235,237 236,235,236 236,234,235 238,237,237 228,227,231 231,231,232 231,231,234 233,234,234 218,217,224 224,223,227 231,235,235 169,167,177 139,142,142 205,207,209 135,139,135 131,134,126 63,80,26 35,56,9 25,38,13 28,41,16 30,42,20 32,44,20 31,44,22 18,23,19 28,40,15 44,66,19 25,35,19 23,27,21 
180,184,183 174,175,174 205,207,208 129,134,127 109,110,106 218,217,220 225,224,228 182,181,182 121,123,117 108,107,103 140,142,135 165,165,162 177,179,177 123,125,122 91,96,85 74,87,54 164,170,157 194,194,194 203,199,205 210,207,213 178,177,180 223,223,224 237,237,239 236,236,236 235,234,234 236,236,235 230,230,233 219,218,226 225,224,230 217,217,223 221,219,227 220,220,225 224,227,227 200,199,208 193,194,195 132,138,130 182,184,183 118,127,110 50,69,14 32,51,11 32,52,10 28,42,14 39,53,26 38,53,26 21,27,20 19,22,19 29,39,17 41,63,8 28,40,19 20,25,21 
218,219,224 222,222,228 227,227,233 214,214,218 128,131,128 161,161,159 208,207,210 154,157,153 55,61,45 149,150,145 197,198,199 149,151,148 174,175,174 118,122,118 114,117,112 87,91,82 178,179,177 153,153,154 232,232,234 229,228,232 207,206,210 232,231,233 237,237,239 236,236,236 235,234,234 232,230,232 205,204,214 188,186,200 188,186,199 175,171,191 192,187,206 212,212,219 211,213,217 192,191,199 185,186,188 224,228,227 176,180,167 144,153,124 51,70,12 37,54,11 29,44,13 28,39,17 26,36,19 27,38,22 20,25,19 20,24,19 27,34,19 40,61,8 26,35,18 22,26,21 
220,220,225 217,218,223 223,223,229 226,226,232 165,167,165 123,124,127 209,209,213 180,180,180 79,81,74 192,191,195 215,214,215 233,232,238 123,125,117 89,89,87 76,79,72 107,109,101 110,113,106 183,182,185 240,240,242 238,238,240 239,240,241 239,238,239 237,237,238 235,235,236 234,233,233 235,234,235 234,234,235 236,236,238 226,226,231 206,205,215 147,143,157 156,158,159 197,196,204 185,183,191 179,182,180 180,184,180 121,133,101 60,82,23 55,73,19 45,69,9 29,39,17 24,35,16 26,36,19 23,30,19 26,35,20 22,28,20 21,26,20 29,39,16 27,35,19 22,26,21 
219,220,222 219,219,222 225,225,230 177,181,179 137,142,133 151,152,155 166,167,171 193,193,194 134,133,135 185,182,182 70,78,50 211,210,210 201,200,203 110,111,107 130,132,125 77,80,68 138,136,139 209,206,212 232,231,235 239,239,242 239,239,242 239,239,240 238,238,238 235,235,236 232,232,232 233,233,232 237,239,239 167,170,175 64,70,67 77,83,81 43,45,34 42,49,34 57,60,50 182,181,185 231,233,233 131,137,126 90,102,64 63,85,13 45,68,17 42,66,12 26,37,17 26,38,15 26,34,20 37,51,15 29,42,19 25,32,19 23,27,22 26,34,23 25,31,23 22,27,21 
223,223,224 220,221,223 217,217,221 202,204,206 127,133,127 140,141,142 218,217,226 230,229,237 200,200,203 134,131,129 148,150,144 193,192,195 194,192,196 216,215,219 135,133,134 126,126,127 226,224,229 195,192,197 204,204,205 239,239,242 240,240,242 239,239,241 238,239,239 236,236,236 232,232,232 230,231,230 201,206,206 105,112,106 55,62,56 56,61,55 74,75,78 40,42,36 42,45,34 79,85,70 169,171,166 136,143,128 59,84,15 52,74,13 37,60,13 36,59,12 28,42,15 19,23,20 37,50,19 30,41,19 29,39,24 28,35,21 24,30,22 37,51,20 24,29,22 22,29,22 
222,223,224 220,221,223 202,202,211 199,197,208 214,214,217 128,131,129 144,141,147 217,214,223 189,187,183 85,82,80 207,205,208 242,241,247 159,158,162 180,178,181 146,142,150 238,237,240 240,241,243 241,241,243 240,239,244 240,239,244 240,240,245 241,241,243 240,240,240 237,237,237 236,235,235 223,225,222 83,96,83 41,50,43 45,53,44 42,50,40 44,48,44 38,41,34 43,44,37 59,66,45 105,113,93 73,92,50 62,83,17 35,57,13 43,72,10 41,66,14 30,46,16 25,35,20 56,73,22 25,31,26 23,28,23 24,30,22 35,48,20 45,65,21 30,41,25 24,31,24 
194,194,208 207,206,214 228,229,227 226,226,225 222,223,222 201,202,203 140,140,143 185,183,189 92,95,81 68,68,64 227,226,229 223,221,225 121,118,122 171,167,173 187,184,189 241,242,244 240,241,243 240,240,242 240,239,244 242,242,246 238,240,244 241,243,245 244,244,243 242,242,241 244,243,242 128,139,126 45,56,52 49,54,52 47,53,48 65,70,68 54,61,53 55,61,54 46,50,39 60,69,41 53,74,20 45,65,15 52,75,16 40,65,14 52,79,15 48,72,19 33,52,17 43,57,21 48,68,19 23,30,24 21,27,23 22,28,22 47,66,18 46,63,23 33,47,25 27,36,26 
226,227,228 227,229,228 229,229,228 220,220,223 229,229,230 220,219,222 214,214,214 133,135,137 74,80,72 101,101,104 232,230,235 233,233,237 119,117,118 187,184,188 208,207,212 239,239,242 239,240,243 240,240,244 240,239,244 171,174,176 76,92,78 91,108,95 130,144,128 213,217,212 238,237,235 88,96,86 81,84,90 80,84,82 38,44,34 62,72,59 49,54,46 54,62,49 54,58,47 67,73,55 56,73,21 42,62,13 49,73,14 47,76,14 43,68,18 34,53,17 30,46,21 61,81,16 39,55,19 23,30,23 21,29,23 23,30,24 55,75,18 40,55,23 37,52,26 29,40,28 
225,226,228 226,227,227 227,227,228 169,161,178 213,211,216 226,226,227 214,215,215 99,103,104 72,71,74 187,187,188 201,199,206 237,236,241 96,93,95 165,163,169 241,240,244 240,240,243 241,242,244 241,242,245 181,184,184 61,74,67 45,61,53 90,106,102 69,84,73 71,93,65 109,126,107 125,132,125 84,91,85 54,63,51 34,42,29 32,40,29 36,44,29 52,56,50 42,45,39 40,45,37 52,68,31 37,53,18 49,73,17 43,68,19 31,52,18 30,48,19 35,53,26 69,93,12 34,50,24 24,32,25 22,29,24 23,32,23 50,69,16 36,49,26 30,41,27 29,42,28 
226,227,230 226,227,229 174,174,187 120,115,134 145,139,156 231,231,230 236,236,234 213,213,214 132,132,137 174,173,181 175,174,179 132,128,139 159,156,161 245,245,247 241,241,244 239,240,242 241,242,244 243,244,246 198,200,203 46,56,55 76,83,90 74,85,87 93,107,97 63,86,58 54,77,50 57,76,49 58,66,56 39,46,39 38,44,36 38,49,36 42,51,38 45,53,42 43,48,41 40,44,41 38,47,32 50,68,21 50,75,16 48,76,16 39,65,18 36,57,27 38,57,26 70,92,14 33,47,27 25,33,25 22,29,21 30,42,22 32,41,14 37,48,28 31,43,27 28,42,24 
223,224,228 225,226,229 211,212,218 107,104,123 141,136,153 231,231,230 234,234,232 239,239,237 174,174,179 38,36,38 52,49,58 174,173,180 133,130,141 239,239,239 241,241,243 234,235,237 235,237,238 241,243,245 182,185,188 75,85,91 143,148,156 115,123,126 70,83,76 35,48,40 47,64,46 44,67,41 40,53,41 84,87,90 61,64,60 48,58,48 67,77,65 63,68,62 52,58,49 58,63,59 82,89,83 51,69,23 65,96,16 46,76,15 40,62,26 31,48,29 43,63,28 41,58,24 26,36,28 29,34,30 18,25,14 19,28,16 22,27,15 23,29,18 21,30,17 24,32,18 
219,221,228 220,222,228 223,224,229 152,145,164 200,199,210 227,227,229 206,209,214 190,194,199 180,181,188 102,99,106 125,121,128 157,155,164 173,172,180 236,237,235 237,237,238 235,235,236 217,220,222 164,171,168 114,124,125 75,82,91 87,97,101 87,96,97 80,85,88 81,86,85 69,85,71 35,54,38 51,57,54 90,92,94 88,87,86 107,108,109 40,52,31 42,49,40 56,62,54 52,59,50 69,77,71 58,75,44 60,88,30 45,71,25 41,65,28 31,47,27 27,41,27 31,46,30 36,46,37 36,42,37 22,32,15 32,43,19 29,36,19 17,21,12 33,47,20 37,58,18 
217,220,227 217,220,227 218,221,228 156,148,168 162,162,179 221,223,227 168,174,182 138,145,152 176,181,188 75,73,77 81,78,92 185,185,190 238,240,237 236,238,235 238,239,237 238,238,238 106,117,110 81,94,87 126,133,138 97,103,112 82,91,95 66,78,76 57,69,65 67,72,71 82,97,89 32,54,33 62,73,67 131,129,133 78,81,78 83,88,87 31,42,24 50,57,46 48,52,45 63,72,60 74,91,66 73,95,57 55,80,42 48,72,33 37,56,27 32,48,30 32,50,32 40,57,40 32,43,34 40,47,42 19,30,16 42,60,24 23,29,14 23,31,16 29,44,19 28,46,17 
218,221,230 216,219,228 218,221,229 150,140,160 201,201,212 218,222,226 204,207,215 149,154,163 144,145,156 38,35,39 232,233,234 236,238,236 234,236,233 224,227,226 219,222,221 230,232,231 77,90,80 78,94,84 49,67,49 48,58,53 43,55,44 40,55,43 34,51,33 34,48,29 48,66,48 27,42,27 93,100,98 81,88,82 42,52,39 49,60,50 33,42,29 61,72,52 54,59,54 32,45,32 48,68,35 52,74,37 45,68,37 42,63,38 35,53,24 33,50,30 33,53,34 34,51,34 28,33,27 45,52,47 19,31,17 28,40,18 24,34,14 31,43,22 27,40,16 24,41,21 
169,176,181 172,179,183 190,195,203 141,135,149 166,171,178 185,193,195 222,226,230 128,137,129 60,62,65 56,57,50 153,163,153 159,168,161 159,168,162 135,146,137 84,97,84 84,100,79 43,63,43 44,61,44 31,47,31 41,51,42 42,54,43 34,45,35 33,51,29 38,55,28 58,78,45 35,50,33 59,71,68 92,100,97 37,47,35 46,59,43 36,46,29 46,63,39 65,68,65 40,59,33 54,77,36 56,81,37 45,67,29 46,69,43 44,70,29 36,55,26 38,57,29 31,46,30 22,33,20 34,40,34 25,38,21 23,34,19 22,30,17 37,51,20 33,49,22 37,51,26 
74,85,76 68,78,72 66,77,71 77,89,80 108,118,114 87,99,80 83,97,73 78,91,70 47,50,41 54,54,47 64,79,64 55,70,58 68,85,63 69,85,60 60,76,55 54,74,45 36,54,31 28,42,26 45,59,39 47,64,41 42,57,49 27,43,28 29,43,23 41,62,28 51,73,40 36,52,26 81,95,75 158,163,167 56,63,61 76,86,76 46,59,31 49,65,45 54,62,46 43,63,35 67,97,48 64,89,37 53,76,45 45,67,40 46,70,38 51,72,21 43,65,39 25,38,23 22,37,21 38,45,37 17,27,16 29,43,31 30,44,29 27,38,15 23,36,21 36,50,36 
51,60,62 57,66,66 64,75,71 71,82,73 78,88,88 48,60,60 59,73,60 58,72,58 49,53,44 48,48,45 51,65,54 53,68,56 58,73,55 54,70,51 59,75,53 35,51,32 24,36,22 32,47,25 49,67,45 43,63,44 39,52,40 21,34,23 21,33,19 44,62,32 51,71,50 55,74,43 45,62,36 78,92,84 39,50,40 54,60,52 42,57,35 52,73,40 56,66,44 49,72,45 64,86,45 47,65,43 50,74,48 48,71,35 41,63,42 33,56,29 34,53,32 29,43,23 34,51,37 55,60,55 35,50,36 34,53,30 26,39,18 24,35,20 19,29,16 32,46,36 
45,54,59 49,58,61 48,57,60 52,61,63 61,69,80 41,51,55 51,62,55 43,54,51 41,43,38 50,50,47 47,60,51 45,56,48 34,45,41 32,42,37 48,61,46 48,61,41 27,41,25 38,52,33 39,55,35 44,64,48 46,56,48 23,36,22 24,40,20 56,74,52 36,52,42 42,58,44 44,61,33 48,62,50 37,43,35 54,62,55 44,59,37 52,63,43 66,73,55 44,65,41 46,62,41 54,78,48 54,77,45 52,77,38 44,68,46 37,60,39 39,60,35 42,66,36 41,61,40 70,74,70 25,38,23 29,46,26 24,40,17 28,45,24 26,41,28 32,46,32 
98,106,91 77,88,68 87,101,82 88,97,84 81,90,79 58,69,59 66,75,66 61,66,66 48,45,41 55,53,50 61,69,56 55,59,48 59,67,54 62,71,62 80,95,68 77,82,58 57,74,43 62,77,49 85,100,68 90,106,79 94,93,71 54,59,45 61,72,47 73,84,64 94,105,82 101,115,89 104,118,95 108,121,105 72,76,70 79,82,82 70,84,67 65,75,69 77,84,79 45,62,46 53,68,53 70,96,52 67,80,70 54,73,59 33,51,37 48,63,59 52,75,50 45,70,35 39,59,42 81,85,82 37,47,39 31,49,30 25,42,24 24,42,23 30,44,35 24,36,26 
96,108,82 103,115,84 108,120,85 106,118,83 102,114,80 95,106,76 92,103,76 92,107,77 65,65,51 69,71,57 93,101,78 89,99,72 89,102,70 88,103,71 90,106,71 88,109,71 70,93,57 61,84,51 76,100,62 73,99,58 69,86,53 60,74,48 87,105,76 100,110,101 99,106,100 116,124,115 143,149,143 145,145,145 77,72,71 77,85,70 90,108,85 83,108,73 74,84,69 62,78,60 68,75,61 73,83,56 110,116,119 66,82,69 57,70,63 43,60,48 42,68,38 44,65,35 43,62,37 90,94,94 41,61,37 28,43,23 25,35,23 29,47,30 32,48,37 69,83,82 
139,132,124 134,127,117 134,127,117 133,125,117 126,120,110 129,123,114 128,123,112 129,123,113 74,65,60 96,88,82 126,117,111 121,113,106 116,109,101 104,107,90 93,99,77 74,88,56 63,80,53 59,83,53 58,83,56 58,83,57 52,71,46 50,70,42 62,78,51 112,109,104 150,143,153 154,149,161 125,128,113 96,110,68 74,66,58 78,68,56 90,98,65 99,120,68 87,100,69 95,119,73 86,113,64 69,85,53 74,91,60 51,66,42 50,66,41 37,50,31 55,76,42 54,72,44 69,82,59 97,102,104 42,59,37 30,39,23 43,51,40 26,39,26 43,55,45 45,54,41 
143,134,130 146,135,132 140,129,126 141,128,126 138,127,125 137,124,124 133,120,119 127,114,113 72,61,59 103,91,91 127,114,114 126,115,113 117,105,103 120,110,108 121,112,109 118,110,103 105,108,88 98,107,85 98,98,89 91,94,85 92,92,85 94,92,85 96,89,85 119,109,113 114,109,116 114,109,117 100,94,94 72,90,57 79,83,66 77,70,67 74,62,66 77,59,66 91,81,81 92,98,84 100,106,97 76,80,67 72,74,62 83,85,78 70,75,65 54,57,48 51,61,45 46,58,43 46,61,40 103,107,110 33,45,30 28,39,23 20,32,16 27,37,24 31,45,19 32,48,31 
151,137,138 150,135,135 146,131,131 141,125,126 141,127,127 142,128,127 137,126,124 137,127,125 72,62,58 106,96,92 117,116,101 109,112,95 112,114,98 109,115,92 103,111,83 91,107,64 90,111,65 93,113,70 110,115,91 110,118,90 106,115,87 97,114,79 110,108,101 120,112,119 112,109,119 105,100,111 101,96,102 78,99,69 78,106,67 74,92,65 87,88,79 81,77,72 80,67,70 85,82,81 89,90,86 85,85,83 82,92,81 79,88,78 86,89,83 95,94,91 99,98,95 85,90,81 70,78,66 78,82,86 36,47,37 29,43,27 33,43,29 34,44,29 36,51,27 33,47,32 
144,130,130 146,132,132 139,128,126 139,126,125 131,121,117 129,119,115 122,114,108 120,113,105 63,56,48 84,84,72 87,100,67 83,100,61 81,99,56 84,100,56 94,107,69 96,107,69 89,102,61 91,106,61 102,112,75 107,118,79 101,114,75 95,112,78 129,124,133 130,123,135 128,124,136 118,113,127 112,108,120 98,104,94 88,114,76 84,116,72 76,103,69 84,87,72 85,85,75 85,86,78 79,82,74 87,89,85 88,79,82 92,85,87 96,94,93 102,102,101 108,106,108 94,98,97 86,89,89 76,79,83 52,56,52 42,52,40 37,49,34 55,65,50 35,48,31 29,43,27 
132,121,116 131,120,114 132,123,118 126,117,111 128,117,114 122,117,107 105,107,88 97,104,80 64,59,48 77,80,60 83,100,61 85,99,60 89,102,63 81,89,47 79,90,58 86,97,63 91,102,61 94,108,70 95,107,69 99,111,67 97,111,68 116,119,110 138,130,143 133,128,140 137,133,146 132,127,142 119,115,129 113,109,119 100,115,85 97,126,84 95,124,80 89,109,79 91,97,79 101,100,89 91,91,89 79,75,72 83,76,75 97,92,94 101,92,97 112,103,108 130,126,130 113,118,109 118,119,122 78,81,86 95,93,97 55,68,54 66,76,64 48,60,46 46,59,41 42,53,42 
123,115,107 122,113,107 124,118,111 122,115,109 119,114,104 92,102,74 88,101,66 87,100,66 66,63,47 78,79,54 81,96,51 77,88,48 78,87,52 66,69,45 66,76,47 71,83,47 97,108,71 91,96,62 96,103,65 85,97,53 97,104,76 142,132,143 138,130,143 140,134,147 144,140,153 139,135,149 124,120,136 118,114,130 114,114,109 96,123,80 105,133,88 104,134,88 92,115,79 90,100,76 99,93,82 88,87,81 92,82,84 91,83,86 96,92,94 101,96,98 110,100,105 106,99,100 135,127,132 84,83,89 95,93,95 97,98,98 53,68,52 58,73,55 96,100,93 61,67,57 
131,121,118 112,112,98 106,109,88 104,112,81 92,103,66 91,102,63 87,99,61 84,96,60 61,64,38 74,78,45 80,93,49 78,90,50 83,94,57 84,93,56 72,81,48 80,89,54 82,89,53 91,96,60 100,111,71 101,102,76 134,125,127 144,135,147 137,129,141 141,134,148 146,141,155 138,132,147 129,123,140 125,121,138 119,116,125 98,117,81 96,125,77 108,137,90 103,135,82 98,122,85 87,95,72 94,87,72 90,85,79 102,101,101 94,84,88 99,97,95 106,103,103 115,109,110 109,90,99 118,117,125 85,84,84 120,119,123 85,94,86 56,73,47 83,90,88 97,99,103 
109,114,92 100,112,73 92,106,67 87,100,56 89,102,58 91,103,59 87,99,56 78,89,52 59,71,37 70,78,46 72,83,49 58,66,39 73,83,50 72,80,45 86,95,53 87,94,58 93,101,60 87,100,58 89,105,59 102,103,83 146,134,143 141,132,144 136,129,143 137,130,143 144,138,152 137,132,146 131,125,141 129,124,141 123,119,135 119,117,113 92,117,72 97,125,78 100,133,84 95,127,78 90,110,75 82,86,71 97,93,77 99,92,82 95,91,90 102,95,97 111,100,104 121,113,117 113,97,104 123,123,130 95,90,94 114,100,106 103,91,94 112,114,105 95,99,91 102,103,104 
98,114,67 87,107,52 88,105,58 90,104,56 88,101,55 81,92,53 75,84,46 66,79,46 57,66,40 49,53,30 50,53,32 54,62,37 73,82,48 83,92,51 80,85,51 90,100,56 96,105,61 92,95,61 84,84,62 128,118,117 145,133,142 141,132,141 137,129,141 139,131,144 143,135,148 140,133,147 134,128,144 131,125,143 127,123,140 123,121,132 102,114,83 98,125,80 94,126,75 95,126,76 91,120,69 94,106,84 80,87,68 92,89,69 97,87,77 89,84,79 96,93,92 93,79,84 99,79,85 124,125,131 104,101,104 142,132,140 146,132,141 122,108,115 90,89,81 90,91,90 
78,96,45 78,95,50 81,95,49 81,90,49 74,87,47 71,81,50 60,68,42 56,63,38 52,59,38 38,41,26 58,62,40 63,71,44 77,88,49 83,91,50 71,78,41 84,97,48 90,94,53 94,96,68 116,109,96 148,137,141 143,132,140 138,130,142 137,129,140 136,128,141 141,135,148 141,134,149 132,125,142 132,124,142 129,123,142 123,119,137 127,123,126 100,105,83 92,112,74 100,128,77 92,121,72 92,119,71 98,113,86 88,97,75 83,81,61 102,92,80 85,78,71 87,85,81 78,65,64 112,113,119 83,83,81 104,101,96 125,114,117 138,128,133 148,140,145 77,73,71 
61,78,35 65,81,43 71,84,46 68,81,46 61,74,46 68,80,51 60,72,46 59,66,41 61,67,46 53,58,34 72,81,52 77,87,47 70,77,43 62,73,37 73,86,47 74,85,45 80,85,54 98,98,73 133,122,119 144,133,138 137,128,139 132,125,136 135,127,138 140,132,144 143,136,150 139,133,148 136,129,145 133,126,144 132,125,144 129,124,142 128,123,137 125,120,118 111,119,99 101,123,81 91,122,70 92,119,71 88,114,65 95,113,84 88,91,77 82,82,62 92,85,71 85,79,69 79,73,69 112,113,117 74,70,68 80,71,66 97,91,89 104,93,97 125,122,120 97,91,89 
57,70,40 56,69,39 67,80,47 65,76,46 58,70,48 58,69,43 67,79,49 65,73,41 62,67,41 73,81,46 68,78,42 70,78,38 53,57,29 44,51,25 57,64,33 76,84,51 103,112,74 100,95,76 142,131,134 141,131,140 136,128,139 133,125,137 133,127,138 140,132,144 148,143,156 140,135,149 132,123,139 134,126,141 132,123,137 131,125,140 124,121,136 128,126,127 96,114,86 97,114,81 81,103,61 81,106,59 80,104,57 83,110,63 91,102,81 85,85,73 77,82,55 87,81,63 81,75,65 115,114,118 81,82,84 70,70,61 79,68,66 90,79,82 91,81,83 96,86,81 
65,79,46 66,78,45 67,79,43 68,74,48 65,74,45 55,67,40 61,72,45 58,67,30 71,78,42 71,82,48 68,78,40 64,73,37 60,67,38 55,64,34 77,84,57 95,109,62 92,97,59 128,118,112 141,128,132 141,130,139 135,126,138 128,119,129 136,129,140 139,130,141 143,137,148 141,133,146 140,131,144 139,132,146 136,127,141 132,126,142 126,121,137 127,123,135 121,116,113 104,114,90 93,98,81 75,86,61 79,97,62 82,107,62 78,101,59 96,103,91 80,79,67 81,77,59 80,75,57 120,118,121 69,70,72 76,75,79 74,69,64 64,52,55 55,52,53 75,60,63 
76,87,54 77,86,66 80,90,64 78,84,59 70,70,50 65,65,47 69,75,50 70,79,46 69,83,40 67,78,42 63,68,39 67,74,42 72,79,51 80,90,56 86,98,62 85,93,54 93,87,59 134,117,115 138,127,135 138,128,138 131,121,131 128,118,128 136,129,139 138,128,139 138,129,140 142,134,147 135,128,142 140,133,148 143,135,149 140,132,147 144,135,151 131,127,140 131,128,135 105,101,89 91,95,81 100,98,92 87,94,72 78,98,59 78,99,58 82,98,65 94,100,86 84,81,74 77,73,59 106,107,103 74,74,79 72,71,74 92,83,78 77,70,64 80,56,57 76,61,68 
63,73,43 238,233,222 235,229,214 232,224,203 231,223,204 228,219,195 222,215,199 195,192,176 70,85,42 68,77,44 54,55,32 68,76,49 78,88,52 79,92,52 78,92,49 74,81,49 106,98,86 139,126,129 134,123,133 135,124,134 128,119,128 126,117,128 143,134,143 144,136,147 144,138,150 139,133,145 133,127,140 140,134,148 147,140,154 142,135,148 144,136,151 136,130,144 126,122,134 115,108,106 100,107,90 106,108,101 93,104,81 85,103,67 83,103,62 76,92,60 83,94,66 100,100,97 91,84,82 101,99,98 80,81,85 74,70,68 107,98,92 86,77,69 51,48,45 69,66,61 
55,63,42 237,232,221 232,223,200 227,224,202 219,197,154 228,221,203 226,220,205 192,189,170 65,79,42 65,78,41 69,77,47 70,80,52 75,85,52 69,82,44 70,75,45 80,77,57 124,112,109 133,121,126 129,118,127 130,119,129 125,116,127 125,118,128 146,139,149 143,135,146 142,136,148 145,139,151 144,138,151 135,130,144 129,123,135 130,122,133 137,127,139 133,124,139 126,121,135 128,126,129 106,112,97 103,115,95 87,105,74 82,104,64 79,105,59 79,101,60 74,88,57 81,86,67 93,91,92 98,98,97 95,96,102 70,65,59 111,97,85 97,87,77 54,53,51 72,68,60 
56,62,44 234,227,206 233,225,202 222,219,200 195,183,158 235,225,206 232,223,199 197,192,171 59,69,34 62,72,41 64,71,43 61,64,49 64,70,42 74,81,46 76,76,50 109,97,92 135,124,127 127,116,121 130,119,127 124,114,124 121,113,123 133,125,134 145,137,146 141,133,145 139,131,142 141,134,146 147,141,154 140,135,148 135,130,143 133,126,139 137,129,141 140,132,145 131,124,139 122,118,129 122,118,114 81,81,66 73,86,62 79,98,66 79,103,60 79,105,60 73,91,54 80,93,64 80,84,68 95,97,92 108,109,117 72,69,67 75,66,51 81,71,56 43,41,39 76,69,59 
55,60,35 236,232,220 231,221,191 230,223,204 207,201,187 216,209,193 219,212,193 198,194,176 52,54,30 52,49,32 53,53,42 66,71,55 70,78,55 59,56,39 81,71,59 124,112,112 129,118,121 127,116,121 128,117,125 125,114,122 142,132,140 148,138,148 146,137,147 142,134,146 140,131,142 140,133,144 146,139,152 143,138,151 147,139,151 138,130,144 130,124,138 132,125,140 128,121,136 122,118,131 128,125,128 118,104,100 106,103,94 96,107,84 80,97,65 80,105,61 74,95,54 75,86,59 73,73,58 79,83,68 114,117,125 71,70,70 78,70,60 70,63,49 45,43,40 89,78,64 
67,71,42 238,235,227 234,227,207 227,222,208 213,208,193 210,207,194 209,205,189 201,198,183 61,64,43 63,57,47 76,69,56 69,66,52 66,68,43 75,67,55 101,85,82 126,112,117 125,115,118 124,114,119 124,114,121 134,123,130 148,138,148 152,143,152 148,137,149 144,137,147 140,132,142 142,135,145 148,140,152 144,137,150 148,141,153 142,136,149 136,129,141 126,119,133 126,121,134 126,121,133 122,119,125 125,119,118 104,94,89 85,92,69 72,78,58 73,89,57 58,62,46 95,98,81 103,106,92 36,36,35 39,39,39 53,57,61 113,114,103 75,77,60 42,42,42 67,62,45 
58,62,36 115,115,112 115,113,110 112,110,105 110,107,97 107,104,100 110,107,99 100,99,94 72,74,50 81,70,59 79,80,56 73,69,52 71,70,49 84,69,64 112,99,99 129,116,121 123,112,117 124,115,120 124,114,120 136,125,133 146,137,149 157,146,155 149,139,148 147,138,149 144,138,145 147,142,149 149,141,152 146,139,151 148,140,154 141,135,147 133,127,140 129,122,137 130,124,137 125,121,132 122,119,126 126,122,122 117,107,105 99,92,80 86,94,71 76,80,64 79,75,69 84,81,72 86,81,74 46,44,40 61,61,61 52,52,51 88,86,74 66,67,55 47,45,42 66,68,47 
53,54,30 64,64,64 66,66,66 39,39,39 30,30,30 30,30,30 30,30,30 33,33,31 71,69,56 81,75,67 78,73,62 69,65,51 73,69,58 101,87,88 133,120,125 128,116,122 125,114,118 127,117,121 130,121,125 130,119,126 149,142,152 159,150,158 148,138,147 143,133,145 139,131,140 144,137,149 148,142,150 144,137,149 144,137,149 140,133,146 129,123,136 126,120,133 126,122,135 122,119,131 118,115,126 121,119,123 120,118,116 96,88,85 71,71,65 64,63,58 69,66,63 58,58,52 72,68,65 59,53,52 73,72,74 49,47,46 58,59,52 75,73,73 68,65,63 51,50,44 
