31,38,26 44,48,38 35,43,18 51,68,19 58,74,23 35,44,25 32,36,25 38,42,25 39,39,29 31,31,19 34,37,25 41,42,38 100,95,121 36,38,35 38,39,25 34,35,21 43,45,27 49,46,35 41,37,24 41,35,26 38,39,23 63,57,57 61,71,56 61,71,43 53,62,39 54,64,45 93,90,96 124,118,132 127,129,123 229,229,229 227,227,226 98,98,92 48,43,39 93,87,97 92,92,92 94,94,90 48,48,46 52,52,49 37,41,34 41,49,31 31,33,28 40,43,36 67,66,61 44,45,40 30,31,28 30,32,28 23,26,22 24,26,22 22,24,21 22,24,21 
62,62,64 52,53,54 42,44,40 42,45,37 42,44,37 35,35,33 38,39,35 38,39,35 33,33,30 30,30,20 41,40,33 30,31,22 57,59,62 50,52,51 71,73,80 44,47,43 56,58,52 54,56,45 39,40,25 76,75,75 59,58,53 73,63,71 139,135,143 62,72,49 49,62,40 56,68,46 94,93,100 128,122,138 147,144,155 231,231,231 157,157,160 55,55,46 50,45,40 71,74,63 123,124,120 68,70,66 62,62,60 55,54,51 24,28,25 41,50,26 53,55,51 63,63,60 78,76,72 37,37,34 39,41,36 30,32,29 24,26,22 21,23,21 22,24,20 31,35,30 
83,83,83 107,107,107 115,115,116 96,98,93 87,88,84 95,95,91 83,83,81 93,94,91 70,71,68 40,41,26 39,38,35 30,32,25 65,65,74 66,69,67 92,92,103 71,67,82 59,60,64 33,35,22 44,45,32 62,65,53 51,57,39 60,68,48 83,81,82 102,96,106 53,65,44 76,79,78 102,99,110 166,161,177 126,124,132 233,234,235 75,79,66 55,56,49 45,42,36 79,81,79 53,57,52 55,56,55 48,47,47 106,106,104 38,40,34 44,54,26 37,39,37 56,56,53 71,71,62 35,37,32 23,25,22 54,56,52 24,27,23 20,23,21 61,61,59 48,50,44 
77,77,77 77,77,77 72,71,72 53,54,54 39,41,36 41,42,37 38,40,34 36,37,34 40,40,38 54,56,39 65,67,70 27,28,22 72,70,86 49,49,51 80,79,87 50,53,47 38,40,34 41,44,30 46,45,37 56,56,54 41,45,31 63,70,48 103,98,107 84,72,87 45,47,29 96,98,94 133,129,144 168,163,181 138,134,149 196,196,198 54,62,36 59,59,56 45,45,33 65,69,68 80,82,81 66,66,64 50,52,52 130,127,129 72,71,68 70,72,67 146,143,144 71,71,71 109,110,98 31,33,31 24,26,24 41,41,36 24,26,23 42,44,42 92,87,88 46,49,49 
77,77,77 83,83,82 85,85,84 64,65,61 60,60,58 34,35,31 34,35,32 34,35,31 34,35,31 62,61,57 78,77,81 31,35,23 88,87,99 47,50,45 60,65,57 30,32,19 32,32,23 31,33,18 47,47,38 41,45,29 50,51,48 59,55,64 58,57,60 55,55,46 52,57,33 112,117,101 138,135,149 141,140,136 175,172,172 93,94,80 55,59,44 53,56,42 51,51,42 91,92,100 56,59,56 59,61,64 82,80,83 125,122,125 63,60,54 66,64,62 69,69,70 130,126,131 115,113,109 28,29,25 27,29,22 31,35,30 32,35,31 57,59,58 40,42,34 32,35,27 
194,195,189 117,127,92 65,73,40 45,52,30 46,51,25 40,45,31 31,34,22 32,35,24 44,46,36 73,72,63 76,74,83 26,31,22 39,39,40 85,84,90 97,105,91 33,41,19 38,43,25 43,51,31 36,46,23 37,46,25 44,49,33 62,60,62 63,62,66 53,62,42 58,67,37 122,126,113 172,166,172 124,124,122 209,209,209 71,73,58 43,49,29 64,66,62 44,41,40 77,78,92 91,93,98 75,76,83 138,136,143 95,95,97 42,38,30 54,56,54 58,61,62 92,91,100 51,54,53 28,29,24 24,26,13 32,38,22 21,25,11 25,29,14 26,29,14 21,22,10 
121,128,108 73,89,43 52,67,33 43,51,30 51,60,37 38,44,27 41,44,30 48,48,36 47,51,39 38,40,26 54,56,47 24,27,20 28,30,24 61,62,63 116,115,122 37,43,24 81,80,80 93,93,95 49,51,41 36,41,22 42,50,28 39,46,23 42,46,29 58,63,49 57,72,40 69,70,53 78,79,61 144,146,138 206,207,205 45,52,28 51,58,36 46,51,33 51,47,49 164,161,166 159,157,165 182,179,183 118,117,135 54,57,53 46,39,32 53,55,51 61,64,64 112,110,129 88,87,103 43,44,42 24,26,15 25,31,16 22,26,10 24,27,12 18,19,11 18,19,12 
91,104,64 54,70,30 53,64,37 54,61,45 41,49,31 29,32,20 39,43,23 47,51,24 37,42,22 40,49,23 38,43,26 25,28,21 24,25,20 78,77,78 70,71,66 45,45,39 83,78,86 131,120,146 51,53,45 38,48,21 39,49,24 39,46,26 46,49,30 65,71,54 53,64,41 54,59,40 44,46,32 71,76,59 113,114,110 55,61,38 71,74,63 62,66,55 49,46,49 202,198,199 142,140,152 226,222,216 132,132,138 34,36,23 45,40,32 38,42,34 105,104,115 128,125,144 68,68,75 21,24,11 24,26,14 20,23,10 22,24,11 22,24,11 19,21,9 14,14,10 
80,94,59 51,63,32 46,56,29 76,84,68 47,52,37 31,38,21 34,42,17 44,51,21 39,45,24 43,55,28 34,39,21 24,27,20 21,23,19 76,75,80 52,53,48 71,73,69 87,83,89 114,110,117 52,55,44 37,44,26 37,46,22 38,42,23 49,46,40 91,88,88 38,36,27 56,53,40 37,41,25 54,57,42 55,62,50 80,82,78 83,85,81 145,143,153 67,63,74 217,210,208 172,167,171 203,202,200 55,60,40 42,41,34 52,48,47 103,104,113 155,152,169 77,76,96 21,23,16 17,19,10 22,24,10 23,26,10 23,27,10 21,24,10 19,20,10 12,11,10 
66,78,43 63,75,49 61,75,36 60,70,50 83,85,79 49,57,31 47,54,25 53,55,48 40,44,25 42,47,29 34,41,22 24,27,19 22,24,20 26,30,21 46,50,40 57,58,52 99,94,104 55,62,46 49,52,33 35,44,24 56,60,46 53,56,46 90,97,86 41,35,29 37,36,24 44,35,29 43,51,28 45,56,24 57,66,46 165,166,172 149,151,153 205,205,209 108,103,105 217,212,208 166,165,168 101,104,104 36,40,24 56,54,53 49,44,46 110,107,122 141,139,155 110,110,117 33,36,30 21,24,11 24,28,13 33,38,17 23,30,11 22,25,9 21,24,9 20,18,13 
83,101,52 66,79,41 65,80,45 76,86,53 148,149,131 68,74,50 43,52,21 62,66,40 55,59,36 57,63,44 38,45,27 26,30,21 20,22,18 35,38,36 55,56,53 58,58,56 122,121,128 55,59,44 48,54,33 37,45,25 49,54,34 54,58,39 113,114,117 40,40,30 34,31,23 50,41,35 39,46,27 51,59,35 58,69,44 223,223,227 215,216,216 178,173,175 132,127,130 223,221,217 168,167,169 64,70,58 43,48,35 54,48,46 80,74,90 132,129,145 107,104,122 52,54,52 50,54,51 28,32,16 23,28,13 34,41,23 25,31,12 22,26,9 21,22,11 33,33,22 
88,108,50 59,73,32 74,86,59 105,118,59 100,115,62 94,103,70 81,94,46 82,88,70 52,60,37 51,58,36 32,38,21 24,29,22 20,23,18 62,64,64 61,62,59 65,67,60 87,89,82 47,53,33 40,47,24 51,57,34 33,38,20 45,51,29 107,112,104 51,57,37 30,29,20 44,35,30 45,51,33 49,55,38 41,50,28 189,190,189 224,224,226 182,178,182 132,127,132 218,216,213 168,168,167 48,53,41 83,85,90 63,57,60 199,196,204 212,210,213 187,185,196 56,58,56 28,34,17 20,25,10 22,26,12 37,43,21 34,38,14 22,25,10 21,19,11 31,26,20 
83,101,38 51,62,28 77,93,50 97,115,55 92,112,50 84,100,44 70,89,50 146,147,144 109,110,104 67,72,52 33,39,19 26,33,19 24,27,20 82,84,84 137,137,141 52,56,46 104,108,104 55,64,44 42,51,28 69,75,55 51,56,37 71,78,57 134,135,119 44,54,24 31,36,19 38,31,26 64,66,56 45,48,37 51,57,46 166,170,166 223,222,224 181,178,181 125,120,125 219,217,217 203,201,203 98,96,105 128,127,134 66,59,63 228,226,227 212,210,211 181,180,190 60,62,60 28,35,13 26,31,13 23,28,11 41,47,20 26,32,11 22,28,10 24,25,11 39,32,21 
89,105,49 79,96,50 92,104,55 90,109,53 83,102,41 68,84,34 82,95,52 161,155,153 84,87,71 62,69,42 55,60,40 28,32,20 29,33,23 128,127,130 196,193,200 90,96,79 155,156,160 111,118,109 80,84,71 114,117,109 93,98,81 98,99,79 67,72,41 42,49,31 31,36,21 29,25,21 66,67,56 88,94,85 66,70,66 180,181,185 217,217,218 182,180,183 129,125,128 222,220,221 224,223,222 188,186,192 192,188,191 81,77,76 191,192,192 183,184,182 190,192,191 76,86,69 41,46,28 49,53,45 47,54,30 40,47,19 33,41,13 31,37,13 29,33,14 44,35,25 
67,81,37 97,110,51 97,117,62 88,105,50 84,103,46 82,99,43 82,92,49 108,100,87 88,97,64 65,72,49 107,114,92 32,34,25 31,35,28 90,92,88 205,205,204 130,135,122 214,215,217 191,191,194 128,128,130 118,117,120 101,102,82 67,72,48 41,45,31 35,38,28 33,34,27 34,31,25 92,93,82 159,158,160 129,132,136 210,210,212 210,210,211 184,183,185 97,90,84 145,136,126 168,161,154 209,206,207 159,155,157 70,70,61 97,107,91 100,106,98 82,92,78 60,70,47 50,58,44 39,45,35 42,49,25 65,74,40 58,68,39 35,41,24 45,48,32 47,40,28 
80,96,42 80,94,40 84,97,46 66,79,41 55,68,29 49,59,31 64,75,37 101,97,85 53,63,36 96,106,62 124,133,106 42,43,37 35,41,29 40,43,35 142,147,132 126,122,113 191,189,190 140,136,134 139,139,139 116,115,116 84,87,67 36,42,25 29,34,20 27,29,20 32,32,27 40,36,31 64,61,53 86,86,85 162,165,164 207,207,209 207,207,207 129,126,132 82,72,61 108,93,78 118,104,91 201,197,198 118,112,114 113,108,107 167,164,165 169,164,168 73,78,72 63,74,57 83,88,82 104,105,106 117,116,116 88,90,76 126,127,123 122,122,115 85,88,73 55,48,35 
79,94,38 65,82,39 86,99,49 58,67,30 62,76,32 75,94,44 69,86,46 96,98,83 67,80,43 90,102,62 98,110,79 58,63,45 35,40,26 28,31,22 85,95,60 129,123,123 184,179,185 119,116,121 159,158,160 91,90,85 63,66,50 31,34,23 37,38,33 53,53,48 76,74,71 43,39,37 66,62,54 89,91,88 203,204,203 205,205,206 203,203,205 120,118,124 89,78,72 130,116,109 146,134,127 211,208,211 95,87,88 153,150,145 183,181,172 166,165,156 126,118,109 109,111,94 122,125,106 138,139,120 124,126,103 120,125,97 108,117,91 99,110,82 76,78,54 73,71,50 
68,82,36 63,68,34 81,84,54 69,76,32 73,89,39 58,71,41 57,72,40 95,101,86 69,79,48 69,85,47 97,111,69 66,74,58 33,38,24 29,35,24 82,90,63 159,154,157 195,195,199 168,165,168 160,156,156 114,112,111 114,115,106 103,103,101 116,114,109 131,128,122 90,88,82 92,87,86 68,62,54 122,123,118 202,204,203 208,209,209 175,178,171 129,129,120 123,113,106 148,138,119 157,151,127 195,195,175 76,68,65 115,119,97 110,116,92 103,113,82 109,106,95 108,108,96 104,106,89 98,95,89 107,102,93 94,93,80 96,96,84 105,105,90 71,62,51 86,79,71 
117,122,83 123,127,87 123,128,81 74,80,41 105,115,53 61,76,59 40,45,30 59,69,49 51,59,40 52,64,42 150,146,136 73,77,64 30,37,24 30,37,26 63,71,45 111,114,97 197,196,195 176,174,170 74,74,57 117,112,102 150,152,138 155,157,147 103,101,88 93,93,80 64,65,52 80,77,65 70,66,49 104,116,63 97,110,49 124,138,59 122,137,45 98,107,42 104,103,57 111,120,46 112,126,56 114,125,69 67,60,50 120,135,82 118,134,82 115,132,77 119,135,84 126,134,94 114,123,81 112,121,87 114,121,91 99,106,77 103,110,87 119,121,104 67,56,45 118,119,110 
152,148,142 157,152,151 110,104,91 88,82,68 118,116,116 61,74,73 42,46,33 47,57,39 58,60,44 48,53,38 96,81,77 60,65,47 34,42,25 44,51,35 59,67,46 130,128,120 135,130,122 106,102,82 53,54,35 109,96,74 72,90,42 55,69,27 39,46,21 35,42,20 35,40,21 40,44,22 60,53,41 43,55,19 58,73,20 70,87,28 85,106,47 87,98,57 88,96,62 105,121,71 114,135,76 111,124,76 77,74,59 115,132,79 109,118,77 111,123,77 118,129,80 114,120,77 107,108,75 121,134,80 118,135,77 115,126,75 118,130,78 107,116,70 76,69,48 106,120,73 
132,127,125 129,121,121 111,106,99 118,110,99 117,108,96 80,77,63 33,36,26 36,38,29 88,91,63 82,84,57 83,63,62 60,61,43 34,40,27 36,41,28 81,84,64 132,130,121 116,116,88 95,108,64 86,101,52 66,74,40 73,96,41 67,92,32 63,85,29 64,85,30 63,86,30 62,79,34 74,67,53 76,97,48 82,107,53 89,111,57 88,105,59 80,85,58 90,98,65 79,84,54 62,64,41 58,53,42 72,64,54 68,64,42 67,59,44 78,70,49 95,91,61 97,89,61 96,87,63 109,109,75 105,115,70 112,121,78 102,114,69 82,88,52 91,88,62 100,115,70 
121,115,82 107,111,70 98,105,62 98,101,62 84,92,49 69,77,44 54,55,37 55,52,41 98,100,65 105,100,71 97,87,79 89,91,78 41,47,33 33,38,25 86,88,72 97,102,62 81,101,47 82,102,50 79,99,46 69,83,41 66,81,37 67,81,36 69,78,38 70,78,38 68,74,39 62,62,38 74,64,55 64,59,43 71,70,49 72,72,52 68,67,48 69,66,49 84,82,59 86,81,59 87,83,56 84,78,60 91,82,67 105,101,69 112,108,73 114,111,74 106,105,67 99,99,61 115,111,76 101,101,63 92,97,62 109,107,72 112,110,74 91,79,59 110,101,80 144,136,114 
103,95,67 94,95,59 90,90,52 91,86,56 91,85,52 84,82,53 87,81,56 94,91,64 102,98,75 107,102,92 120,114,116 80,83,72 49,58,41 36,43,27 65,69,43 68,80,36 74,73,53 77,80,54 80,81,53 78,78,51 82,80,52 82,79,52 83,76,53 82,75,51 85,78,53 84,76,53 91,78,69 92,84,63 92,87,62 94,93,61 96,98,63 96,91,68 102,100,74 99,99,65 101,100,67 101,89,70 106,96,77 98,94,67 97,92,68 95,93,62 99,99,63 79,84,44 74,81,43 97,100,64 83,90,51 83,87,48 99,92,69 81,68,54 97,87,64 103,98,68 
102,100,70 102,97,65 96,94,64 98,97,64 101,95,67 106,102,73 101,96,78 116,110,103 123,118,119 126,120,121 128,123,125 73,79,62 48,58,37 44,51,34 90,80,63 78,72,53 105,102,77 98,94,69 83,80,56 83,78,55 85,80,56 86,79,57 87,78,58 81,78,52 80,75,50 87,74,57 114,93,80 89,79,61 85,77,60 84,80,59 91,87,65 95,74,58 96,83,64 94,91,63 92,90,58 96,73,57 117,107,103 92,90,67 94,90,65 86,81,58 87,85,57 76,78,46 67,73,34 71,78,39 69,78,38 90,94,57 97,94,64 80,60,42 103,92,69 95,92,66 
91,92,58 90,92,59 101,102,69 99,93,72 97,90,77 108,102,100 137,132,131 138,132,132 143,137,137 133,127,126 126,120,117 118,113,109 100,93,82 87,78,61 91,84,66 88,86,60 86,86,58 83,79,57 90,81,64 85,78,61 89,80,61 91,78,60 92,78,61 87,76,58 86,75,57 86,72,55 111,74,61 85,72,55 88,75,61 83,76,59 81,75,57 93,80,65 100,86,71 93,85,64 80,75,53 90,74,59 104,99,95 89,83,63 85,77,56 82,73,53 79,73,47 69,65,40 52,52,28 71,71,40 72,72,43 78,82,43 90,89,58 77,65,38 97,90,60 99,95,65 
93,90,64 97,96,73 104,97,87 119,112,109 136,129,129 146,140,139 142,136,135 136,130,131 133,128,126 116,109,105 108,99,94 97,89,78 94,84,69 97,83,69 90,84,62 88,79,58 85,74,57 86,77,58 89,79,58 88,76,58 89,78,58 90,79,60 89,78,59 93,80,62 90,76,59 82,68,51 116,96,77 86,76,58 85,79,58 85,78,56 84,75,57 86,71,57 91,81,62 96,85,66 99,85,67 95,78,61 89,76,60 85,76,56 88,77,58 91,78,61 88,75,57 88,74,56 83,69,50 83,74,50 81,72,50 81,73,49 79,70,47 81,67,46 89,85,53 91,89,60 
106,97,86 118,111,107 122,116,117 126,121,124 131,127,129 132,126,129 127,121,124 125,119,121 115,108,108 107,100,99 86,77,68 89,76,64 96,83,68 103,87,74 86,73,59 85,72,58 91,78,61 90,78,61 84,69,52 94,78,60 95,80,62 95,80,62 97,83,64 101,86,66 93,79,58 85,68,52 97,81,59 85,85,58 88,91,58 85,92,54 89,87,57 92,88,56 92,85,57 98,85,65 99,87,67 97,82,65 100,85,67 92,80,61 88,78,60 90,78,59 96,82,62 95,80,60 94,79,59 92,79,56 93,79,58 91,78,57 88,76,55 85,72,53 82,72,49 88,81,54 
129,124,128 131,128,131 133,127,131 131,126,127 130,127,126 130,124,121 119,112,111 107,98,91 107,97,90 72,63,61 89,75,65 98,84,67 102,86,73 102,87,73 94,78,66 95,81,65 96,83,65 100,85,67 94,88,60 98,81,64 97,81,64 99,86,63 94,83,60 100,84,63 96,79,58 90,78,53 91,84,55 92,86,58 93,87,61 89,93,56 86,88,54 96,92,60 96,84,61 102,86,67 102,85,69 92,84,61 89,79,59 93,79,61 90,78,60 89,76,59 86,74,56 90,80,57 89,79,57 87,77,52 88,76,57 91,80,59 85,74,54 86,78,55 87,76,54 84,77,52 
132,127,130 131,126,128 134,128,131 133,128,129 129,123,123 113,107,105 103,94,88 89,79,70 85,75,66 84,72,61 94,81,67 97,84,68 101,86,71 100,86,70 96,83,67 102,90,71 96,82,66 91,80,62 95,82,62 97,81,64 92,82,59 88,80,55 92,78,59 90,80,57 95,81,61 89,80,57 84,79,51 90,84,57 90,89,59 93,92,61 89,87,60 95,89,65 95,89,66 96,86,66 95,87,65 92,82,62 88,79,59 93,83,64 90,82,61 95,86,63 94,82,62 94,80,60 97,83,62 95,83,60 97,84,63 95,81,62 95,83,63 94,85,62 94,86,62 90,83,58 
115,108,108 116,109,109 114,107,106 105,98,95 119,109,98 108,98,95 104,94,88 101,90,77 97,86,73 99,88,73 102,89,75 102,87,72 101,87,73 102,86,73 101,83,71 101,91,82 90,82,68 95,79,64 95,78,63 95,78,63 98,84,64 96,81,63 97,83,63 92,85,61 105,90,70 86,86,54 96,90,62 91,90,60 88,92,58 96,93,62 95,90,64 98,89,69 99,91,67 94,87,59 93,89,59 97,87,64 94,82,64 98,85,68 87,79,68 83,77,63 91,80,61 99,86,65 98,82,64 94,81,59 95,82,60 96,83,61 92,81,59 93,82,61 94,82,61 97,84,68 
120,114,114 112,105,106 110,104,105 107,101,100 101,93,90 104,91,80 107,93,80 103,93,76 104,92,77 105,91,73 104,90,74 103,87,72 100,86,69 101,86,71 102,86,71 104,95,84 92,84,67 102,83,70 98,81,67 102,84,69 104,86,70 102,86,69 98,82,66 101,85,67 104,88,69 101,90,66 92,89,60 97,90,65 91,90,61 89,91,55 96,92,63 98,90,69 99,94,65 94,95,60 93,93,60 95,89,60 97,89,64 98,86,65 91,79,64 88,74,59 93,80,61 94,80,61 96,83,63 96,85,64 103,90,73 108,96,81 115,104,91 113,103,90 114,104,91 116,108,96 
129,122,123 108,98,99 105,97,96 104,93,89 101,91,80 106,94,77 100,95,74 104,96,77 108,94,76 101,87,71 102,87,71 101,87,73 98,83,70 100,89,70 103,84,70 101,84,71 103,86,70 107,91,73 103,85,72 109,91,77 108,91,75 105,88,71 104,86,71 101,87,69 110,93,74 108,90,71 105,90,70 101,94,68 101,92,69 97,96,63 98,98,64 103,95,67 94,88,61 94,89,61 94,93,65 96,86,65 92,82,63 101,90,69 101,86,72 113,99,88 115,101,91 115,104,94 107,97,84 104,94,80 109,99,87 102,93,79 99,91,76 93,86,70 101,95,76 101,91,78 
119,111,112 117,108,104 110,99,87 106,96,79 103,94,77 105,92,77 105,94,77 110,96,78 98,84,68 95,81,68 100,84,67 94,79,65 95,82,67 98,84,68 101,85,71 105,86,73 104,87,71 101,85,70 103,90,71 108,93,75 109,90,75 104,88,71 105,88,70 103,87,69 105,90,71 105,89,70 105,89,71 105,89,72 101,91,71 110,99,69 104,92,72 114,107,81 107,101,80 114,106,86 98,93,71 110,95,86 106,94,82 115,104,92 124,112,101 115,105,92 118,109,97 105,95,83 107,96,84 106,97,84 97,88,74 92,84,71 94,87,73 103,96,84 109,102,91 105,98,86 
112,104,88 111,102,80 107,98,76 104,93,80 107,99,85 112,102,86 107,95,81 100,87,68 87,77,57 103,88,68 99,83,66 106,93,71 99,84,67 105,89,72 101,87,70 103,84,70 104,90,73 100,88,73 104,91,71 104,90,73 105,87,75 105,90,72 105,88,73 110,93,77 116,101,82 122,106,89 121,105,92 107,93,82 114,101,88 115,101,90 110,98,87 106,95,82 102,93,81 110,101,87 121,109,97 122,109,100 106,97,82 110,99,88 104,93,82 99,89,77 93,83,71 103,93,81 104,95,84 94,84,70 105,95,85 111,102,93 112,105,95 112,104,94 108,100,90 99,89,78 
110,100,89 118,109,99 110,102,92 120,111,102 127,118,108 111,103,91 77,68,57 98,87,67 96,87,65 96,82,66 104,88,71 101,84,67 97,82,69 100,87,72 105,88,76 115,98,86 112,95,84 118,108,92 117,106,91 122,107,95 119,105,93 120,105,93 122,110,96 106,98,81 90,83,65 96,89,71 95,89,72 95,88,72 101,94,78 103,95,82 96,87,72 105,94,83 98,89,76 99,87,76 95,83,72 102,89,79 105,92,82 105,97,89 106,97,88 98,88,78 101,90,80 99,91,78 103,93,83 98,87,76 100,88,78 94,84,74 112,103,93 123,114,105 125,115,107 108,95,82 
135,125,121 125,116,111 141,135,129 141,134,129 120,112,106 75,68,59 75,64,56 101,87,77 106,90,80 116,103,93 115,101,92 124,111,101 128,117,108 125,115,105 120,108,97 116,104,93 108,97,88 107,94,84 113,101,90 127,115,104 126,114,101 113,104,89 106,98,83 89,84,68 92,86,69 89,83,67 97,88,74 100,91,79 99,88,76 103,92,82 100,89,78 106,93,84 102,91,81 96,87,77 103,90,82 95,83,74 101,88,76 100,91,80 108,101,91 107,95,87 106,97,88 113,105,96 114,104,96 103,92,82 102,90,80 99,88,76 97,86,75 97,86,75 103,93,81 110,100,87 
127,117,110 140,135,125 140,131,123 126,116,111 73,63,58 82,75,66 101,91,83 117,108,100 111,102,95 115,106,97 126,116,108 128,118,109 112,102,90 110,102,89 106,95,84 111,99,88 106,95,85 109,98,88 101,89,77 105,94,83 95,85,72 97,89,77 96,87,74 89,83,70 89,84,72 90,84,70 102,95,76 111,103,88 104,95,82 102,91,80 96,85,74 112,100,92 105,94,85 110,98,88 109,98,90 112,101,92 102,91,78 98,88,79 105,96,87 114,104,96 106,99,90 109,100,92 117,108,102 119,109,102 111,101,91 99,86,74 101,90,77 101,90,79 102,92,79 111,101,90 
108,99,77 100,92,68 95,85,65 86,76,64 118,107,100 121,110,101 119,111,102 110,102,90 105,98,85 106,96,85 106,97,84 99,90,77 99,89,76 97,86,76 96,85,73 101,91,79 100,91,81 96,88,78 91,80,69 97,85,75 99,87,75 101,93,80 95,87,76 83,77,67 79,75,64 90,84,72 90,84,71 101,87,77 101,91,78 108,95,83 99,87,77 110,97,89 115,104,95 101,90,81 99,89,81 107,98,89 102,95,82 104,93,84 98,91,79 100,93,82 105,99,90 96,88,77 105,98,91 109,100,92 106,95,86 95,84,72 93,83,68 102,93,77 97,86,75 94,82,69 
104,91,75 91,76,61 101,90,73 104,94,77 113,105,98 121,116,109 120,112,104 102,93,81 102,93,82 107,97,89 101,93,79 98,88,77 100,90,78 101,89,77 102,89,81 107,98,90 101,92,83 92,82,75 105,96,78 94,82,72 98,88,75 102,90,81 89,82,71 91,85,73 90,85,74 99,90,79 104,91,80 98,83,76 98,85,75 111,99,82 106,97,85 100,90,80 104,96,83 112,102,93 108,98,89 109,99,91 104,98,88 106,96,88 95,84,72 102,95,81 103,94,84 101,89,79 97,90,78 99,91,79 99,87,70 96,85,70 91,80,68 93,82,71 102,91,81 101,90,77 
103,91,75 107,91,77 104,92,78 114,106,94 116,106,101 126,119,113 120,111,104 107,98,91 111,101,94 104,93,84 97,85,74 95,82,72 96,86,73 103,91,83 107,93,86 96,87,78 105,95,86 99,90,77 96,84,72 102,89,73 99,85,76 99,87,76 100,90,79 97,89,77 104,98,86 93,85,73 98,89,78 102,91,82 100,89,80 102,92,78 100,88,78 104,96,81 105,94,83 113,102,92 113,101,90 103,91,78 104,92,77 102,90,78 98,86,73 90,82,65 101,89,76 93,84,70 88,77,65 89,79,64 95,81,66 92,81,69 92,82,69 94,85,69 96,85,69 94,85,67 
101,88,73 109,95,81 103,90,78 110,100,90 122,115,109 127,120,114 111,105,98 119,113,105 105,97,88 100,89,76 96,84,74 102,87,79 96,83,76 104,93,85 109,96,88 97,89,79 98,88,78 94,86,72 94,82,69 98,85,74 102,93,82 97,91,80 96,88,75 96,89,78 105,95,82 105,96,80 97,89,78 102,92,83 106,93,84 96,83,75 96,82,75 95,84,70 103,92,80 115,106,96 113,99,82 103,86,66 97,83,69 94,82,70 92,82,68 85,77,67 94,85,71 93,80,71 93,83,71 94,87,72 93,86,71 89,78,67 90,76,61 103,86,72 93,79,69 94,81,72 
108,95,79 102,91,75 109,96,86 116,107,98 118,109,102 120,114,107 119,113,104 117,109,99 101,92,76 101,90,78 103,92,80 104,93,84 109,100,91 109,100,91 107,96,85 99,88,79 101,91,81 101,90,78 94,82,72 107,98,90 104,96,84 109,100,90 101,94,83 106,95,81 110,100,89 103,94,81 104,96,86 109,98,88 105,93,84 103,93,83 96,86,74 88,79,64 93,84,69 105,95,81 92,79,64 93,79,67 98,85,69 92,79,69 94,82,72 93,86,69 93,87,67 107,96,81 86,77,74 88,79,76 91,81,76 84,77,75 85,76,74 85,76,72 56,40,41 80,73,69 
112,100,74 106,97,80 107,98,88 118,99,86 115,105,101 122,117,102 112,105,96 103,92,84 103,91,78 108,97,86 102,87,77 116,107,100 103,92,84 111,103,94 97,89,78 97,88,79 100,86,79 99,88,74 99,86,73 115,105,96 101,91,79 114,106,95 102,91,81 99,88,72 101,90,78 100,88,79 99,92,75 102,94,79 100,91,78 99,88,75 96,90,73 93,83,67 96,86,71 92,82,66 90,81,69 93,86,75 91,78,69 90,79,73 85,74,70 90,78,74 90,82,69 96,82,70 90,80,76 89,82,80 89,81,78 86,79,77 83,75,73 80,74,71 81,72,72 83,78,73 
98,88,68 233,225,208 233,226,209 237,234,225 237,234,226 238,236,230 238,235,227 207,203,194 107,98,85 103,93,81 95,82,72 107,94,86 106,91,80 106,98,89 110,99,92 103,94,86 101,86,78 99,89,76 98,88,74 95,83,74 100,91,80 103,93,82 101,90,73 98,88,71 95,85,68 96,83,72 95,88,68 92,81,68 99,90,74 100,85,77 95,83,73 94,81,73 93,82,76 87,77,68 92,85,64 93,86,72 88,79,76 88,80,78 88,80,78 86,77,75 87,79,76 91,81,78 92,82,79 89,82,80 88,81,78 91,84,80 90,82,78 86,79,76 50,48,47 84,78,74 
96,85,69 232,224,202 233,226,208 227,218,195 214,191,138 236,231,222 238,235,227 206,203,194 101,89,74 101,89,76 100,88,76 106,90,80 123,112,104 105,94,84 98,83,76 113,103,93 108,94,86 97,84,74 102,92,79 95,88,77 98,89,77 96,84,72 93,84,68 95,89,69 110,102,81 118,103,93 91,80,70 92,81,67 97,87,75 93,83,81 88,80,77 95,85,82 99,90,85 109,97,87 103,91,76 105,93,83 86,79,76 83,77,73 88,78,76 85,77,75 86,77,77 84,76,75 88,80,78 91,83,81 90,83,80 88,83,78 91,82,78 89,81,78 54,53,53 85,78,75 
91,81,65 229,224,202 232,225,208 218,210,191 193,180,148 226,219,201 239,236,227 207,204,195 97,85,70 101,93,76 101,85,72 103,88,79 114,103,93 102,90,77 98,85,70 104,92,77 96,84,74 93,85,78 90,85,76 85,80,72 86,80,73 87,81,76 92,81,71 94,83,71 100,90,74 88,80,76 81,74,70 87,80,78 90,82,79 90,82,80 88,81,78 94,85,82 101,93,87 100,91,84 97,89,82 93,86,79 92,85,80 83,76,73 88,79,77 87,78,77 86,77,75 86,78,76 89,80,79 94,86,83 98,90,87 93,86,81 91,83,79 89,81,78 44,43,42 83,77,73 
91,84,67 225,225,203 232,224,207 234,224,207 226,217,196 235,229,211 240,237,228 206,203,193 98,84,70 102,91,72 100,84,70 95,80,71 95,84,70 102,91,76 96,82,71 90,78,73 80,77,73 85,79,74 88,83,79 87,82,79 86,80,77 82,79,76 84,77,73 89,82,78 95,86,77 89,83,78 87,81,78 87,81,79 90,83,81 82,77,75 91,83,80 90,82,80 93,85,81 94,86,80 88,82,76 84,79,74 90,83,78 91,83,78 84,76,73 86,78,75 83,75,74 82,74,73 88,81,79 88,81,78 91,84,80 91,84,80 91,83,79 89,81,78 54,52,50 87,80,75 
87,75,63 229,223,205 220,212,194 222,214,197 227,219,199 238,233,220 240,237,228 205,201,192 103,89,76 108,95,81 96,86,79 91,82,78 94,86,75 99,86,76 100,90,83 92,86,82 90,83,77 92,87,81 92,87,82 86,82,77 91,85,81 88,83,79 85,81,77 88,83,79 85,81,77 89,85,82 90,84,80 91,86,81 97,90,85 90,84,81 90,84,79 91,84,81 87,82,78 94,86,80 91,86,77 87,81,75 89,81,76 86,78,74 85,77,74 86,79,76 93,84,82 113,105,103 108,101,99 36,36,35 39,39,39 53,57,61 113,114,103 75,77,60 42,42,42 90,82,78 
90,76,71 111,110,104 105,103,99 101,100,94 104,102,94 113,111,107 113,112,109 106,104,101 108,99,95 107,98,92 106,98,91 95,86,80 92,80,72 102,92,83 104,96,88 97,90,84 97,90,83 93,86,80 93,87,82 90,86,81 92,86,82 90,85,79 89,84,80 86,82,78 99,95,92 103,100,97 81,77,73 83,78,75 89,83,80 93,85,82 87,82,78 85,80,77 83,79,75 94,87,81 89,84,77 91,85,78 89,83,77 108,103,98 92,85,80 94,88,83 89,82,79 96,89,86 92,85,83 50,48,47 53,50,50 60,58,57 90,85,73 71,70,58 54,52,50 93,85,80 
102,87,81 64,64,64 66,66,66 39,39,39 30,30,30 30,30,30 30,30,30 39,37,37 107,100,95 111,102,97 120,112,105 114,104,96 116,106,98 120,112,107 113,106,98 98,90,83 97,89,82 97,90,83 95,90,83 90,85,79 90,85,81 91,86,81 87,83,78 83,79,75 82,77,74 86,79,77 85,80,76 85,80,77 90,85,82 93,86,82 86,81,76 84,79,76 91,85,80 93,86,82 88,81,77 92,86,78 98,91,84 100,96,91 82,79,76 70,67,64 72,69,67 61,57,54 72,69,67 65,62,61 64,61,59 61,58,55 66,61,58 77,74,71 72,69,66 62,57,55 
