193,194,194 192,195,194 196,196,195 193,194,194 190,192,191 190,192,194 200,199,196 198,197,195 194,193,191 194,190,189 196,193,190 197,193,190 191,188,185 187,183,181 185,181,179 183,181,178 184,183,179 183,183,180 183,183,180 179,179,177 176,177,174 176,177,174 176,177,175 176,177,175 179,181,178 179,181,178 179,181,178 181,183,180 185,187,184 191,192,189 189,190,188 190,191,189 192,192,190 190,191,188 193,193,191 191,192,189 194,195,192 203,203,199 201,200,198 203,202,201 209,209,208 222,222,222 227,230,229 229,231,229 223,224,221 87,79,64 67,60,44 70,62,45 71,64,46 74,64,46 
66,66,66 67,67,67 66,66,65 66,66,66 66,66,65 65,65,65 66,66,66 66,66,65 66,66,65 66,66,65 65,65,64 65,65,65 175,173,170 188,185,183 185,183,181 184,183,181 183,183,180 182,182,180 180,179,178 177,177,175 174,174,172 173,175,172 174,176,173 173,175,172 174,176,173 176,178,175 177,179,176 179,180,177 183,185,182 190,191,188 188,190,187 188,190,187 187,189,186 187,188,186 191,191,189 191,192,189 190,192,190 195,195,193 195,194,193 199,199,198 203,201,202 214,213,213 225,226,224 230,232,229 216,215,211 77,69,54 70,62,45 72,63,46 73,65,48 75,65,48 
66,66,65 90,90,91 126,125,125 133,133,133 120,120,120 126,126,126 128,128,128 119,119,118 126,126,125 132,132,132 73,72,72 96,96,95 173,173,170 189,188,184 187,185,183 186,185,181 183,183,181 181,181,180 171,172,170 160,161,160 162,161,160 161,161,159 162,163,161 163,164,162 163,165,162 164,165,163 164,165,163 165,167,163 168,170,167 175,177,173 176,178,175 175,177,173 182,184,181 186,186,184 187,187,185 188,190,187 187,189,187 190,191,190 191,191,190 194,194,193 200,200,199 210,210,209 221,221,219 226,224,222 166,156,150 68,59,44 71,63,46 74,65,48 74,66,47 73,59,39 
78,78,77 67,67,67 66,66,65 66,65,65 66,65,65 66,66,66 66,66,66 65,65,65 65,65,65 72,72,71 68,67,66 68,67,66 179,177,175 189,188,185 187,186,183 185,185,181 184,183,181 179,178,177 201,202,201 245,245,245 245,245,245 245,245,245 245,245,245 245,245,245 245,245,245 245,245,245 245,245,245 245,245,245 246,246,245 246,246,246 246,246,246 246,246,246 179,181,177 186,187,184 183,185,182 181,184,181 183,185,184 187,188,187 188,190,187 192,193,192 203,204,202 220,219,218 146,138,133 115,102,95 133,123,117 69,60,45 74,66,50 76,66,47 74,59,38 78,61,41 
66,66,66 73,73,73 76,76,75 74,74,74 76,76,75 78,78,78 69,69,68 67,67,67 67,66,66 67,67,66 68,68,68 69,68,67 181,180,178 190,190,188 187,187,184 184,184,181 182,183,180 178,178,178 201,202,201 232,231,233 231,231,230 231,232,232 228,227,228 233,232,232 227,225,226 246,246,246 243,243,243 232,232,233 234,233,232 229,229,229 233,233,232 244,244,244 175,176,173 187,188,185 181,183,180 177,180,177 179,181,180 181,184,183 186,188,186 191,193,191 206,208,207 159,154,150 120,113,106 136,128,123 127,117,109 75,66,51 77,66,48 75,61,39 84,68,49 91,75,60 
67,67,66 76,75,75 85,85,84 85,85,84 86,86,85 80,80,79 66,66,66 65,65,65 64,64,63 64,64,63 64,64,64 66,66,65 189,186,184 196,195,192 190,189,186 186,185,183 182,182,179 177,176,174 202,201,201 242,242,242 242,242,242 236,237,236 244,243,243 242,242,241 241,240,240 250,249,249 243,243,243 232,231,232 230,230,229 231,231,231 234,234,234 244,244,244 173,174,171 180,183,179 177,180,178 174,177,176 173,178,177 177,181,181 183,187,185 192,194,192 194,194,191 120,114,107 101,95,88 140,133,127 120,111,102 78,65,50 84,68,50 95,80,64 102,87,71 95,81,64 
181,180,178 178,177,175 176,175,172 176,176,173 176,176,173 173,173,170 172,172,169 173,173,169 169,169,166 163,163,159 162,161,159 165,165,162 195,195,193 200,199,197 197,196,193 192,191,188 184,183,181 177,177,175 178,178,177 194,194,194 192,193,192 189,190,189 190,190,189 193,193,192 187,188,187 188,188,187 185,186,184 195,196,194 189,190,189 195,196,194 191,192,190 197,198,196 169,171,169 171,175,174 171,175,175 170,175,175 171,175,176 176,180,180 185,189,188 186,187,184 132,126,121 129,124,119 119,112,107 141,134,130 125,117,108 105,93,79 111,98,83 110,98,83 89,76,60 77,67,53 
209,208,206 209,208,205 209,208,204 206,206,202 206,205,203 204,204,202 203,203,199 203,203,198 203,204,199 196,197,192 191,191,187 190,189,187 194,194,192 200,201,197 199,200,196 197,196,193 193,193,190 183,183,183 167,167,168 156,158,157 153,156,154 146,150,147 146,148,145 155,157,153 150,152,149 128,130,126 150,153,149 146,149,143 124,126,120 158,160,156 148,151,147 162,165,162 171,176,173 168,174,171 168,174,174 168,174,174 169,175,176 178,183,184 185,188,186 136,131,127 124,120,115 129,125,120 126,119,114 141,134,128 137,128,123 129,119,110 110,97,85 80,70,55 76,67,52 76,67,52 
212,211,209 207,206,204 205,204,202 210,209,205 208,208,204 207,207,205 211,211,206 216,215,209 214,213,208 210,210,205 202,201,197 196,196,192 197,197,193 203,203,200 206,206,204 206,205,202 205,204,200 195,197,195 183,184,185 173,175,178 172,175,174 166,169,166 140,143,139 171,174,169 156,159,154 153,157,153 141,144,139 162,164,162 171,174,169 173,175,170 161,163,160 173,176,174 180,184,180 173,178,177 171,177,177 170,177,178 173,179,180 181,185,186 139,136,135 132,128,124 135,132,127 134,131,126 139,131,128 140,131,127 135,127,120 97,86,75 71,64,49 65,59,46 66,60,45 68,62,46 
202,202,196 194,194,188 205,204,202 205,204,202 211,210,206 211,210,206 144,132,124 113,92,81 107,87,77 111,92,80 119,98,86 114,95,83 122,102,90 121,103,91 123,105,95 120,105,94 116,101,90 111,98,87 110,100,93 118,114,111 122,117,111 117,112,102 119,114,104 107,105,92 108,108,89 102,105,87 93,95,76 128,127,115 112,113,96 118,117,103 127,125,112 138,135,127 140,139,130 140,138,133 142,141,138 142,143,140 126,129,128 140,143,145 136,136,136 138,137,133 142,139,135 139,136,132 124,116,111 116,108,99 82,74,60 73,66,52 66,61,47 68,62,49 68,63,48 70,64,50 
83,94,52 129,136,107 209,209,205 189,189,181 210,209,205 211,210,207 157,147,139 156,139,130 156,138,129 155,136,128 153,131,122 151,129,120 150,129,120 145,124,115 134,109,99 133,109,99 127,103,92 122,100,88 122,107,99 107,95,85 99,88,73 100,86,72 96,82,65 88,80,56 79,76,44 74,73,37 83,74,52 83,80,50 75,74,41 69,71,36 85,77,52 88,81,61 95,86,70 96,85,72 97,87,75 96,90,81 132,136,136 142,144,146 147,147,147 149,148,146 143,142,138 106,98,92 75,65,54 79,71,60 78,71,58 76,70,58 76,69,57 77,70,57 77,71,57 77,72,58 
62,76,36 71,83,45 101,110,72 86,97,60 189,190,179 210,209,205 160,151,143 143,138,135 121,130,133 122,130,132 119,130,134 119,129,133 121,129,132 125,130,133 125,129,132 128,131,131 129,130,128 123,126,125 139,129,123 129,121,114 115,109,95 112,104,88 114,105,90 100,97,74 81,81,48 72,77,39 95,92,69 99,97,72 95,92,67 80,80,53 122,114,100 105,101,81 120,113,100 124,116,105 127,121,112 118,118,116 141,143,144 150,151,153 155,157,157 133,131,129 94,88,81 129,124,117 78,68,57 79,71,60 76,69,58 75,67,56 76,68,57 76,68,57 74,67,56 71,64,54 
85,92,57 83,89,61 90,99,60 75,80,54 102,105,77 183,181,172 153,143,134 111,118,121 72,116,137 73,117,137 57,109,133 82,121,139 56,110,135 79,121,141 57,111,137 64,115,139 51,108,134 44,105,130 108,106,103 119,110,103 107,101,89 94,90,68 104,96,78 96,91,70 67,70,37 68,72,38 85,84,55 78,79,48 89,88,58 85,83,57 96,93,67 92,90,64 106,101,84 121,115,104 98,95,87 112,113,111 150,151,154 154,156,157 110,108,105 77,70,62 96,89,82 136,132,125 78,71,59 76,68,58 77,69,59 76,69,58 75,68,57 73,67,55 75,68,56 74,67,57 
94,91,75 148,136,123 140,126,113 135,121,106 138,123,107 137,123,109 140,126,114 123,128,132 87,120,138 55,103,130 98,126,140 99,127,142 97,126,142 93,124,142 106,131,146 110,135,148 66,113,135 54,107,132 117,120,119 132,126,118 115,111,96 106,104,84 91,92,64 98,97,70 80,81,54 73,75,47 78,80,51 97,97,71 78,82,50 73,77,38 93,93,66 98,98,72 121,115,102 124,119,111 123,118,111 132,130,128 140,140,141 87,84,79 78,72,64 80,74,66 102,96,90 137,133,127 78,71,61 77,70,60 76,69,59 76,70,58 72,66,55 69,62,51 76,69,58 75,70,58 
94,98,74 167,158,145 163,152,141 161,150,138 161,149,136 159,147,134 145,130,119 114,115,117 58,105,130 67,110,133 63,108,134 84,120,139 62,111,137 57,110,138 64,114,140 56,111,139 59,112,139 39,105,134 111,117,117 134,130,123 117,114,100 110,108,88 99,99,76 94,94,67 77,79,48 78,79,54 66,70,42 101,101,74 71,76,44 94,95,67 85,88,55 96,98,71 118,115,102 128,124,116 119,114,109 100,95,87 69,67,61 74,72,66 76,75,68 77,74,66 105,102,96 137,132,127 79,72,64 76,73,64 80,76,67 80,76,66 83,77,68 89,83,71 87,81,70 93,85,74 
88,94,65 168,159,145 164,154,141 164,153,140 162,153,139 160,150,136 138,128,117 149,142,136 116,122,125 95,101,103 77,84,85 74,84,86 70,84,88 67,84,92 68,90,101 66,91,105 65,92,105 60,93,106 78,77,70 68,63,51 65,63,43 57,65,28 60,62,33 57,62,26 52,56,27 46,51,24 48,54,24 51,56,26 49,56,24 54,59,25 50,58,23 51,52,31 57,54,42 56,57,45 55,57,49 99,96,90 62,64,64 64,65,63 66,69,66 66,68,68 104,104,103 136,131,126 72,71,69 71,70,69 77,74,67 88,84,78 99,92,84 113,106,96 138,130,122 76,77,63 
74,80,52 168,159,145 164,154,140 164,154,139 163,153,138 161,152,137 143,132,120 159,147,138 158,144,135 145,131,122 108,86,71 71,53,40 32,25,20 30,24,22 32,25,23 33,26,23 79,58,44 47,35,28 30,24,20 33,33,29 39,38,29 45,51,26 52,60,25 44,52,24 43,50,23 38,44,22 38,46,22 43,56,20 42,51,21 38,43,22 35,39,23 32,31,27 37,36,33 44,45,38 38,39,38 109,108,106 33,33,34 39,39,40 43,42,43 44,43,43 100,98,100 137,130,124 45,43,41 39,37,37 55,50,47 83,70,59 120,105,90 171,164,155 185,178,170 44,49,35 
56,64,35 169,160,145 151,143,128 113,106,94 124,115,102 161,152,137 144,132,118 156,143,134 152,139,130 140,126,117 120,102,89 80,63,51 27,23,20 23,21,20 27,24,21 25,23,21 74,56,43 43,35,28 23,22,19 28,28,26 40,42,31 42,45,30 53,55,30 41,49,25 38,44,24 36,40,26 38,45,24 41,51,23 38,45,23 35,40,23 31,34,24 28,27,25 30,28,29 44,41,37 29,28,28 115,112,112 25,22,22 30,25,24 29,24,22 30,24,22 100,94,95 135,127,121 34,29,24 20,17,14 56,47,42 96,83,71 146,137,127 170,164,156 175,167,161 36,38,28 
30,34,20 165,157,141 152,145,132 53,47,44 52,46,42 161,152,137 145,135,121 152,140,130 149,136,127 138,125,115 126,109,100 90,74,65 35,31,28 28,26,23 26,23,21 26,23,21 72,56,45 48,38,30 22,21,18 27,29,27 36,35,33 39,39,32 57,61,31 41,48,28 38,42,27 41,45,27 35,39,26 41,48,27 40,44,26 33,35,25 27,27,24 30,29,27 33,31,32 48,44,39 24,23,22 119,116,116 26,24,24 32,30,26 27,24,19 33,30,21 107,101,102 130,122,115 38,31,27 21,18,15 60,51,46 109,97,87 156,151,145 171,163,156 164,156,151 39,39,30 
40,48,22 153,145,130 155,148,134 75,64,60 53,44,40 161,152,138 146,136,122 148,138,128 147,136,127 140,126,117 132,115,106 109,92,82 80,64,52 73,60,50 33,28,24 33,25,23 79,62,52 59,46,39 33,26,23 77,72,60 71,68,60 38,38,29 71,69,45 46,53,30 43,49,29 49,57,31 43,49,31 42,45,30 44,45,30 36,37,27 30,30,26 32,31,29 37,33,34 55,50,43 15,12,10 123,119,119 34,29,24 31,26,22 31,26,22 36,31,24 116,109,110 125,115,108 38,28,24 25,19,18 62,51,45 121,110,101 156,154,150 166,163,160 157,152,144 44,44,33 
24,27,18 143,139,119 157,150,136 80,72,66 49,38,33 159,150,135 148,136,122 148,137,127 148,136,128 143,129,120 137,121,112 115,100,91 75,59,48 78,64,55 33,28,24 30,24,22 78,65,57 62,51,45 26,23,21 72,66,56 72,68,60 27,27,18 80,78,60 45,49,29 46,50,30 51,58,32 46,51,32 51,52,35 54,54,38 38,38,28 33,31,28 34,31,30 39,34,34 64,60,52 23,20,16 128,124,124 69,66,63 36,32,27 35,30,24 42,40,30 121,114,115 117,108,100 35,29,22 23,19,18 53,43,38 135,125,119 61,54,48 59,54,51 149,145,139 45,42,34 
67,62,64 139,134,121 160,152,141 102,94,89 80,70,67 156,146,134 149,137,124 147,136,125 149,136,128 145,132,122 143,127,119 123,108,99 84,67,56 86,71,60 38,33,29 36,27,25 83,71,64 73,62,55 34,29,26 77,73,64 79,76,67 23,19,18 100,93,85 40,43,24 44,48,28 52,57,35 49,54,31 54,55,33 54,59,37 42,43,28 34,30,29 30,28,26 36,32,32 73,67,60 44,42,41 130,126,125 61,57,54 41,36,32 37,32,26 45,40,31 128,120,122 110,100,92 35,27,22 25,22,20 54,47,41 140,132,126 63,56,45 67,62,56 137,131,127 58,52,44 
44,39,29 128,114,102 148,136,122 92,83,75 57,46,39 139,126,114 137,125,113 144,135,124 150,137,128 149,134,124 148,131,123 130,113,106 92,80,71 91,78,68 44,38,34 38,29,26 84,73,67 80,68,62 32,28,27 88,86,80 88,85,79 26,21,20 108,99,96 26,23,21 38,39,26 56,57,42 49,52,32 55,55,36 56,56,40 35,30,28 35,29,30 35,32,28 36,33,32 84,76,72 46,44,44 131,125,122 41,33,29 44,37,32 47,37,30 48,38,32 134,125,126 103,91,85 38,30,27 33,30,27 63,56,53 148,140,134 118,113,110 133,126,123 127,118,114 75,67,58 
81,77,52 120,104,90 128,111,100 98,88,78 54,45,38 123,106,95 129,112,100 139,122,111 131,114,104 91,76,66 109,100,90 125,110,102 117,118,115 110,109,105 55,50,47 44,31,30 91,78,73 93,78,72 46,35,33 113,118,114 104,112,111 34,28,26 114,104,102 46,39,32 46,47,30 58,61,48 45,48,32 59,59,42 60,60,47 39,31,30 43,33,33 39,33,31 40,33,34 91,84,83 17,14,13 135,127,126 41,33,30 46,37,33 45,36,31 51,40,35 139,130,130 100,85,77 42,32,30 39,33,31 70,64,61 158,149,141 173,162,154 172,162,154 152,137,130 93,80,70 
102,94,91 143,135,130 120,110,104 105,97,87 126,119,111 125,118,109 112,92,84 141,102,94 104,79,67 79,62,53 76,65,59 54,44,40 40,33,29 36,31,28 30,25,24 34,28,27 81,73,69 93,81,77 35,31,32 44,40,37 42,36,33 35,30,26 117,108,105 43,40,33 43,46,31 49,47,28 47,49,30 69,71,52 68,65,59 29,26,26 31,27,28 28,27,27 41,37,38 79,77,76 25,22,20 134,127,125 40,34,32 47,40,37 48,41,37 48,42,39 143,135,135 95,82,75 38,30,27 43,37,34 72,67,64 123,114,107 95,86,79 141,133,125 147,132,124 97,84,75 
135,126,109 148,140,121 127,120,104 142,136,117 132,125,108 136,119,104 150,108,102 138,99,92 108,82,72 115,80,72 78,52,43 66,54,49 84,70,62 87,73,66 93,81,73 99,86,78 121,107,98 118,104,96 82,72,68 78,70,66 79,70,66 88,81,77 131,121,117 84,81,69 73,76,53 54,52,30 44,42,26 71,75,48 84,84,68 70,61,62 64,57,59 60,53,55 60,53,52 77,76,74 28,25,29 131,127,128 46,53,63 46,42,45 46,42,44 46,42,45 144,135,135 102,86,81 47,41,45 37,42,46 58,58,61 86,81,78 76,69,65 136,126,117 158,147,138 104,92,85 
149,142,123 147,140,121 136,130,111 131,125,107 140,124,109 147,108,101 148,109,101 136,103,95 102,80,72 99,76,69 100,77,68 99,84,78 106,91,83 102,88,80 104,91,82 110,96,85 115,100,87 117,103,90 107,93,80 100,91,82 97,91,85 100,92,85 109,100,92 98,96,78 79,75,46 76,67,40 57,49,27 61,55,31 91,86,63 113,104,94 112,100,95 111,96,91 82,73,70 56,63,71 50,68,91 115,118,126 48,63,82 48,61,79 49,60,77 47,61,77 137,124,122 131,109,102 118,95,89 100,81,82 93,86,93 88,91,100 93,99,108 121,122,122 148,144,141 88,84,84 
94,98,60 78,86,43 69,75,34 71,74,37 88,68,54 96,66,57 98,67,59 99,70,62 104,74,66 105,74,65 108,77,69 118,83,74 102,75,66 103,76,69 112,82,73 87,68,61 109,78,72 118,83,77 88,71,67 116,91,83 112,89,80 91,70,63 99,75,65 71,60,48 72,58,46 79,60,47 68,56,47 83,66,58 88,72,63 88,73,66 119,90,83 95,79,74 107,87,81 127,101,95 114,97,99 131,114,115 127,107,106 99,84,84 103,84,82 90,75,75 90,77,73 105,82,78 106,83,77 108,82,76 112,89,84 114,92,86 113,86,81 108,89,86 90,82,83 87,94,103 
89,95,40 87,97,40 89,96,44 88,94,43 95,81,58 107,84,72 110,88,76 105,84,72 109,90,78 110,91,79 115,97,85 118,101,88 117,99,86 120,104,90 121,104,91 116,98,85 117,101,89 126,109,97 113,99,89 118,106,95 102,92,83 123,111,101 120,108,99 87,79,72 101,91,82 118,106,97 101,91,82 98,82,73 104,86,77 68,58,53 103,89,82 99,85,78 76,64,58 50,43,38 36,31,27 86,72,64 98,84,75 98,82,71 80,68,58 72,59,50 57,45,37 85,69,58 94,78,66 88,71,58 95,79,68 95,79,67 96,79,67 92,77,67 87,74,61 97,108,87 
96,99,46 94,97,44 87,94,42 83,92,42 97,89,65 113,97,88 110,96,86 109,93,82 113,97,87 113,98,88 113,98,86 116,100,87 119,103,92 121,106,94 123,110,98 119,106,94 114,100,90 127,111,99 117,105,95 117,107,98 96,90,82 120,111,102 118,107,97 104,94,86 106,94,84 121,109,99 120,108,99 121,107,97 123,103,93 102,89,81 111,96,88 105,87,78 104,86,78 73,62,56 47,41,37 85,72,64 91,78,69 103,89,80 100,86,77 82,71,62 81,66,56 100,81,68 95,78,66 96,77,63 100,82,70 102,85,73 103,87,75 93,81,71 91,79,69 123,113,103 
95,98,47 89,91,45 85,91,44 80,86,42 98,88,68 112,98,89 109,95,86 112,98,88 112,98,89 111,97,86 112,98,87 116,102,91 118,103,92 120,105,93 123,111,101 124,115,104 125,117,105 128,116,106 128,120,110 127,117,108 126,118,110 125,118,110 126,117,106 118,110,102 119,110,102 125,114,105 123,114,105 125,116,109 122,106,98 122,104,96 117,100,93 118,92,83 130,100,88 101,84,75 92,86,77 89,83,76 106,95,87 124,108,99 125,108,99 111,95,86 116,99,88 110,92,80 112,97,85 114,93,79 109,90,77 107,90,77 103,87,76 96,82,72 93,81,71 109,99,90 
88,94,48 89,94,46 82,87,41 84,78,47 91,77,64 113,99,90 108,94,84 110,96,85 110,95,85 108,94,83 107,91,78 114,99,86 117,104,91 116,102,91 120,110,100 121,112,101 126,117,106 129,117,107 129,120,111 128,119,110 128,121,112 128,121,112 126,116,105 126,117,108 124,116,107 126,116,107 123,114,107 127,119,111 122,105,97 122,104,96 123,105,97 131,103,92 134,103,92 120,99,90 109,101,93 107,99,91 114,102,94 128,110,101 124,107,97 118,100,91 116,99,89 113,95,84 113,97,85 110,91,77 110,91,78 111,93,80 106,87,75 95,81,70 97,84,75 103,94,84 
82,89,41 84,87,43 81,81,42 91,78,58 100,89,75 115,101,91 109,96,86 111,92,80 108,82,70 104,89,78 104,75,63 110,86,73 117,105,92 119,106,94 120,111,101 122,112,102 127,118,107 130,113,103 130,120,111 130,121,112 130,124,114 130,123,113 129,119,108 128,119,110 126,119,109 128,118,108 128,119,112 129,120,113 124,107,99 124,106,98 123,103,94 134,101,89 136,102,90 131,112,102 119,113,105 118,110,103 119,106,98 126,109,99 119,103,93 117,98,87 116,100,90 113,95,85 114,97,85 110,91,78 110,91,79 108,91,78 106,87,75 100,84,75 93,79,69 85,72,64 
83,84,46 81,86,42 79,80,42 95,82,69 103,90,80 114,101,91 110,87,76 109,71,60 109,70,62 105,87,77 96,60,51 104,76,66 115,104,91 119,107,95 121,111,100 121,110,99 122,113,101 120,92,81 128,115,104 130,118,108 131,124,114 131,124,114 130,121,110 132,123,114 131,122,112 130,119,109 131,121,113 131,121,113 125,107,99 125,107,99 127,106,98 134,101,88 136,102,88 130,109,99 123,116,108 124,114,108 127,112,104 126,110,100 117,101,92 117,97,85 115,97,87 113,94,84 115,97,85 112,92,78 109,90,78 108,90,78 105,85,74 101,86,76 87,72,62 69,55,47 
94,94,79 81,86,69 90,87,75 130,127,124 116,110,105 107,84,73 108,87,76 111,92,82 111,94,84 107,89,79 106,89,79 111,98,87 114,102,92 116,98,87 120,100,90 113,93,79 107,91,79 117,92,81 120,101,89 123,107,96 125,112,102 129,117,108 130,114,103 127,110,100 121,97,87 127,111,101 127,115,106 128,114,106 125,108,100 120,102,94 123,104,96 128,100,89 129,101,89 114,94,84 94,84,76 102,88,80 107,88,78 115,95,84 101,85,75 95,77,66 96,77,66 98,80,69 106,88,77 109,87,74 107,84,72 99,78,66 97,79,66 99,81,69 91,76,63 87,74,62 
65,65,69 71,70,76 166,170,177 163,168,174 98,91,87 109,86,75 108,86,76 110,91,81 107,94,86 106,92,83 112,101,92 115,108,98 116,110,100 119,106,96 119,104,94 122,107,97 120,106,96 126,112,102 124,111,99 126,115,106 126,115,106 128,113,101 130,113,102 134,118,109 126,108,99 132,120,111 130,120,111 125,111,103 126,111,104 130,116,108 134,124,116 134,120,112 137,126,117 132,119,108 114,100,90 124,105,95 122,105,95 121,106,96 115,104,95 114,103,96 113,99,90 116,101,92 116,101,92 113,84,71 111,82,68 107,80,66 101,82,69 104,84,71 88,72,59 79,67,56 
70,63,58 91,86,82 117,113,110 107,106,104 58,48,42 103,82,71 109,86,77 109,89,80 107,95,86 109,96,87 112,101,91 114,106,97 116,110,100 118,106,96 121,107,97 123,108,98 123,107,99 125,111,102 126,114,104 125,114,104 128,118,108 129,115,103 130,115,105 133,118,109 129,115,105 126,105,96 129,120,112 122,106,99 124,109,102 130,116,108 133,122,114 134,122,114 133,122,114 131,121,112 125,111,103 126,109,100 121,103,93 119,105,98 116,105,96 116,106,99 116,103,95 114,101,91 116,99,90 114,81,68 111,81,68 109,83,69 105,84,70 103,84,71 80,67,56 90,80,72 
86,76,66 82,74,65 85,77,67 82,73,63 78,70,62 82,73,66 103,91,84 89,76,68 104,93,85 97,86,76 103,91,81 110,101,92 114,105,95 117,104,94 120,104,94 122,106,95 118,105,95 123,109,97 127,115,104 125,116,105 128,116,106 128,113,101 131,114,104 132,118,108 128,115,106 131,123,113 126,117,109 114,102,97 117,105,102 125,110,101 132,119,111 133,120,112 132,119,111 130,120,112 129,116,108 126,108,98 123,105,96 120,106,99 116,106,98 116,106,99 115,103,95 114,100,91 115,99,89 115,84,72 112,80,68 109,82,70 105,83,70 105,86,73 58,48,36 84,75,69 
88,78,68 78,69,60 76,68,58 74,66,57 72,63,56 80,71,64 66,58,51 62,56,48 68,60,53 80,71,63 101,93,83 97,86,77 97,88,79 97,87,77 82,72,62 103,90,80 113,102,93 103,93,81 106,96,83 111,102,92 117,106,97 117,104,93 119,104,92 123,109,98 118,108,99 125,115,106 122,112,101 110,100,95 110,100,97 120,106,99 127,113,105 128,114,106 131,119,110 124,113,104 125,112,104 124,107,98 121,103,95 113,100,92 107,98,89 112,102,95 110,100,90 111,99,90 113,96,86 113,85,74 111,81,68 106,82,71 103,82,68 98,81,67 61,51,41 94,86,82 
80,71,61 77,69,59 73,66,56 85,77,69 88,80,70 73,66,55 72,65,56 71,62,55 74,67,59 72,64,58 71,63,55 75,66,56 69,63,54 76,68,59 69,63,54 69,64,56 89,83,75 91,85,76 103,95,84 105,96,85 126,119,112 106,101,91 103,99,82 109,103,95 101,96,87 110,104,96 117,109,99 101,93,84 106,97,89 110,102,97 95,87,82 86,79,74 106,100,95 101,95,91 80,74,69 90,85,79 86,79,74 80,73,67 67,61,54 70,63,57 71,64,57 94,87,79 105,96,90 109,98,92 119,103,95 113,99,91 113,99,91 104,91,81 80,71,62 98,92,90 
81,73,63 77,68,58 87,79,68 104,94,86 88,79,69 80,72,62 85,80,68 80,72,62 78,71,62 83,75,65 85,77,66 80,72,62 79,70,61 75,68,59 75,69,60 71,66,57 91,84,76 92,87,79 82,78,68 119,114,104 94,91,83 83,80,71 89,86,72 87,82,73 85,81,72 92,87,78 94,89,80 81,76,67 83,77,69 102,97,90 87,83,78 100,96,93 116,112,108 144,143,140 117,115,108 108,105,99 90,84,78 79,70,64 78,73,67 82,77,68 79,74,67 84,80,74 105,99,95 119,114,112 104,99,95 115,109,106 116,110,107 118,112,108 73,67,64 91,88,88 
73,65,55 100,91,82 112,103,93 98,89,79 96,87,79 97,89,79 84,77,65 88,80,69 92,84,73 84,76,65 82,74,63 88,80,70 95,86,76 94,86,75 92,84,72 87,79,69 85,77,70 91,86,77 88,82,71 124,121,112 102,99,86 90,86,76 97,92,83 93,87,77 95,90,81 98,92,83 96,91,80 97,91,81 108,100,92 108,103,98 97,99,86 101,98,90 115,109,104 129,127,125 105,105,96 96,82,71 104,94,83 99,91,76 95,87,76 97,89,80 89,87,70 98,93,87 97,93,85 115,111,106 111,108,105 100,95,92 116,112,108 121,117,114 89,59,60 80,75,75 
103,93,83 129,123,116 137,131,123 131,125,118 134,128,121 127,121,113 127,121,113 132,126,118 130,124,116 91,84,74 89,82,70 105,97,86 107,99,88 101,93,82 93,86,74 87,80,69 88,82,72 108,102,91 94,90,79 115,113,103 125,121,110 113,107,96 108,103,92 103,99,90 109,105,96 98,99,84 98,94,81 96,90,81 100,94,83 99,93,85 124,122,117 122,120,112 136,134,127 147,146,143 129,125,120 115,107,97 91,81,72 94,79,67 98,89,81 103,92,78 99,93,82 105,99,91 96,92,84 98,95,89 115,113,111 116,113,111 112,109,105 118,115,112 71,70,70 90,88,87 
105,96,86 205,201,195 238,234,227 237,233,225 238,235,229 234,231,224 238,235,228 239,236,228 239,236,229 126,120,112 100,92,82 98,90,79 98,89,77 99,93,81 89,78,69 84,77,68 91,83,71 100,92,79 104,100,89 110,107,96 111,105,94 110,104,93 107,102,91 107,101,91 118,114,104 104,102,91 92,100,74 103,98,90 107,102,94 119,111,92 120,112,103 130,128,124 135,137,123 128,128,122 135,135,130 127,123,118 106,100,90 102,98,85 99,92,83 106,99,83 100,94,81 103,94,89 94,89,82 90,84,77 103,99,95 127,128,129 120,119,120 118,116,115 82,82,81 91,89,85 
105,94,85 205,201,195 238,234,227 233,226,206 230,223,206 227,204,154 238,234,228 238,235,228 239,235,229 137,133,125 103,94,84 96,89,78 97,90,79 89,83,71 88,80,71 85,79,69 87,80,71 94,88,76 123,119,108 117,114,102 113,106,95 103,98,88 105,100,90 104,100,92 112,109,98 113,101,88 133,130,123 112,108,100 103,97,88 108,101,93 126,118,108 133,131,118 133,131,125 125,125,118 133,132,128 135,134,130 120,115,109 113,107,95 105,99,87 103,97,87 95,87,79 94,87,80 102,96,91 94,86,81 92,87,80 113,110,106 124,125,125 123,122,123 84,83,82 86,85,85 
110,100,90 206,202,194 237,232,221 232,225,205 217,210,190 202,180,131 236,231,221 236,232,225 238,235,229 138,133,125 106,101,92 108,103,92 86,81,69 85,79,70 87,80,69 92,87,75 97,91,77 96,93,82 122,120,110 122,118,106 111,106,94 101,97,87 105,102,91 103,99,90 105,102,92 114,109,99 125,123,117 105,101,93 105,102,93 113,107,98 129,124,116 139,138,122 133,132,125 139,139,132 139,139,134 146,146,143 143,143,139 120,117,107 111,109,93 118,115,96 101,96,87 97,89,83 106,94,93 128,129,139 97,91,85 103,98,92 113,109,108 129,131,132 71,71,71 81,80,80 
104,95,86 205,201,192 235,229,214 233,225,206 224,216,195 216,209,193 228,218,190 223,216,200 230,224,209 136,131,123 105,100,90 94,88,77 90,84,73 91,87,76 92,87,75 102,95,83 109,104,92 104,101,91 127,125,116 109,106,95 109,104,94 105,101,91 107,104,95 108,104,94 103,100,91 104,102,94 113,111,104 102,100,92 101,97,90 106,103,95 129,126,121 144,144,139 136,134,128 122,122,114 118,116,108 128,127,122 137,136,130 136,133,128 118,110,98 109,106,86 103,98,89 102,97,90 97,93,86 100,96,94 116,114,112 113,110,107 120,119,117 124,123,123 74,73,72 84,84,84 
96,87,77 204,200,192 233,224,201 232,226,207 231,223,196 234,227,210 223,214,192 221,214,197 221,213,195 126,120,109 99,94,83 94,87,79 94,89,78 94,88,77 97,90,79 107,102,90 107,103,92 102,100,91 110,108,98 107,105,93 106,103,93 109,107,96 112,109,99 119,115,105 114,111,101 106,104,95 106,104,96 107,106,98 113,110,102 114,111,103 122,118,111 141,140,134 131,131,124 124,122,114 125,124,115 132,129,121 141,141,135 134,132,127 125,122,117 120,117,110 111,107,101 104,99,93 87,84,78 78,76,72 73,72,69 90,90,90 95,96,97 92,92,93 63,63,62 89,89,88 
94,86,77 200,192,172 234,226,206 225,224,197 224,222,201 232,224,206 234,226,209 232,224,201 234,226,207 130,124,112 101,96,86 101,95,86 97,91,80 93,88,78 101,96,85 106,101,90 105,101,90 117,112,101 108,104,94 112,109,98 111,109,99 113,111,103 115,112,103 116,113,104 121,119,111 128,126,120 120,119,110 108,105,97 120,116,108 115,112,105 115,111,104 128,127,121 112,99,95 110,102,96 123,122,113 130,126,117 137,136,130 153,155,153 142,142,138 118,117,111 145,144,140 138,136,132 55,54,52 35,35,35 47,47,47 84,95,104 155,151,125 114,118,83 44,44,44 92,93,94 
95,86,77 84,81,76 88,85,77 89,88,85 87,85,82 87,85,81 88,85,80 86,84,76 87,85,81 94,92,84 110,105,96 110,105,96 105,100,90 99,95,85 102,97,86 106,102,92 104,99,90 122,120,110 111,108,98 110,108,98 111,109,101 105,104,97 105,105,97 110,109,101 120,119,111 125,124,117 124,123,115 123,119,111 122,120,112 116,113,105 119,116,108 132,132,129 125,121,116 112,104,97 121,119,110 141,138,132 133,130,122 134,134,129 136,136,131 128,129,125 121,120,116 120,117,113 80,78,75 64,62,60 66,65,63 71,70,69 79,77,69 71,71,62 57,56,54 94,94,92 
