178,182,183 177,180,181 177,180,183 180,183,187 182,185,189 182,186,189 184,187,190 184,189,190 185,187,190 211,213,216 173,170,170 189,188,190 216,217,219 215,217,220 211,213,217 206,209,215 202,205,213 200,204,211 194,200,209 197,201,210 203,204,210 203,203,209 206,204,210 196,197,205 188,190,201 192,193,201 190,194,203 124,130,127 68,79,56 56,69,42 79,86,79 150,155,170 54,68,50 62,78,56 50,63,42 160,160,178 109,111,123 49,60,33 83,88,88 58,65,50 79,87,85 66,69,59 122,121,126 78,73,71 109,113,112 161,161,175 142,134,157 60,51,55 53,54,31 79,74,77 
69,69,69 71,71,71 69,69,70 71,71,71 73,73,74 70,70,70 71,71,73 72,72,72 73,73,74 206,210,211 146,144,149 187,188,192 214,217,218 214,217,220 213,216,219 208,211,216 205,208,213 200,204,210 203,206,212 194,200,209 202,204,210 203,204,209 205,204,210 195,197,205 190,191,202 195,196,202 192,195,203 149,152,156 70,79,56 83,95,79 75,83,73 89,97,97 78,89,86 57,70,43 59,71,48 128,130,144 151,150,164 90,94,97 83,87,81 108,112,123 108,108,116 115,117,120 121,115,136 89,81,94 129,124,135 178,176,195 169,164,189 129,128,133 67,58,66 44,34,39 
76,76,76 100,100,100 114,114,114 116,116,116 112,112,112 119,119,119 110,110,110 119,119,119 105,105,105 164,164,174 183,184,188 194,197,199 217,220,221 212,213,213 216,217,219 212,214,216 207,210,215 205,208,213 209,210,213 197,202,210 199,201,209 204,204,209 205,203,209 198,199,207 191,194,204 195,196,203 196,197,205 209,209,214 184,185,189 110,119,111 120,126,129 130,135,152 76,87,69 67,81,56 71,81,69 118,119,130 99,103,113 96,103,96 100,107,109 113,117,122 49,60,29 66,73,51 144,139,162 108,103,114 61,63,48 121,119,137 142,140,146 93,88,90 141,146,129 63,60,45 
69,69,70 68,68,69 69,69,70 70,70,70 71,71,71 72,72,72 72,72,72 72,72,72 70,69,71 209,211,215 190,193,190 159,161,150 170,172,161 177,178,168 184,185,178 213,215,216 210,213,215 208,211,213 208,210,213 197,203,211 200,203,211 205,205,211 206,205,211 202,202,209 194,197,207 198,199,206 202,202,207 207,207,212 191,193,195 106,116,109 170,173,179 127,132,141 71,86,56 85,96,90 127,131,145 95,99,111 111,119,120 111,121,125 157,160,173 113,122,110 68,76,57 69,75,63 105,106,113 97,98,102 53,56,42 79,74,78 77,79,58 67,69,53 79,83,61 65,61,49 
68,68,68 83,83,83 90,90,90 88,88,88 88,88,88 69,69,69 69,69,69 67,67,67 69,69,70 217,219,217 182,182,174 136,138,115 112,118,76 123,127,96 170,172,163 216,217,216 214,217,218 211,213,215 208,210,214 204,206,212 204,205,211 206,206,210 207,206,209 203,203,207 202,203,210 201,203,209 205,205,209 209,209,214 147,151,146 118,125,128 119,126,125 100,110,103 111,117,122 105,112,124 155,155,177 182,186,199 141,147,157 87,94,94 102,107,107 90,99,83 57,65,41 85,90,89 130,133,142 97,103,100 59,62,48 92,92,101 63,60,50 54,58,39 73,73,61 67,56,54 
178,181,182 178,181,182 179,182,183 180,182,183 181,184,183 180,182,181 182,184,183 154,154,158 191,192,191 209,211,206 141,144,120 99,103,67 88,96,41 87,94,47 150,152,135 193,194,190 215,218,217 214,216,217 209,212,214 209,210,214 207,208,212 206,207,209 206,206,208 204,204,206 204,204,210 203,206,212 206,206,210 211,211,214 123,128,119 131,137,135 102,109,112 104,112,110 87,93,96 131,138,150 184,186,199 126,128,143 212,214,223 137,146,148 80,90,74 73,83,65 59,66,50 96,101,102 92,96,93 85,91,83 67,68,57 92,84,95 67,65,72 70,73,72 132,136,140 105,98,108 
203,207,208 201,205,206 202,206,207 202,206,207 200,204,203 205,209,208 174,176,180 192,195,196 210,211,210 144,149,126 119,123,88 101,104,73 86,92,41 78,85,36 115,118,83 143,145,124 179,181,171 218,221,219 216,216,217 213,213,215 212,211,214 207,208,211 207,207,210 205,205,207 207,206,211 207,208,214 207,207,211 204,203,206 194,195,196 169,173,176 128,137,138 94,103,105 102,109,117 130,134,153 121,129,139 80,93,76 167,168,178 101,108,106 58,71,41 63,72,53 57,62,47 75,81,80 70,77,70 89,94,95 63,66,70 71,66,70 87,84,103 200,200,213 138,139,141 71,72,62 
206,210,211 203,207,209 203,207,209 205,209,210 206,210,211 194,195,197 201,202,203 212,214,212 210,213,210 145,150,125 101,106,78 102,105,76 84,91,44 69,77,30 78,86,33 74,83,36 130,133,97 165,165,146 219,219,217 216,216,215 215,215,215 213,213,216 210,211,214 209,209,211 209,209,213 211,212,216 212,212,216 214,215,216 219,220,218 225,224,221 181,184,190 96,107,115 83,90,96 118,127,133 74,84,75 72,84,72 73,84,80 60,72,50 53,65,43 61,66,59 54,58,43 72,76,72 70,76,71 70,80,63 107,107,124 64,61,54 147,148,160 140,140,155 99,100,100 78,80,73 
209,212,213 207,212,212 207,211,212 210,213,214 207,210,211 192,194,198 224,226,224 218,220,217 212,214,211 172,177,163 116,120,107 92,97,66 83,89,43 67,71,31 63,71,25 72,80,33 87,93,49 99,101,63 223,223,220 218,217,216 216,216,216 216,217,219 214,215,219 212,213,215 212,212,215 216,217,220 216,216,219 222,222,222 219,220,221 203,206,207 144,152,162 120,129,135 79,90,88 81,94,85 75,85,84 68,80,58 85,97,77 63,78,44 51,58,38 50,57,37 48,54,37 44,52,35 43,50,30 91,97,95 88,89,94 71,74,61 81,89,85 95,100,107 72,80,63 91,101,84 
217,219,217 216,218,217 214,217,216 218,221,221 95,99,102 199,200,206 224,226,224 224,227,224 220,222,219 205,206,202 155,157,141 101,105,80 92,99,48 80,87,35 66,71,32 72,77,35 68,71,44 102,103,70 209,208,202 211,211,207 213,213,211 218,218,219 217,218,221 217,218,220 219,219,222 221,222,223 223,224,225 228,229,228 153,162,169 108,120,121 91,103,103 140,149,154 65,77,68 131,140,155 99,114,90 63,77,54 61,75,51 48,57,37 47,53,40 49,58,38 68,77,74 61,71,62 34,38,27 107,109,115 97,97,107 134,138,147 95,97,106 87,94,95 65,82,42 90,101,94 
209,211,209 215,217,215 208,212,212 194,197,198 101,109,101 178,182,185 225,228,226 210,214,208 208,212,205 181,183,169 131,138,103 96,103,66 91,99,47 69,76,29 65,73,28 86,91,53 89,91,73 92,96,64 127,130,97 164,162,145 170,171,157 219,220,218 219,220,219 222,224,224 224,225,226 229,229,229 232,232,231 231,231,231 154,162,171 69,85,77 89,99,98 76,87,86 67,78,71 107,119,112 71,86,55 56,71,41 52,66,42 46,55,36 63,72,70 67,75,75 111,116,134 108,116,134 90,91,108 73,66,71 85,79,88 105,104,120 95,99,104 76,81,79 86,91,88 153,156,173 
144,154,147 139,149,144 127,135,140 111,123,114 91,107,77 144,154,146 144,153,136 107,117,90 108,116,93 113,121,82 115,125,82 113,121,74 77,84,39 62,69,29 61,68,29 79,82,56 78,80,56 67,74,40 78,85,43 122,121,91 158,156,139 204,206,199 219,221,220 224,226,225 228,229,229 218,218,221 222,222,226 242,242,240 210,213,217 106,115,118 77,89,87 87,98,95 73,85,78 91,105,88 62,74,43 48,59,31 47,57,34 43,51,33 42,49,36 51,63,53 52,63,49 65,68,74 66,70,67 50,41,39 57,47,48 126,125,135 73,80,85 83,86,88 66,71,63 140,148,153 
68,91,54 78,85,93 121,131,128 93,105,90 76,91,66 91,109,78 93,110,83 88,100,64 107,117,76 99,112,56 97,106,72 111,119,74 75,81,39 73,81,34 64,73,31 41,49,30 65,69,46 75,81,44 68,72,43 96,95,67 115,117,80 186,189,178 219,222,221 231,232,229 229,228,229 226,226,229 242,242,241 244,244,244 118,133,112 70,81,73 90,100,103 68,79,63 74,86,76 66,84,49 60,72,40 38,48,23 36,42,27 40,44,29 39,49,33 39,50,33 57,67,60 55,65,51 104,112,108 76,72,81 49,37,42 124,128,135 91,96,100 95,102,104 114,123,120 172,174,181 
71,90,59 78,91,75 100,123,86 85,104,71 79,93,72 79,96,68 78,92,67 103,118,76 107,121,70 85,95,48 100,108,74 111,119,79 87,96,45 68,74,32 58,65,29 48,56,31 51,60,34 53,59,31 80,83,59 71,75,45 102,105,70 180,183,173 176,181,179 164,170,172 206,208,209 224,225,226 215,218,222 203,207,212 108,117,111 61,71,59 105,114,116 52,61,48 77,95,58 70,90,48 58,68,38 42,54,28 34,38,27 36,42,28 36,44,31 68,76,74 98,102,112 56,59,46 74,86,61 70,71,62 60,50,52 116,116,135 88,94,99 133,137,150 205,206,211 157,159,171 
65,89,49 64,90,51 61,85,47 69,92,53 83,99,74 73,90,61 75,90,60 84,99,64 104,119,70 100,107,59 93,99,71 96,97,79 67,74,41 63,70,34 65,73,33 45,56,29 47,56,32 63,75,36 81,91,44 73,79,44 96,100,76 86,96,69 89,101,85 97,110,98 112,124,119 147,157,157 133,140,149 168,170,184 172,177,181 85,97,81 80,95,68 50,62,36 63,78,41 55,75,45 45,59,34 42,52,27 48,62,36 56,72,43 42,54,33 65,77,72 80,89,86 53,55,51 60,64,52 63,68,53 52,56,47 152,152,165 131,133,151 164,167,180 234,235,237 162,162,177 
50,68,37 40,56,36 31,45,29 44,60,39 68,85,56 78,95,66 78,94,64 65,81,50 85,100,65 104,111,73 93,101,68 90,92,77 66,71,40 63,68,37 62,68,37 36,43,25 43,50,31 62,74,35 71,82,41 66,75,39 109,112,95 88,94,81 87,99,86 86,97,93 83,93,96 94,107,96 213,213,221 221,220,227 137,148,135 74,85,57 56,67,36 44,56,29 54,70,35 45,61,32 53,69,36 44,56,29 40,52,28 53,69,50 63,82,59 119,125,140 82,92,96 76,86,87 60,67,55 53,51,39 132,128,143 224,226,228 156,157,171 108,111,123 163,164,177 137,140,151 
56,76,42 64,84,51 70,95,55 55,76,46 59,77,50 82,101,71 78,95,61 71,84,55 85,101,65 107,118,69 96,103,70 103,108,88 57,60,40 70,75,44 64,73,36 34,41,22 53,67,32 55,67,38 54,64,32 60,71,38 76,82,58 78,87,64 76,84,65 97,103,110 134,135,156 80,94,80 227,230,227 204,207,208 104,115,94 62,75,44 57,71,39 40,53,25 42,55,28 40,55,29 48,63,40 56,66,53 67,75,87 77,90,92 70,81,89 83,94,98 95,104,115 111,118,128 70,73,70 48,46,32 178,178,192 245,247,245 206,208,215 165,168,175 156,157,166 103,107,115 
69,94,55 61,83,51 53,73,46 56,75,50 77,95,64 75,90,62 59,75,49 63,75,51 94,107,76 112,123,71 96,103,73 110,116,95 56,60,39 58,59,38 43,50,24 33,41,20 56,71,32 61,76,38 46,57,34 46,55,32 63,72,44 64,71,48 64,70,47 77,90,64 125,132,134 83,100,81 137,148,133 160,164,168 150,152,163 78,93,60 53,68,39 56,75,35 44,57,26 36,51,24 34,44,31 77,89,82 129,132,160 88,103,103 133,146,149 121,130,142 91,101,106 142,142,166 136,136,152 63,54,56 146,149,163 160,161,173 169,172,177 146,147,157 160,162,177 115,121,127 
60,82,47 53,68,40 73,92,59 47,61,39 53,68,43 68,82,53 63,74,50 50,57,39 92,103,72 108,118,69 101,109,77 100,101,92 50,53,34 51,55,34 36,38,21 26,30,15 53,69,33 62,79,39 49,62,38 38,50,31 52,68,42 58,78,42 69,84,50 78,94,60 92,107,87 70,90,59 83,103,56 109,115,105 132,137,133 61,78,43 49,63,34 58,77,42 40,54,26 50,62,42 65,75,63 63,76,78 91,101,108 112,123,133 97,113,114 120,131,135 169,167,192 221,222,229 170,172,174 66,58,60 144,148,158 227,229,231 79,84,89 189,192,198 137,141,151 217,220,224 
51,71,36 51,69,37 52,69,43 41,49,34 37,50,31 71,88,54 67,80,51 63,76,50 74,85,52 103,113,65 91,100,73 104,107,96 53,58,33 42,47,30 42,44,26 22,26,15 35,44,22 39,48,27 34,43,27 28,33,23 56,68,47 49,68,41 62,79,47 71,86,52 85,105,79 61,83,51 62,82,46 112,126,94 113,121,105 72,87,48 58,74,43 52,70,34 40,54,26 75,83,82 71,77,73 58,72,52 65,81,62 99,112,117 87,101,91 102,111,119 135,143,143 121,134,126 91,97,92 84,79,80 212,216,217 246,248,245 221,223,225 243,245,242 244,246,242 190,196,183 
54,73,35 52,70,40 56,70,45 70,85,59 39,53,34 57,71,48 62,78,52 83,100,69 97,109,68 106,115,74 89,97,75 100,103,94 41,42,28 44,49,30 34,36,22 17,20,13 40,51,28 40,50,29 20,25,17 39,51,29 59,76,50 57,80,47 53,71,44 56,71,44 67,80,66 50,69,43 61,83,43 74,92,63 105,121,100 63,79,49 68,90,47 48,64,31 38,50,26 86,91,90 64,70,65 79,92,79 65,76,63 66,85,60 88,105,94 101,115,115 95,110,103 132,145,120 112,119,88 83,75,76 218,222,220 244,246,243 235,237,231 175,184,166 160,172,142 137,149,108 
44,58,34 77,96,55 71,85,56 75,93,62 57,71,57 54,64,47 55,69,49 74,91,63 60,69,50 92,97,64 94,101,74 101,103,99 37,44,24 54,60,33 45,48,30 22,26,15 31,40,22 42,53,29 33,43,25 31,41,23 52,70,37 52,74,37 55,76,47 53,65,40 71,88,72 66,93,45 43,61,33 54,71,43 81,97,69 69,87,61 57,78,45 56,74,36 51,61,35 90,92,84 82,83,80 103,120,89 81,94,94 61,81,65 57,77,50 73,92,58 136,151,113 118,134,92 91,98,66 91,85,73 143,153,147 160,167,155 132,144,110 141,153,112 141,152,108 129,144,97 
68,85,55 76,89,56 78,91,65 66,81,51 56,71,52 43,52,43 56,70,50 87,102,60 56,63,45 54,61,43 101,108,77 93,96,96 61,72,42 70,81,49 56,66,39 26,30,16 29,35,21 46,58,35 38,48,29 31,38,26 48,65,38 49,68,37 54,79,40 53,68,41 83,105,76 50,74,41 49,70,35 56,74,47 74,95,56 60,77,37 68,89,52 43,61,32 44,53,28 77,86,50 81,90,55 85,102,55 93,110,93 59,76,51 41,58,29 66,87,50 105,122,79 94,110,70 87,91,63 93,91,67 143,155,115 140,151,109 144,153,111 137,148,104 118,133,85 110,126,79 
78,98,69 87,106,74 63,79,55 63,82,52 44,57,40 63,79,55 93,107,68 93,106,62 56,63,42 38,43,28 82,85,57 111,118,107 75,89,59 66,76,47 61,71,40 26,30,20 44,57,30 42,54,35 48,60,38 38,48,26 51,65,38 55,80,42 38,55,31 37,48,29 70,83,68 56,78,40 48,68,35 59,79,45 56,73,43 86,105,55 72,93,46 52,71,35 56,62,35 68,77,44 68,77,48 76,94,54 89,109,70 59,71,37 43,58,28 78,101,52 111,130,81 97,114,70 79,80,54 82,77,60 122,134,91 116,124,88 126,137,96 136,147,103 111,127,81 106,126,79 
62,75,52 76,94,58 63,85,54 49,70,42 40,54,36 54,68,48 89,108,65 74,84,51 65,72,46 31,35,28 72,73,60 98,104,90 69,81,45 60,71,39 63,69,40 23,25,19 36,47,24 41,52,30 43,56,32 40,53,29 39,44,30 37,53,27 35,54,27 40,43,29 63,71,63 51,70,39 56,73,39 67,83,49 72,86,46 82,98,51 80,101,46 70,90,44 59,68,35 69,71,44 74,87,51 71,81,49 91,109,61 111,121,75 64,82,49 96,117,72 80,92,63 77,88,59 71,60,52 89,87,67 118,125,95 112,112,89 94,99,73 94,103,71 96,105,76 104,104,88 
61,66,54 68,85,54 46,65,41 35,50,31 36,50,32 44,58,39 45,54,36 33,36,30 37,41,35 32,37,29 49,51,49 81,84,85 55,62,35 49,56,30 62,65,43 22,22,21 21,22,16 38,43,26 38,48,26 31,40,23 34,38,26 38,47,29 45,59,34 48,44,35 111,101,110 78,73,68 76,76,64 89,99,65 99,109,64 100,110,62 95,103,71 79,94,61 86,91,79 79,79,74 95,101,106 76,72,78 116,119,130 134,136,147 152,154,160 160,163,166 158,162,165 188,187,191 87,69,71 123,98,103 199,173,183 203,178,186 175,142,152 203,163,173 205,164,177 203,160,171 
64,80,63 76,97,64 47,64,41 43,58,34 31,43,25 54,71,42 30,36,26 30,37,25 24,28,22 35,43,31 51,52,53 75,76,82 26,29,22 20,21,16 39,34,33 22,20,20 24,21,20 29,25,23 44,53,31 27,26,22 32,30,25 33,36,26 46,59,33 54,47,37 103,100,102 92,82,76 91,81,75 111,108,95 104,103,89 108,108,94 106,110,90 96,100,77 88,95,81 73,74,65 86,92,97 73,73,73 68,75,76 58,67,64 68,73,76 75,80,83 61,79,78 89,90,97 76,57,56 65,60,58 74,80,78 54,71,64 57,74,64 90,92,94 101,102,108 113,111,117 
45,59,52 58,80,48 38,52,36 42,54,41 26,30,23 39,48,29 40,51,30 34,38,28 21,21,21 28,31,25 49,45,49 76,75,82 22,22,19 21,19,18 42,33,35 30,23,22 36,30,27 36,34,28 32,34,26 38,43,31 45,56,37 68,81,59 65,83,48 79,83,49 92,95,79 82,79,63 91,99,73 112,102,110 133,122,133 123,110,118 97,106,72 76,88,53 73,75,46 73,72,51 75,79,70 68,70,66 66,73,72 57,68,60 64,70,65 71,78,74 63,81,76 102,99,109 65,46,46 74,73,73 77,82,80 58,79,69 54,71,60 78,82,79 88,94,93 93,96,98 
57,77,48 39,53,33 52,65,45 65,86,54 49,59,40 45,53,37 48,57,39 54,62,45 51,64,43 51,62,45 70,78,66 103,111,105 59,68,49 60,71,49 65,68,54 55,65,46 57,63,46 58,65,44 60,71,46 67,79,50 79,98,64 188,188,182 87,94,57 90,76,59 106,102,96 85,96,61 89,90,70 111,101,111 124,111,118 115,99,102 95,83,67 81,87,56 71,84,51 69,71,42 62,68,36 76,71,50 75,86,62 68,82,64 69,76,68 73,79,72 57,76,67 96,97,99 73,54,53 80,82,81 78,84,82 54,77,66 58,73,64 78,82,78 80,84,81 88,92,92 
107,105,105 102,99,101 101,98,97 91,88,87 100,95,98 108,106,103 110,112,103 101,112,86 98,109,85 91,105,77 99,114,89 104,114,106 86,102,72 87,107,74 84,102,69 83,105,69 86,109,67 89,112,69 93,117,71 99,122,76 106,121,85 177,170,172 98,94,69 96,102,70 122,129,104 115,120,84 126,112,112 151,138,146 145,133,140 129,114,118 102,92,78 94,84,66 78,85,57 67,82,44 59,73,37 75,65,39 63,79,40 73,89,51 86,105,65 83,96,71 61,80,66 75,78,76 69,55,58 82,84,81 82,87,84 53,75,64 58,74,64 78,83,77 79,82,80 87,91,90 
182,181,194 189,191,202 196,197,209 206,207,218 208,208,219 210,211,221 214,214,223 203,200,209 178,174,179 170,163,168 159,150,156 124,122,125 113,114,102 114,118,104 102,112,90 88,104,74 95,114,76 97,119,76 99,117,77 99,106,77 101,95,80 137,127,128 94,103,73 108,126,83 127,134,97 132,125,110 148,134,141 147,135,145 131,120,128 133,119,125 116,103,100 101,100,74 87,82,65 80,87,58 63,77,43 64,72,40 60,73,39 63,75,39 64,78,43 74,91,50 84,97,65 91,103,74 73,59,62 75,77,69 78,84,78 55,77,66 57,75,62 76,81,75 83,88,85 85,90,88 
199,201,212 189,192,202 178,178,188 183,182,193 199,198,209 203,203,212 204,204,213 199,196,206 198,196,204 203,201,211 193,190,200 165,163,175 199,196,206 188,184,194 164,158,169 139,132,137 157,148,157 133,122,123 111,94,97 104,94,87 105,96,90 107,109,93 116,131,93 130,130,101 123,129,93 146,132,138 150,137,147 149,139,150 139,128,138 143,130,140 133,119,126 110,109,85 91,87,67 89,83,65 78,87,61 66,85,48 63,80,45 63,77,44 66,79,43 68,82,45 69,84,46 86,91,59 87,56,54 91,96,64 88,98,70 62,83,63 56,73,61 78,83,77 80,87,81 83,89,88 
176,176,188 189,189,201 193,193,203 201,201,211 203,203,214 189,188,199 195,193,204 182,179,189 188,186,195 204,204,213 200,198,206 166,163,175 205,203,214 196,194,207 184,178,192 165,155,170 139,125,137 139,126,135 121,101,117 100,89,86 106,100,93 120,128,99 132,130,105 118,126,93 133,121,112 151,139,147 156,145,155 155,145,156 155,144,155 152,141,151 148,135,144 127,113,114 100,99,72 94,85,70 88,81,64 87,94,70 70,87,53 71,85,51 72,84,50 70,84,48 68,79,46 76,76,45 92,42,40 85,89,54 88,100,61 85,96,61 76,77,60 79,77,63 77,83,70 79,87,79 
181,181,193 194,193,205 200,199,209 185,184,193 200,199,210 212,211,221 203,203,212 214,213,222 206,205,213 205,205,215 201,199,209 162,158,170 208,207,219 168,162,171 112,97,101 129,116,126 138,119,138 121,104,116 97,93,84 100,101,87 110,119,97 127,128,105 120,132,100 118,122,91 146,130,133 160,148,157 160,151,160 154,144,156 153,143,154 151,141,151 149,137,146 125,111,116 104,92,79 94,84,70 89,79,67 86,84,62 94,99,77 71,84,49 68,84,45 68,86,45 69,82,46 74,79,47 93,35,34 70,73,42 70,82,44 77,89,49 76,90,51 90,97,62 77,79,52 77,79,56 
205,205,216 210,210,221 197,197,207 209,209,217 217,217,225 213,213,221 213,213,221 195,195,203 208,208,217 191,190,199 206,204,215 138,128,140 138,124,140 132,117,128 137,117,136 127,108,128 109,99,104 95,91,79 98,100,82 105,122,91 112,121,91 121,127,100 112,126,87 141,123,114 162,150,157 162,151,160 155,145,156 153,143,154 150,141,151 147,138,148 148,135,145 140,127,133 103,89,89 103,94,72 94,85,71 86,77,66 85,82,63 85,91,67 66,80,44 66,89,40 66,87,41 70,82,46 105,76,68 66,62,40 68,77,43 67,79,41 66,81,39 73,89,45 80,94,51 82,90,54 
216,216,226 214,214,223 212,213,222 217,217,225 210,209,218 199,197,206 203,201,211 213,212,223 209,208,219 163,156,165 127,114,124 120,114,117 144,130,148 137,119,134 121,100,118 102,90,95 89,90,75 98,109,84 100,121,84 105,115,85 113,115,94 114,127,89 129,119,96 146,132,137 159,148,156 158,149,158 154,143,155 150,141,153 148,138,149 146,136,146 145,134,143 143,132,138 113,99,101 99,90,72 100,97,71 92,81,71 89,78,66 85,89,62 68,80,52 64,80,41 58,77,35 65,78,40 83,79,52 70,74,41 67,79,43 64,73,39 63,77,37 59,75,35 58,75,36 64,80,40 
188,188,203 213,213,224 216,216,224 222,222,229 221,220,228 218,217,226 202,199,211 168,161,176 121,107,119 135,120,132 121,114,111 96,92,75 106,92,88 106,92,100 95,86,84 90,91,77 100,111,88 101,119,81 100,120,80 112,113,93 119,120,98 109,118,81 145,124,115 154,142,149 158,148,157 155,146,157 151,141,154 148,139,151 146,136,147 145,134,145 144,132,142 142,129,137 127,112,117 103,88,85 95,91,64 95,86,70 93,83,70 91,86,68 87,89,67 92,96,79 63,78,41 64,81,40 71,77,43 70,82,42 68,82,42 67,80,41 64,78,39 61,74,36 55,72,34 55,72,35 
192,185,200 183,179,193 208,208,219 220,219,229 198,194,205 169,161,175 118,96,115 122,106,122 113,97,109 116,100,97 108,82,80 101,81,86 100,88,94 80,71,65 82,84,67 103,120,93 104,122,89 100,116,83 97,117,77 106,116,84 107,119,83 131,112,91 148,130,133 154,143,152 156,146,155 153,144,155 149,140,152 146,137,149 145,134,145 143,133,143 143,131,140 144,131,140 141,125,135 110,95,96 100,83,76 106,92,75 100,89,76 95,85,69 92,87,65 89,88,70 83,88,69 71,81,48 70,82,51 67,78,42 67,74,40 69,75,44 72,80,48 60,75,38 57,70,36 57,72,37 
189,186,199 198,195,206 184,178,188 162,151,166 134,119,137 114,96,112 108,84,97 130,114,127 145,127,143 142,123,141 126,106,119 109,100,102 71,65,55 80,81,68 111,126,98 97,114,77 102,119,83 94,107,74 96,110,74 100,114,77 111,108,78 143,118,114 151,139,146 157,146,155 155,144,155 150,140,153 145,137,150 144,135,146 141,130,141 140,130,140 140,130,138 143,129,137 140,127,135 122,107,112 97,84,85 102,92,69 102,89,74 99,89,77 91,81,70 89,75,65 88,92,67 98,97,90 72,80,51 67,77,43 63,69,40 70,73,44 75,79,48 62,74,40 60,77,38 60,72,39 
164,162,168 142,135,142 110,93,105 110,90,104 127,111,126 124,110,125 107,81,97 139,119,139 140,123,140 135,120,133 106,96,97 76,73,59 82,88,68 106,125,94 93,111,75 98,117,81 94,109,70 91,96,71 103,113,80 106,120,79 135,116,101 139,127,136 157,147,154 158,148,157 151,141,153 148,139,151 143,135,147 142,133,143 140,130,140 139,128,137 137,126,135 136,124,131 136,124,133 132,118,124 102,88,89 96,83,73 97,89,66 97,87,70 98,86,74 96,88,74 89,85,64 93,98,69 93,96,74 76,84,54 68,80,45 68,78,44 70,79,47 65,75,42 64,77,43 63,79,41 
138,124,140 116,97,113 118,109,111 117,103,113 138,122,139 143,127,145 111,86,106 132,112,131 131,118,125 101,93,90 76,69,58 88,90,70 101,111,88 100,113,83 98,114,79 97,110,79 104,105,81 111,112,89 107,117,84 115,110,83 127,116,111 143,130,140 154,144,152 154,144,154 148,138,151 145,135,148 142,133,143 140,131,141 137,127,136 137,126,136 135,125,134 134,126,131 134,122,130 133,120,128 118,102,106 95,80,79 101,91,65 95,89,68 96,87,69 90,84,62 90,82,61 85,82,57 83,95,55 92,92,75 70,75,43 68,73,41 73,78,45 65,76,40 62,74,40 61,73,37 
121,109,117 116,110,103 130,125,121 155,142,158 157,145,161 131,111,128 114,89,106 136,127,133 87,80,73 79,79,62 95,100,80 104,116,94 102,120,86 105,119,90 105,114,92 111,109,95 110,106,92 110,123,86 103,114,80 138,113,108 136,123,132 147,134,143 143,131,133 146,136,145 145,136,148 141,133,145 139,131,140 139,129,139 134,124,134 136,126,136 134,125,134 134,124,132 133,121,128 132,120,128 130,118,125 101,90,92 97,80,67 84,85,57 93,85,67 91,84,71 90,82,71 90,76,64 85,82,58 90,96,68 97,96,80 83,78,53 69,76,39 65,72,43 48,42,39 60,70,42 
130,122,129 137,127,138 152,143,156 139,127,141 126,110,123 132,122,130 120,113,115 105,98,96 71,71,54 97,112,79 100,125,85 95,117,78 103,117,85 111,119,97 115,115,102 111,104,97 111,114,93 100,117,73 117,104,85 135,119,128 145,133,143 153,142,151 153,141,148 147,138,148 142,134,147 140,131,142 137,128,138 135,128,137 131,123,131 132,123,131 132,123,131 131,121,129 132,120,128 129,118,124 131,118,124 115,103,107 95,82,79 94,76,61 98,86,72 93,88,64 90,85,64 91,87,65 91,86,65 82,76,56 96,101,79 95,92,77 73,75,46 61,58,37 85,70,69 68,77,52 
136,127,145 237,234,226 235,229,214 233,226,207 231,223,203 231,222,200 225,217,198 191,185,172 90,91,71 101,124,81 96,118,77 99,117,84 111,115,92 116,113,101 111,105,97 114,116,100 107,122,80 106,106,75 133,113,113 141,129,140 150,140,150 152,140,150 151,141,150 145,138,149 139,131,143 135,127,137 135,126,135 133,126,135 130,122,130 128,120,128 127,119,129 128,118,127 127,117,124 129,118,124 126,114,120 122,111,118 92,82,82 94,74,71 95,83,67 89,85,60 91,89,64 88,85,62 83,84,56 85,81,57 84,88,55 87,97,64 79,80,59 80,78,59 54,54,49 68,80,45 
164,158,174 238,235,226 233,225,204 229,225,202 219,197,154 230,222,203 225,219,203 191,185,169 90,108,75 97,117,73 99,110,72 110,110,88 126,121,112 108,99,101 104,101,91 106,123,84 98,112,72 128,106,88 143,125,130 142,131,144 148,140,151 154,144,155 146,138,148 142,136,146 135,127,138 133,124,133 131,123,131 129,123,130 126,119,126 125,116,124 124,115,124 125,116,124 127,115,122 128,117,124 126,115,120 125,114,120 111,99,99 91,74,74 95,85,63 90,91,62 89,92,59 87,82,59 89,80,69 86,80,65 83,78,59 82,83,54 81,90,60 86,87,64 55,55,52 78,82,51 
121,106,124 236,230,217 232,223,199 222,219,199 198,186,160 235,226,208 233,223,198 202,198,179 106,122,84 109,112,84 121,117,98 128,123,108 114,102,96 98,91,88 111,121,94 98,118,75 105,103,77 133,110,109 136,124,136 145,137,149 148,139,151 148,138,148 143,135,146 137,130,140 131,123,133 128,121,129 129,121,129 129,123,128 124,119,124 123,116,123 121,111,119 122,113,121 124,114,120 125,115,120 125,113,118 125,113,117 117,105,110 90,78,80 100,77,66 83,80,52 85,83,55 89,88,60 89,84,62 88,80,62 84,80,61 87,83,61 83,90,57 91,98,71 46,45,43 72,76,48 
132,124,132 238,235,228 232,222,195 233,224,201 210,205,190 220,213,197 218,210,191 204,198,180 122,115,94 131,121,107 126,118,104 114,104,97 101,88,87 109,106,96 110,124,83 98,105,68 129,107,90 140,124,130 145,135,147 146,139,150 144,135,147 143,134,146 138,130,142 134,126,137 128,120,131 126,118,128 123,115,124 125,118,122 120,116,121 119,115,121 118,111,120 119,110,117 121,111,117 122,112,115 125,113,117 125,112,117 121,110,115 98,87,91 89,74,71 95,82,60 89,83,63 93,83,65 92,91,67 88,79,62 88,78,60 86,73,57 78,72,50 82,83,53 53,55,47 76,84,64 
90,83,75 238,235,227 236,230,215 233,226,207 212,207,194 209,204,192 202,200,188 200,193,177 139,120,113 140,121,115 125,113,103 117,106,102 102,97,90 111,124,89 97,112,68 120,101,81 142,117,112 145,134,147 148,138,151 146,138,151 147,139,149 139,130,143 134,127,139 129,124,134 124,119,128 124,118,128 124,114,123 125,117,119 121,118,119 122,119,124 116,107,115 113,106,114 115,106,113 122,109,113 122,110,113 120,109,113 116,104,108 105,92,96 90,79,82 95,73,69 90,79,61 114,107,95 110,108,86 36,36,35 39,39,39 53,57,60 113,114,103 75,78,60 42,42,42 80,89,60 
68,66,49 116,115,112 115,114,111 113,111,108 110,107,98 107,104,98 111,109,103 110,106,100 138,117,116 137,115,111 127,116,108 112,105,93 110,114,91 101,116,73 110,99,74 151,117,106 142,125,130 149,139,150 146,139,150 141,134,146 141,134,145 133,125,138 133,125,136 126,120,131 128,125,133 129,124,134 122,107,117 123,107,109 125,117,123 125,123,127 110,101,107 110,102,110 110,102,110 120,105,107 120,109,110 118,109,111 120,108,112 102,88,91 90,78,80 85,72,74 100,82,66 104,103,78 96,94,74 53,51,45 56,55,48 63,57,57 86,84,66 68,69,53 52,48,43 82,95,53 
64,72,48 64,64,64 66,66,66 39,39,39 30,30,30 30,30,30 30,30,30 40,37,37 134,113,109 126,111,103 112,103,95 114,111,94 107,120,84 94,94,64 150,112,99 141,117,117 143,134,145 146,138,149 147,139,150 141,134,145 138,130,141 131,122,134 128,121,133 123,117,129 117,113,122 116,111,123 131,114,116 116,110,108 121,115,121 118,115,121 106,100,105 110,102,111 103,96,106 129,106,106 117,110,105 114,104,108 116,104,108 98,89,92 75,70,71 70,65,65 75,64,61 62,56,46 73,71,64 67,62,57 64,61,52 65,57,54 64,60,51 70,68,60 69,66,56 55,58,41 
