171,172,172 169,170,171 166,166,170 166,168,170 163,164,166 160,163,165 156,162,162 154,159,161 153,157,160 153,156,158 153,156,159 152,155,159 157,161,164 163,167,168 164,168,169 164,168,169 165,169,171 166,170,173 173,177,180 169,172,175 157,160,163 178,183,187 178,182,186 180,184,186 176,180,183 172,176,178 172,175,178 174,178,181 173,175,180 174,176,181 179,181,186 185,184,190 181,181,186 187,188,193 184,185,190 181,180,186 185,184,190 186,187,192 190,190,196 197,194,201 194,192,199 193,191,197 189,186,191 183,182,188 182,181,187 182,180,187 181,179,185 182,183,185 184,183,185 183,181,184 
61,61,61 62,62,63 60,60,61 59,59,60 59,60,60 59,60,60 58,59,59 58,59,59 58,58,59 57,58,59 93,95,97 151,155,158 156,160,162 161,165,166 161,165,166 161,165,167 162,166,168 164,170,172 172,176,181 172,175,177 156,159,162 179,183,186 178,182,186 179,182,186 172,175,179 167,170,174 167,171,175 171,173,177 172,174,177 176,178,181 177,178,183 179,180,185 181,181,187 188,189,194 186,187,192 185,183,190 185,184,190 187,186,192 195,194,200 198,195,202 197,195,201 190,187,194 186,183,188 180,180,185 179,178,184 178,177,183 177,176,182 180,179,182 180,179,183 181,181,184 
62,62,63 87,87,87 122,122,122 129,129,129 115,115,115 121,121,121 123,124,123 114,114,114 121,121,121 126,126,127 98,100,101 151,155,157 153,157,160 157,161,162 158,162,165 159,163,165 159,163,166 162,168,171 170,176,180 169,173,176 147,149,152 179,183,186 178,183,186 176,180,183 170,173,177 164,168,170 165,170,172 169,172,175 171,172,175 173,174,177 175,175,180 177,177,183 181,180,186 187,188,193 186,186,191 186,185,191 186,185,192 194,194,200 201,198,204 201,198,205 196,193,200 186,184,190 181,180,185 178,178,182 177,177,183 176,175,180 176,175,180 178,177,182 181,181,186 182,183,187 
74,74,76 63,63,63 61,61,61 61,61,61 60,60,61 60,60,60 59,59,59 58,58,59 57,58,59 64,65,67 93,95,97 151,157,159 152,157,160 155,158,163 157,160,164 156,160,164 156,161,165 163,169,173 171,178,182 167,172,176 142,140,143 175,179,183 174,178,182 167,172,174 166,170,172 162,167,168 164,170,170 166,170,173 166,170,174 167,170,175 169,172,177 174,175,180 179,179,185 184,184,189 185,184,190 187,186,192 191,190,197 200,198,204 203,200,207 202,199,206 187,184,191 182,179,186 178,177,183 177,178,182 175,176,180 175,174,180 177,176,181 179,178,183 179,178,183 179,179,184 
63,63,63 69,69,70 72,72,72 70,70,70 72,72,72 73,73,73 62,62,62 61,61,61 60,61,61 61,62,64 95,97,99 154,159,162 154,158,161 156,161,165 157,160,164 155,160,164 161,168,172 168,175,178 172,179,182 163,169,172 139,138,140 168,173,177 162,169,171 162,168,169 161,167,168 161,165,168 160,166,168 162,166,170 161,166,170 163,166,172 166,170,175 173,174,180 177,179,185 182,183,188 186,186,193 191,190,197 197,196,204 203,201,208 206,202,209 193,191,199 182,181,188 179,177,184 177,177,183 177,177,182 176,177,181 179,179,184 184,183,188 179,179,183 176,175,180 180,181,186 
63,63,63 72,72,72 82,82,82 81,81,82 82,82,82 75,75,75 60,60,60 58,58,58 58,59,59 58,59,60 95,97,99 151,159,161 152,159,161 151,159,160 152,158,161 158,164,167 164,172,174 166,174,176 165,173,176 158,163,166 135,134,136 162,168,171 158,166,168 160,167,169 158,165,168 157,163,167 157,162,167 157,161,167 159,163,168 162,165,172 167,170,177 173,175,182 178,181,188 184,186,193 195,195,203 198,198,205 202,201,209 206,203,211 205,201,209 191,190,197 182,181,188 178,177,183 178,177,184 180,179,185 181,181,186 185,185,189 188,188,192 181,181,183 177,176,181 186,189,194 
155,158,159 157,159,160 159,160,159 154,156,157 152,155,154 150,153,153 144,148,148 136,141,140 132,138,138 132,139,139 137,145,145 145,153,156 142,151,153 144,152,155 149,157,160 157,165,167 159,167,170 162,170,173 164,172,175 152,157,160 126,127,127 158,166,169 157,164,167 156,163,167 154,163,166 155,162,166 153,160,164 153,158,163 158,162,167 163,166,172 168,171,178 178,182,189 190,190,199 197,196,204 172,167,173 169,162,167 192,188,196 202,200,208 196,194,201 196,194,200 184,184,190 183,182,189 186,184,190 183,182,188 186,185,190 185,185,188 184,185,187 180,180,183 180,182,187 189,192,199 
184,188,189 183,187,187 185,189,188 181,185,185 180,184,183 181,184,182 170,174,174 160,165,166 154,161,161 154,161,161 150,157,158 148,156,158 147,157,158 142,151,153 149,158,160 154,162,164 152,160,162 163,171,174 161,170,173 154,161,163 131,132,133 152,154,153 128,124,114 137,140,137 152,163,165 156,164,168 154,163,168 152,160,165 159,164,170 164,168,176 173,177,185 169,168,174 147,137,138 122,104,99 132,114,105 150,136,130 154,143,145 195,194,203 196,195,203 193,192,198 188,188,193 188,186,192 186,185,191 184,183,189 183,182,187 181,182,185 184,186,188 177,178,178 191,193,200 164,168,169 
191,195,196 190,194,195 190,194,194 188,192,191 185,189,188 184,188,186 175,179,178 169,174,174 163,170,169 157,165,163 154,162,162 155,163,163 152,161,162 133,142,144 152,160,162 151,157,159 158,166,168 163,172,174 163,172,174 157,163,166 131,133,131 121,108,91 122,107,89 100,90,75 149,157,158 158,167,171 156,164,169 138,144,150 139,144,153 156,160,167 127,117,115 138,119,108 161,142,132 165,144,135 162,142,132 143,129,125 149,132,129 184,182,191 195,193,202 189,188,196 186,186,192 185,185,190 183,184,189 182,182,188 181,182,187 184,185,189 186,187,190 114,116,96 131,134,124 98,99,77 
198,203,204 196,200,201 172,178,176 164,171,164 188,192,193 184,189,190 180,184,184 174,179,179 167,173,172 162,169,167 158,166,165 158,167,165 148,151,145 96,89,76 108,99,84 100,89,73 102,92,78 117,110,100 131,128,121 147,149,148 131,135,134 126,110,91 123,108,89 108,96,83 134,141,141 136,146,149 143,152,156 150,156,158 110,108,110 118,107,102 145,128,120 134,119,114 155,138,130 167,146,137 159,138,129 126,111,107 144,129,125 192,189,195 190,190,197 191,189,196 184,184,191 182,181,188 182,183,188 186,186,191 187,188,191 190,191,193 184,186,186 110,108,86 86,90,59 87,88,61 
115,118,102 126,135,124 154,162,155 129,139,124 193,197,200 184,190,192 178,185,188 174,181,181 167,174,174 162,170,169 159,166,167 158,167,166 128,128,118 107,95,77 113,99,80 106,93,76 103,87,69 104,91,73 106,91,73 100,88,72 114,105,94 125,109,92 124,111,94 113,102,86 124,117,108 127,122,114 129,124,119 117,104,97 102,92,88 122,112,108 146,131,123 141,123,112 135,114,101 135,111,98 136,114,100 135,114,103 127,108,100 119,104,100 193,192,198 186,186,193 181,181,189 185,184,191 190,191,195 189,190,192 190,191,194 170,168,166 115,112,97 103,103,90 84,83,58 83,83,53 
65,64,31 69,78,49 96,108,84 92,107,78 137,149,145 187,193,197 181,188,191 176,184,186 166,175,175 158,168,167 155,165,165 154,164,163 137,139,130 111,101,80 114,102,82 112,100,82 107,95,77 105,93,74 109,95,77 104,91,75 102,88,70 104,92,73 121,107,89 112,97,80 113,98,81 114,100,84 117,106,94 124,111,102 102,91,85 111,94,85 146,125,114 143,119,107 138,116,104 138,114,102 138,115,102 134,116,107 131,111,104 133,118,114 190,190,196 184,184,193 184,184,192 185,185,193 187,187,194 188,189,195 192,193,198 195,195,201 125,128,118 73,77,45 74,76,46 81,83,53 
56,61,32 55,66,38 58,70,39 66,83,37 73,91,67 160,170,170 159,170,172 174,184,186 165,176,178 155,167,166 151,163,162 149,161,160 141,146,136 114,103,82 114,100,81 113,101,82 110,99,81 108,94,75 113,100,83 108,94,78 106,93,75 104,93,75 121,108,90 115,104,85 117,104,87 119,104,88 118,103,89 126,109,97 108,96,89 119,102,93 143,121,110 149,128,116 145,124,111 141,121,109 145,122,109 138,119,110 137,120,113 140,125,122 188,188,196 183,183,192 182,182,191 182,182,192 185,185,195 190,190,198 189,190,195 127,129,124 93,93,74 66,72,43 68,70,38 71,76,43 
59,58,39 67,79,53 53,62,36 64,81,35 70,86,59 60,78,50 55,74,47 62,83,53 106,122,104 132,147,139 138,152,148 151,163,163 141,149,141 114,105,84 85,76,58 119,108,89 110,99,79 76,69,54 112,100,84 110,97,81 99,85,68 106,92,73 119,107,88 117,105,89 121,109,93 109,100,89 130,115,103 133,117,107 109,95,89 119,101,93 134,111,100 149,125,112 141,120,109 81,69,62 145,121,110 140,121,112 99,86,80 144,133,131 184,183,192 180,180,190 180,180,191 182,182,192 184,184,195 189,189,198 113,115,112 63,57,41 79,66,49 82,76,52 71,74,41 73,75,44 
52,52,29 67,73,49 51,61,32 65,80,40 73,86,57 49,62,43 48,66,40 48,64,38 48,65,38 54,71,41 52,71,41 102,117,100 141,148,138 121,112,92 110,97,78 122,110,90 111,102,84 107,97,80 114,101,83 112,99,83 98,87,70 110,97,81 121,107,90 120,108,92 123,109,95 51,51,49 129,115,104 135,118,109 86,75,72 105,89,82 86,71,63 154,129,116 139,117,106 76,63,58 148,126,117 141,123,115 91,77,72 149,137,138 178,178,190 177,177,189 178,178,189 179,180,192 181,182,195 189,190,200 97,101,89 68,66,41 71,65,40 76,68,45 80,73,47 82,82,50 
46,46,27 49,54,31 59,74,43 61,75,44 63,74,41 55,66,56 71,77,52 51,60,42 33,45,35 43,60,37 42,57,35 37,51,32 63,74,48 125,114,93 120,106,85 123,111,93 115,103,85 114,103,85 115,102,84 115,102,85 106,94,78 111,98,80 120,108,88 124,114,100 125,111,98 88,83,77 131,115,103 141,126,119 104,93,90 124,104,97 128,109,100 151,127,116 147,126,116 136,112,103 154,137,128 138,121,115 127,109,103 148,138,142 173,174,188 174,174,188 175,177,189 177,179,192 180,183,195 171,176,180 55,63,39 37,41,22 50,56,28 85,80,51 104,98,63 86,81,53 
56,55,43 40,49,29 56,72,45 58,68,41 66,75,46 81,86,64 73,81,63 57,64,56 44,57,39 39,48,38 44,58,37 35,45,34 53,59,44 129,120,99 124,110,89 128,117,97 111,96,78 120,107,89 116,102,84 113,102,85 115,103,87 116,104,89 124,111,94 130,118,103 128,119,106 128,118,107 132,119,110 142,126,119 121,106,102 140,118,109 149,125,112 155,132,122 155,134,124 154,132,123 149,128,119 140,122,117 137,119,113 151,142,146 149,151,161 158,160,170 171,173,187 150,154,159 96,107,96 68,78,53 48,54,29 45,49,27 48,53,27 73,74,40 90,87,51 97,90,59 
47,48,30 39,48,31 51,63,40 60,61,39 65,74,45 51,57,43 42,49,38 37,48,37 30,37,33 37,43,38 37,46,38 31,34,34 53,56,46 130,122,101 102,94,75 134,124,103 115,102,82 94,85,70 109,97,80 118,106,91 101,90,76 111,101,88 128,114,98 91,80,66 75,67,61 84,74,69 85,75,68 125,110,103 123,108,105 141,120,113 139,116,107 155,132,122 146,124,115 130,109,101 151,131,124 140,122,118 118,101,96 109,102,95 58,60,44 57,60,45 63,68,52 70,75,59 58,66,51 60,67,40 52,56,29 46,48,28 47,52,25 47,50,28 62,62,39 110,105,86 
48,50,32 47,55,31 57,63,42 57,64,45 61,73,44 47,59,40 28,36,30 25,32,30 28,36,32 34,40,36 47,59,41 34,37,37 41,42,40 133,125,105 124,115,99 134,120,102 119,105,86 120,109,95 125,113,98 122,108,94 115,104,92 120,110,101 132,118,105 100,91,80 50,45,42 53,47,45 83,73,70 146,131,127 107,94,92 133,113,108 124,106,101 158,136,128 138,115,108 114,97,93 150,129,122 133,113,108 118,100,97 87,79,76 43,47,38 44,49,40 41,46,39 46,50,41 56,60,46 50,55,34 44,48,28 52,55,32 42,46,26 41,44,28 115,118,107 92,92,65 
55,55,39 62,67,38 56,64,41 67,72,48 60,67,38 56,65,41 38,44,39 38,43,38 45,49,45 44,54,43 57,73,43 44,49,42 51,53,49 135,126,108 128,113,99 140,128,113 125,112,96 123,111,99 133,119,107 129,115,104 119,108,100 110,99,92 94,83,81 115,104,91 53,49,46 51,45,47 95,85,85 153,134,129 121,106,103 134,114,110 107,87,84 160,138,131 125,101,96 89,70,69 150,129,122 128,108,105 111,92,91 91,88,73 45,51,35 31,34,32 38,40,34 51,57,34 63,70,48 56,61,37 54,55,37 45,48,28 49,49,34 94,85,73 118,109,95 75,78,48 
67,63,53 66,69,45 65,76,49 69,72,44 63,71,32 72,83,47 59,65,46 64,72,49 72,79,55 57,69,47 62,72,52 70,78,56 78,90,56 140,132,116 136,120,106 147,133,122 132,114,102 129,113,103 138,121,108 130,113,104 123,110,103 118,106,99 109,97,90 120,109,92 74,71,60 60,56,53 109,98,98 151,131,127 121,106,100 111,103,79 108,89,81 134,113,107 148,124,119 142,119,114 151,130,125 138,118,116 132,111,109 80,75,62 57,66,37 72,74,56 78,79,56 68,73,46 85,86,60 54,59,33 39,42,25 44,45,29 42,46,25 115,108,86 92,88,58 75,76,37 
64,77,42 72,75,49 69,79,53 52,60,28 58,64,36 77,86,39 106,119,61 110,126,69 110,125,70 110,126,73 114,124,79 105,116,72 93,102,65 120,119,101 131,118,100 122,116,108 122,109,98 111,105,96 120,110,97 112,102,85 101,93,78 85,82,58 102,91,67 110,87,73 109,100,71 117,116,84 115,110,103 122,108,100 122,119,55 94,91,40 83,71,61 98,91,92 131,109,101 107,87,84 127,106,104 133,119,120 129,112,112 91,79,78 70,69,53 80,70,57 88,78,64 101,102,72 104,105,74 67,69,40 31,36,19 34,37,21 39,41,27 84,85,62 93,101,76 84,85,39 
98,106,64 72,78,48 65,72,48 60,63,38 72,78,47 91,101,58 113,125,71 119,129,72 118,129,72 116,123,72 108,109,62 105,104,56 109,119,70 102,109,62 93,95,52 89,99,52 87,92,49 92,97,61 96,98,59 99,95,67 110,106,84 116,110,93 118,110,90 117,111,88 115,112,83 117,116,88 118,118,87 115,118,84 77,91,41 84,91,50 111,112,75 111,110,75 104,99,74 92,87,62 93,87,64 86,82,56 87,88,54 91,91,57 104,105,69 96,100,61 96,96,60 105,108,63 99,104,51 64,69,25 42,45,19 35,39,19 41,47,23 84,90,48 98,104,56 86,88,46 
108,118,65 87,87,51 52,54,32 68,64,48 76,83,45 116,125,70 113,122,69 111,123,67 106,115,62 96,105,57 93,94,58 92,94,67 108,108,92 117,113,98 116,112,96 119,114,98 103,105,74 114,117,82 95,104,55 105,112,65 108,114,66 107,114,66 111,113,67 112,119,63 114,119,77 118,119,81 107,120,77 99,114,74 99,115,70 102,115,68 99,111,69 99,111,69 104,113,66 110,114,71 107,111,68 116,113,82 101,103,65 99,96,70 112,107,83 113,106,82 107,109,74 104,111,64 102,111,58 97,107,52 93,103,50 84,94,46 79,93,42 89,101,49 98,106,55 98,91,58 
97,110,57 93,100,56 54,57,33 65,73,42 65,78,38 83,99,48 87,103,54 81,97,50 100,102,76 119,116,107 128,121,123 142,133,132 131,128,114 115,120,90 103,112,72 100,111,63 108,117,68 110,118,68 112,118,70 110,117,70 111,116,71 112,113,73 113,113,74 111,112,64 118,123,71 114,121,68 108,122,82 108,121,74 101,117,62 93,110,57 93,109,62 89,105,62 90,105,57 97,109,58 103,111,61 102,109,61 103,110,61 104,110,62 103,109,64 107,113,72 119,118,91 137,129,108 142,129,111 127,120,89 109,111,69 95,105,54 92,105,54 106,115,57 95,109,50 91,92,48 
93,108,51 93,105,55 89,102,54 86,101,52 87,96,57 92,97,68 116,113,101 143,135,136 148,138,140 146,139,131 134,134,112 110,120,81 104,116,69 101,113,63 109,118,68 112,118,68 110,118,68 110,117,67 111,115,67 109,112,67 107,111,67 112,118,68 111,115,62 109,113,60 99,105,43 99,108,48 105,121,74 108,120,74 109,120,74 110,117,73 103,112,67 97,110,61 98,109,61 100,108,61 100,107,59 99,107,57 101,108,57 100,106,57 100,106,57 103,111,60 105,112,59 102,110,57 112,117,73 123,124,85 145,135,108 133,122,93 132,122,97 120,114,84 109,109,73 95,101,61 
84,95,49 81,89,55 86,91,63 102,98,87 139,130,133 155,144,149 157,144,150 144,139,130 113,121,81 106,120,71 97,114,60 104,115,66 114,122,73 115,122,70 112,119,68 112,118,68 112,117,67 111,116,66 111,116,66 109,116,66 107,113,67 98,106,53 101,108,46 99,108,49 88,99,36 90,101,44 111,124,68 113,124,69 113,121,72 116,121,74 109,109,74 113,112,77 110,115,67 101,109,55 101,109,53 101,108,56 102,108,55 101,109,56 97,107,56 96,106,54 104,111,59 107,114,59 110,115,59 106,116,56 98,110,52 99,111,56 120,121,84 138,123,100 170,150,136 173,151,138 
101,93,88 118,109,111 121,112,113 141,130,136 153,141,147 154,141,147 150,140,133 137,134,112 109,120,66 111,126,71 110,126,71 116,125,75 114,121,74 112,119,67 113,120,66 110,116,64 112,116,66 109,114,66 110,116,65 103,112,61 102,108,63 94,96,54 76,89,30 75,88,26 70,83,30 76,93,35 98,114,55 109,121,61 113,122,65 108,118,62 111,116,73 99,107,67 96,103,62 114,115,77 103,109,56 102,108,54 101,106,52 101,106,53 103,107,54 100,107,54 101,108,54 102,110,56 108,116,60 110,117,60 111,120,59 104,116,54 96,104,53 90,73,47 128,126,87 161,146,126 
115,105,108 126,114,118 138,125,132 138,126,133 142,131,139 142,131,137 119,110,73 124,129,79 110,118,63 109,124,68 113,127,68 115,125,69 111,120,68 113,120,68 113,121,66 117,120,67 112,116,65 104,112,64 97,109,63 94,108,61 95,103,58 89,100,49 79,97,37 74,91,37 81,94,46 90,88,51 91,103,48 96,112,49 102,115,54 103,115,53 104,115,58 114,113,75 100,104,60 105,104,67 106,109,67 99,106,54 98,105,52 99,104,52 100,105,53 103,107,56 105,109,56 105,110,56 106,113,55 108,115,56 111,118,58 111,122,57 106,120,55 105,118,60 105,114,57 128,129,79 
127,113,118 135,121,126 136,123,130 146,133,140 153,141,150 152,141,142 108,94,64 114,124,70 116,124,73 113,129,70 117,127,72 113,125,67 115,123,68 116,124,68 116,122,67 114,121,67 108,117,66 95,107,60 91,105,60 87,100,55 91,103,53 88,102,46 82,97,41 81,98,42 79,89,41 72,56,37 84,72,47 95,106,47 105,113,59 115,114,69 100,110,50 114,113,72 114,106,71 109,102,61 113,107,79 90,101,48 97,104,52 101,103,51 103,102,50 105,104,51 100,101,54 101,105,54 102,109,56 105,113,59 110,118,57 112,119,56 112,124,57 106,120,55 103,119,55 107,120,60 
142,127,129 140,125,129 145,131,136 151,139,146 156,144,153 157,145,151 112,95,77 117,119,80 114,125,74 108,123,65 109,123,66 113,124,67 118,127,68 114,123,69 112,122,68 107,116,67 99,110,63 95,108,62 92,106,58 85,100,52 89,100,50 92,104,51 93,104,52 94,103,54 91,106,52 90,99,48 94,99,50 101,112,52 98,109,50 108,112,60 103,111,51 109,110,65 111,92,66 116,92,69 111,96,70 102,105,59 96,102,48 99,102,49 100,103,48 99,101,45 98,101,46 99,103,53 104,108,57 102,109,57 102,112,56 111,116,57 113,118,57 111,120,56 107,119,54 106,117,54 
127,114,120 131,117,122 141,127,132 149,136,142 151,138,144 133,128,110 109,114,64 112,118,71 108,118,62 102,120,55 102,119,56 111,123,64 112,123,65 111,122,68 102,114,64 96,109,63 95,107,61 94,108,58 89,102,57 89,102,51 97,108,52 100,109,59 96,107,52 95,107,50 94,110,52 97,111,53 98,110,51 100,112,48 102,113,52 104,114,53 101,110,50 108,112,65 107,99,63 111,93,65 103,94,59 112,104,75 93,102,46 98,105,50 102,107,49 101,105,50 104,107,50 102,108,51 102,109,50 106,113,55 106,113,56 105,114,53 108,118,53 109,118,55 112,117,50 104,115,49 
127,113,119 142,126,129 139,124,129 139,125,128 135,122,122 122,120,91 119,124,69 111,119,65 102,116,55 100,119,53 105,123,62 110,124,65 110,122,66 104,116,67 97,109,61 97,108,61 96,108,60 93,106,59 91,102,55 98,106,54 103,110,57 99,106,55 97,107,50 99,110,52 96,108,49 99,111,54 102,114,53 101,117,47 103,116,48 96,111,44 97,110,43 112,114,70 99,96,52 112,98,65 98,100,58 113,107,80 93,102,46 95,102,47 96,104,45 102,105,51 100,105,47 99,107,47 100,109,50 99,109,49 109,112,51 110,116,54 110,116,55 110,119,56 109,120,53 105,117,51 
122,109,114 127,112,118 135,120,124 144,128,130 138,129,116 126,127,83 112,121,64 109,119,65 101,114,56 102,120,55 98,117,58 101,116,61 103,113,62 100,111,67 96,108,61 96,108,60 93,106,57 89,103,56 94,105,52 102,110,53 100,108,53 100,109,54 100,109,51 102,112,56 98,110,50 101,111,51 95,111,47 91,108,41 93,108,45 102,115,52 99,109,50 113,114,69 97,94,51 111,102,66 102,104,59 109,108,76 97,104,57 95,100,51 96,102,46 95,102,46 100,104,50 103,105,52 104,108,48 108,111,49 114,113,52 112,114,52 110,115,53 112,117,59 111,118,52 107,118,50 
124,110,115 134,118,124 147,131,133 147,132,128 131,125,99 115,119,68 114,111,76 107,113,64 130,122,63 108,121,60 95,111,52 96,111,59 99,111,58 93,105,61 93,106,57 95,107,57 89,104,54 87,98,51 96,104,52 102,110,52 105,113,54 105,112,55 101,111,53 99,111,56 96,107,47 100,112,47 99,110,47 101,109,46 100,115,51 96,111,45 97,109,46 106,111,59 97,97,54 108,105,65 103,106,63 92,102,63 94,102,62 94,100,50 99,106,49 97,106,50 98,103,50 99,103,49 107,107,48 108,110,48 108,110,51 114,116,53 113,119,55 113,118,54 110,117,55 110,119,55 
131,115,121 141,124,126 146,130,131 131,118,103 115,116,65 115,117,64 103,112,57 109,112,63 126,119,61 97,112,47 85,103,46 90,106,58 94,107,55 91,103,54 97,109,59 88,103,53 82,93,47 97,106,54 103,113,54 106,115,55 105,113,54 108,113,57 108,117,57 105,113,59 114,112,49 106,113,51 110,119,55 110,115,54 98,113,47 96,108,49 101,113,50 94,100,48 94,98,51 104,102,64 97,95,62 83,94,59 89,94,62 89,97,48 97,102,48 97,104,49 101,107,50 104,104,48 107,105,49 107,107,49 106,108,48 109,111,54 105,113,56 107,113,54 108,112,51 112,115,61 
144,127,129 144,126,128 143,126,124 127,118,90 113,118,62 102,109,55 104,110,55 117,119,71 126,118,61 110,110,49 117,109,53 94,109,56 98,112,55 103,113,60 98,107,55 85,95,48 93,102,53 98,108,53 104,112,56 105,112,55 105,114,53 111,115,57 105,115,55 103,113,55 107,114,55 112,118,56 104,117,53 106,118,56 107,119,52 98,114,46 98,110,46 99,107,55 88,95,45 101,106,62 95,98,61 87,93,56 95,104,69 91,103,61 92,99,47 100,105,49 97,104,47 98,105,47 100,106,45 101,103,44 102,107,47 101,108,46 106,110,49 108,109,50 105,106,50 105,105,51 
136,119,121 141,123,124 136,119,115 117,115,75 112,117,58 106,111,50 127,111,48 118,118,63 102,107,58 105,113,54 121,111,50 98,115,54 101,115,52 101,111,56 101,109,55 98,107,53 97,105,51 98,108,51 102,110,53 105,116,54 106,115,53 110,118,58 100,112,51 112,114,55 106,117,56 109,121,53 104,119,55 103,118,55 102,118,47 94,110,43 100,114,47 92,108,37 94,105,48 99,103,57 97,103,59 85,96,49 89,99,58 82,97,58 87,99,52 91,97,43 96,101,46 102,103,47 100,103,47 101,105,47 101,109,45 99,108,46 101,108,43 106,112,48 109,110,50 107,109,48 
135,117,121 133,118,116 125,111,104 116,111,67 114,108,51 105,111,54 117,108,50 114,115,58 109,111,58 126,117,53 112,114,62 96,114,52 102,116,56 102,113,55 103,110,53 99,112,51 104,116,52 100,112,51 103,112,54 107,117,58 102,113,51 94,106,49 99,111,52 103,115,56 104,119,59 102,117,54 103,119,54 103,121,51 95,114,43 104,122,47 99,116,41 94,108,42 95,108,48 93,101,53 94,101,56 87,97,52 89,102,61 97,113,67 99,113,61 115,124,81 97,108,55 94,101,51 103,110,60 96,105,49 103,112,52 100,111,48 101,109,47 100,105,44 99,107,43 101,101,44 
126,111,113 137,123,120 124,119,92 112,115,60 132,117,54 118,98,39 115,110,49 121,115,59 106,114,59 118,119,58 99,113,45 84,99,45 113,124,68 104,117,57 105,115,57 106,117,58 102,113,53 102,115,58 100,112,51 98,113,50 101,113,57 98,109,56 94,110,48 96,114,47 93,114,46 99,116,52 103,118,51 99,120,47 97,120,39 89,111,33 78,100,26 86,103,36 97,115,53 94,99,50 90,96,55 86,93,52 99,103,70 100,107,70 111,121,72 113,124,68 93,103,50 98,108,59 96,106,54 101,111,59 104,118,61 102,116,57 105,116,55 107,116,57 108,114,57 108,107,49 
143,125,125 133,117,109 110,108,73 112,105,50 130,109,44 114,111,51 102,112,54 103,107,49 106,115,62 106,117,64 103,119,58 102,121,59 103,117,62 101,115,58 101,114,56 107,121,65 99,115,54 102,116,60 97,111,53 92,108,46 97,111,55 92,105,47 95,109,53 88,108,38 90,110,41 98,115,53 94,115,42 90,113,34 79,103,27 69,89,27 61,80,23 87,100,42 101,115,47 93,103,51 87,89,52 82,87,49 72,84,44 72,88,42 90,102,45 111,122,66 83,94,43 88,99,47 86,100,44 85,96,48 99,115,54 103,118,51 101,111,59 101,109,59 70,76,49 80,85,51 
141,123,123 136,111,88 108,106,59 109,112,51 99,106,43 95,103,45 93,102,45 94,103,51 119,113,61 99,112,57 101,118,57 95,113,57 87,103,49 87,103,46 99,116,57 101,119,61 106,123,67 103,120,65 99,118,57 93,110,48 97,114,50 96,113,50 95,111,52 94,114,47 95,116,38 111,110,44 81,104,36 76,96,31 65,87,23 80,97,48 82,93,48 76,86,43 92,102,43 83,97,44 83,89,48 81,84,48 76,83,45 68,82,37 80,91,44 103,113,59 76,80,40 80,80,39 79,87,40 83,97,46 92,107,47 96,113,51 120,126,78 110,117,74 88,81,76 66,64,50 
132,119,112 152,128,102 134,133,101 137,137,105 128,131,98 132,135,106 130,134,102 131,136,107 130,137,106 101,113,68 98,117,59 95,111,62 101,114,71 92,108,55 109,125,76 97,115,60 97,107,60 94,112,56 88,109,47 91,110,47 93,110,49 92,110,49 96,114,53 95,118,45 85,104,29 90,105,48 79,97,46 67,85,29 63,71,28 93,111,59 90,103,58 74,84,42 74,81,40 73,84,41 85,86,50 86,87,53 85,84,50 72,82,42 67,77,34 88,96,49 73,83,43 76,78,37 78,81,36 89,98,50 79,85,36 76,88,35 86,99,40 87,102,50 63,57,48 72,63,48 
123,110,101 205,202,194 238,235,228 238,236,228 238,235,227 234,231,223 238,235,227 238,235,228 240,237,229 125,136,97 94,111,57 97,111,64 93,106,60 97,113,62 101,117,67 97,114,59 93,102,56 84,101,51 78,99,40 82,100,38 96,114,50 110,122,71 91,113,39 79,101,33 81,97,41 90,98,41 82,93,48 66,78,31 81,94,43 90,102,51 97,102,63 82,94,50 71,82,36 66,73,34 80,74,46 90,82,52 90,85,51 82,81,48 70,75,38 68,72,34 66,74,34 69,77,37 77,87,42 70,77,36 73,81,38 73,73,33 89,101,38 79,89,45 62,65,45 54,59,36 
124,104,98 208,201,192 238,235,228 237,233,223 232,226,211 225,202,155 238,235,229 239,236,229 239,237,229 119,129,93 91,105,55 90,102,57 89,100,55 95,108,61 95,111,62 90,108,53 89,110,45 88,106,53 82,101,49 108,124,90 95,114,53 97,117,57 84,106,41 61,78,26 55,69,29 79,88,42 73,86,42 76,88,45 74,85,39 81,93,46 94,99,61 85,91,54 64,72,33 72,66,41 84,74,50 90,76,51 89,78,49 90,82,53 83,77,48 85,80,45 75,74,44 75,81,47 71,76,39 74,80,40 76,77,37 74,80,36 73,76,34 63,70,38 61,62,51 62,60,43 
115,101,92 204,202,192 238,235,228 234,226,206 218,210,191 203,183,138 237,234,224 238,235,228 240,237,230 118,125,93 93,105,53 95,106,59 101,118,72 107,124,70 100,117,65 84,103,45 85,104,45 89,107,54 102,122,71 111,129,85 104,121,77 88,106,55 87,106,62 76,78,47 75,74,42 80,92,46 71,79,43 68,83,41 63,77,36 77,90,50 83,90,57 59,67,34 67,73,39 80,72,55 93,82,65 95,84,64 96,82,62 94,85,57 91,80,58 89,75,55 82,71,49 71,78,48 74,78,49 72,75,44 72,75,39 75,81,40 78,78,44 69,75,44 44,43,35 51,53,38 
105,102,75 204,202,191 238,235,228 234,227,210 220,213,195 209,202,186 233,224,203 228,223,212 228,224,213 119,127,93 83,99,46 101,116,61 113,133,70 109,129,63 102,118,61 78,94,39 77,95,43 91,108,59 112,126,86 105,123,82 105,123,82 91,105,64 91,107,64 99,109,75 75,90,48 70,84,41 68,76,43 69,80,44 66,81,40 65,81,38 58,57,35 75,79,51 70,73,46 83,76,60 109,100,89 113,103,92 142,133,135 121,112,104 102,92,71 106,90,69 90,80,59 80,79,52 78,72,54 79,85,55 88,86,55 82,81,46 84,75,45 78,71,44 56,57,45 60,61,44 
92,90,70 204,202,193 234,227,210 233,225,207 232,222,196 232,224,203 226,217,195 220,210,187 225,218,202 114,119,83 82,96,51 101,119,65 99,114,51 102,120,57 100,111,63 77,94,42 81,98,51 104,120,77 98,114,69 93,111,69 89,108,66 91,106,70 94,112,71 93,110,71 100,118,77 74,89,49 81,93,58 98,108,74 75,90,49 70,79,45 74,75,48 82,78,58 107,102,84 129,124,123 118,106,104 136,130,134 135,129,134 146,140,144 122,111,101 107,92,79 103,91,77 99,88,71 75,66,55 65,63,47 64,54,44 64,54,44 63,55,43 66,53,44 52,49,40 67,60,44 
96,94,69 204,202,190 235,229,212 232,223,198 223,224,200 231,224,209 232,225,208 231,226,213 231,224,207 113,114,82 75,88,47 95,112,58 100,116,57 94,109,49 81,93,47 75,81,39 86,98,56 108,121,83 95,112,71 95,112,73 94,114,76 101,119,83 78,96,53 84,102,61 92,107,73 100,112,84 96,103,74 103,106,77 81,94,59 81,92,60 80,87,52 100,94,74 116,108,103 105,93,91 114,100,98 133,123,126 143,137,143 133,125,130 150,141,144 131,117,115 148,140,138 139,128,122 55,50,46 35,35,35 47,47,47 84,95,105 155,151,125 114,118,83 44,44,44 74,63,54 
118,92,60 86,84,78 88,86,79 89,87,82 82,84,76 86,84,79 87,84,79 86,83,77 86,84,78 69,70,46 84,97,55 94,109,57 98,112,53 78,89,40 82,92,45 77,86,44 80,94,51 97,111,73 97,116,75 93,114,76 79,98,56 88,105,65 66,79,39 82,100,58 96,108,77 95,101,76 80,86,55 83,86,57 90,100,72 79,89,54 94,87,66 98,89,73 102,91,90 114,106,107 113,101,99 113,102,101 122,113,116 128,122,127 150,142,147 154,144,146 143,131,131 132,120,118 75,68,65 61,56,52 60,54,49 65,59,54 73,69,58 69,64,52 60,53,45 80,69,58 
