71,82,50 94,99,89 88,92,89 149,152,155 173,174,181 173,173,179 175,176,180 175,175,179 175,175,179 193,193,198 192,193,197 193,193,197 189,189,191 197,197,199 202,203,203 198,197,199 195,196,197 191,192,190 188,190,190 183,183,184 184,185,186 186,189,191 186,190,191 186,188,189 186,187,189 189,191,192 190,192,194 191,195,198 189,193,196 190,194,196 195,199,201 129,119,109 101,87,71 109,98,82 87,73,56 106,95,80 104,90,76 104,92,79 100,88,76 103,87,71 108,97,81 99,88,72 103,94,79 99,93,81 103,92,74 103,93,78 103,93,80 102,94,78 95,86,74 90,82,70 
43,45,39 55,56,53 70,70,71 70,70,72 70,70,72 67,67,68 68,69,69 69,69,70 65,66,66 193,193,198 191,191,196 191,190,195 188,189,192 195,197,198 202,202,203 190,190,194 192,193,195 196,196,197 192,193,192 187,188,188 184,184,185 187,189,190 186,190,191 184,186,187 183,184,186 186,187,189 190,192,194 189,192,194 187,189,193 188,192,194 192,196,199 115,103,89 109,96,82 111,100,88 86,73,57 108,94,80 95,83,69 93,80,66 100,85,73 98,84,69 60,53,43 35,35,30 102,94,78 100,92,78 100,93,78 97,88,75 103,95,81 100,91,77 93,84,73 87,78,63 
49,51,46 75,78,72 104,105,104 116,115,117 106,106,107 116,116,117 104,104,105 114,114,115 96,95,96 192,192,197 191,192,196 191,192,195 191,192,196 193,194,196 197,197,199 189,189,191 191,192,193 196,197,197 200,199,198 198,197,195 185,185,185 187,188,187 187,189,189 183,184,185 183,184,186 185,186,188 187,188,190 186,188,191 185,187,190 188,191,194 190,193,197 125,114,101 110,98,85 107,97,84 88,78,62 92,80,66 73,59,46 91,80,66 101,88,74 79,70,57 49,55,50 50,55,50 103,89,75 101,93,79 99,93,79 99,91,78 98,88,75 97,86,75 95,85,74 89,79,64 
41,43,39 42,45,39 47,49,45 58,59,58 67,67,68 68,68,69 68,68,69 68,68,69 67,67,68 193,193,198 194,195,199 195,196,199 194,195,197 193,194,196 194,195,197 187,186,189 187,188,190 195,194,195 199,199,198 196,196,194 183,183,183 184,185,184 187,188,188 181,182,182 182,183,184 184,185,187 183,186,187 184,186,189 185,188,190 187,190,194 173,172,172 111,98,85 108,95,80 109,99,86 84,74,59 72,61,47 67,54,41 90,79,65 105,93,77 81,75,61 54,64,58 53,58,53 101,89,75 101,94,80 98,95,84 101,94,83 99,89,77 95,84,71 96,88,76 95,89,78 
40,42,37 57,59,53 65,67,61 66,67,63 76,77,74 66,65,67 65,65,67 65,65,66 65,65,66 194,193,198 198,198,203 199,200,203 196,197,200 197,197,199 193,194,196 185,185,189 184,184,187 188,187,189 194,193,194 192,192,190 182,181,180 182,182,181 181,182,181 180,182,180 180,182,182 182,184,185 174,169,165 172,171,170 157,154,150 158,157,155 115,105,96 112,98,84 110,98,87 84,72,59 79,68,55 76,66,51 70,62,48 96,86,71 104,92,76 78,74,61 54,65,58 58,62,55 106,95,80 104,96,80 97,96,83 100,94,83 101,93,79 102,93,79 99,92,77 98,95,85 
69,80,58 66,74,50 70,80,53 57,66,42 74,85,57 117,122,113 174,174,181 170,170,177 170,170,175 192,192,197 195,196,200 198,199,203 198,199,202 201,201,204 198,198,200 185,185,188 182,183,185 185,185,187 192,191,192 187,186,184 181,181,180 181,180,179 177,178,177 178,178,179 179,180,181 176,172,170 126,102,82 132,120,110 132,118,107 118,102,88 111,99,86 111,102,90 84,73,59 75,64,50 90,79,64 91,80,66 85,78,66 96,87,74 99,87,74 74,69,59 54,65,59 61,64,56 105,96,82 104,97,83 102,96,82 101,94,79 103,94,81 101,94,81 98,91,77 101,99,90 
65,75,54 71,85,51 62,72,41 53,61,34 56,65,36 112,117,102 187,187,194 193,193,201 191,190,197 190,190,195 191,192,196 193,194,198 195,196,200 199,199,203 204,204,205 193,193,195 182,184,186 181,182,184 185,186,186 183,183,180 179,179,177 176,176,175 173,175,173 175,176,176 181,180,182 145,135,127 116,101,88 139,125,115 137,123,111 113,99,86 115,103,91 110,99,86 78,65,51 77,65,51 84,77,65 73,65,57 91,82,71 96,89,76 99,89,78 72,70,58 58,68,60 65,68,58 101,91,78 103,97,83 102,95,81 101,92,79 102,94,83 100,93,81 95,88,75 100,100,91 
52,59,34 61,71,40 67,77,48 61,72,41 50,61,32 86,96,70 194,195,199 199,199,206 193,192,200 189,188,196 188,188,195 188,189,194 189,190,195 192,192,197 197,197,200 191,192,194 182,186,187 178,182,182 179,180,180 177,178,176 174,176,173 172,173,171 172,174,171 173,175,173 159,156,152 136,122,111 137,122,109 124,106,90 121,103,87 117,104,90 115,106,94 114,103,89 88,75,61 101,91,80 44,42,40 65,61,56 92,85,73 99,91,79 103,95,83 72,72,62 54,63,56 65,64,55 101,91,78 102,96,82 100,94,80 97,88,76 97,90,78 96,91,79 94,86,74 105,105,98 
68,77,43 57,68,40 73,83,53 71,82,50 60,70,38 62,72,44 142,148,136 206,206,212 198,198,205 193,193,200 189,189,197 187,188,195 188,189,195 189,190,195 188,189,194 186,187,191 181,185,187 176,181,182 174,178,177 172,175,173 169,172,169 170,172,169 171,173,171 175,177,175 134,123,112 121,104,89 112,93,76 117,97,78 116,95,76 117,103,88 105,96,84 112,103,91 100,88,73 103,97,86 51,50,46 76,71,63 93,86,77 104,94,82 104,97,83 66,64,54 77,77,67 85,79,66 100,92,79 99,94,80 100,94,83 98,88,78 99,93,83 98,93,83 94,86,73 106,109,106 
68,79,49 55,66,39 59,67,42 68,79,44 65,74,41 51,56,31 69,80,46 103,112,89 177,180,182 196,197,203 195,194,201 194,195,200 193,194,199 193,194,199 190,192,197 188,190,194 185,189,192 181,185,187 175,179,180 173,175,173 170,174,171 171,173,171 172,174,173 172,172,171 115,98,81 123,105,90 128,108,90 127,109,91 119,101,83 119,107,94 105,96,84 113,105,95 100,88,75 105,96,86 84,80,70 99,94,82 92,84,74 97,89,78 92,86,74 89,82,68 99,91,76 97,85,73 102,95,84 102,95,83 100,94,81 100,92,81 101,94,84 99,91,79 95,86,73 106,109,107 
65,75,48 57,69,36 45,54,29 65,78,44 77,90,54 63,74,41 73,86,47 53,64,39 69,81,48 123,130,117 184,186,189 195,197,202 193,194,199 197,198,203 195,197,202 191,194,199 188,192,196 187,191,193 185,189,189 177,181,178 177,181,178 175,179,176 177,180,179 149,145,140 125,110,96 127,109,94 128,110,95 129,112,97 121,107,90 122,113,102 104,96,84 115,107,96 104,94,81 107,100,90 105,101,90 103,100,88 87,80,69 97,90,79 95,87,77 100,89,75 102,93,80 102,93,81 104,95,84 103,97,85 101,94,82 102,94,84 104,95,85 96,88,77 87,79,67 90,89,84 
46,55,26 62,76,46 61,73,36 75,88,51 76,89,48 73,85,45 77,88,51 66,75,44 53,63,39 59,69,43 70,82,52 117,123,112 198,198,204 198,199,204 197,200,205 195,198,203 189,193,198 187,192,197 185,190,193 174,179,178 175,180,176 176,180,178 182,185,185 147,141,136 127,113,100 125,110,96 131,116,103 127,112,96 122,111,97 120,113,104 104,98,87 115,108,98 105,96,83 109,103,93 100,95,85 96,90,79 91,85,75 103,97,89 102,92,81 103,94,81 105,96,86 105,96,85 99,91,80 89,83,73 78,74,63 69,67,57 61,59,49 54,51,41 52,48,36 87,88,82 
46,57,31 50,59,31 43,50,23 49,60,29 62,76,36 83,97,56 71,81,41 80,91,50 52,57,42 46,55,36 49,59,36 81,90,69 199,202,209 194,196,202 193,196,203 199,202,207 199,202,207 189,193,194 158,167,161 159,166,161 170,175,174 171,175,176 189,191,191 155,151,146 131,119,106 116,103,92 125,111,100 126,112,98 119,107,93 124,118,109 105,99,90 117,111,101 102,93,83 114,109,100 113,108,97 108,101,92 102,99,89 97,93,84 86,78,68 84,78,67 72,69,59 59,59,49 56,55,45 56,54,41 53,51,39 48,45,33 44,39,27 48,42,29 65,60,49 91,93,89 
36,38,27 37,38,26 41,44,29 50,55,29 55,67,30 84,97,55 69,79,40 66,74,38 64,76,42 67,80,47 57,67,43 60,73,46 157,163,158 194,197,204 196,199,205 200,203,208 155,159,154 126,133,116 102,114,87 120,130,113 168,175,173 177,181,182 188,191,192 161,157,153 132,121,111 74,67,61 116,105,97 128,115,103 123,107,94 125,116,108 121,115,108 130,123,115 124,114,105 127,122,113 106,104,94 95,91,82 76,75,66 59,58,48 67,60,41 55,47,30 50,45,31 54,48,31 56,48,30 56,47,28 55,45,26 48,39,23 46,41,27 59,54,41 77,76,68 94,97,95 
35,38,25 43,45,26 45,51,26 49,54,27 50,60,29 62,72,35 75,84,47 81,92,48 68,81,44 61,74,43 66,80,43 63,76,43 94,103,83 193,197,202 200,203,209 187,190,190 99,103,78 68,77,52 69,82,49 66,75,49 127,136,129 176,179,180 187,190,192 153,150,148 131,124,115 104,94,86 125,116,106 129,116,104 128,116,105 127,118,110 133,125,120 109,103,94 90,84,73 70,71,63 64,64,54 61,59,49 58,54,39 57,49,32 95,86,64 60,53,35 49,40,25 47,40,27 41,36,26 37,34,26 35,35,27 36,33,25 55,51,38 68,65,55 83,81,75 98,100,97 
30,31,24 32,32,24 42,47,25 45,54,29 51,60,34 73,83,47 64,75,37 74,87,36 60,72,36 59,71,39 50,63,34 58,71,38 64,76,45 163,168,164 202,205,209 136,139,131 85,83,61 69,76,47 59,69,44 59,69,42 53,51,27 144,147,147 194,196,198 158,156,156 131,124,116 132,121,111 134,124,114 130,117,105 128,117,107 113,109,100 85,83,75 80,74,63 83,71,55 66,53,38 63,55,38 61,53,35 52,47,33 43,39,29 110,104,85 35,34,30 23,23,24 25,27,25 23,24,24 31,31,27 28,27,26 40,38,30 62,58,47 76,74,65 90,90,86 100,99,95 
29,31,24 26,27,24 42,45,28 55,59,39 52,60,34 60,67,36 60,71,32 66,78,38 49,59,33 44,54,32 44,55,30 40,49,27 51,63,37 140,150,130 139,136,123 61,66,39 50,50,35 50,51,33 63,68,42 47,51,31 48,45,32 97,99,96 194,197,200 160,160,161 133,125,117 134,125,115 132,123,112 128,113,102 128,117,109 84,74,65 65,53,45 81,71,59 85,77,64 34,31,24 38,36,28 45,46,40 35,36,32 29,29,26 123,116,97 36,35,29 36,33,30 28,27,27 40,36,32 55,49,39 54,49,38 49,46,39 68,64,55 69,67,61 99,99,97 99,101,96 
28,30,24 26,28,23 28,30,23 57,65,34 47,48,31 66,73,37 68,81,31 64,77,32 50,62,35 50,62,35 53,66,34 44,53,33 43,51,32 74,90,51 83,83,60 62,61,45 67,64,49 61,65,42 91,96,57 65,65,40 62,59,45 66,64,56 124,120,115 118,113,110 130,121,114 83,73,66 115,105,96 130,116,105 128,117,109 106,96,89 79,69,61 83,74,66 88,80,70 31,30,25 87,78,64 57,52,44 68,62,47 64,57,42 133,125,105 63,57,44 62,55,44 37,34,31 60,53,42 67,61,46 62,56,44 58,55,48 48,45,44 32,31,32 104,108,107 99,100,95 
28,29,22 30,34,23 29,31,22 35,39,24 28,29,23 49,52,35 75,71,63 108,108,94 43,53,28 43,51,30 51,62,35 44,54,32 43,51,31 61,73,41 84,92,60 43,46,33 43,49,33 43,48,33 104,103,55 68,64,43 28,30,22 34,38,28 73,76,58 96,90,84 130,121,114 90,78,71 119,110,101 131,116,106 127,117,110 113,104,97 92,83,77 93,85,77 85,77,68 29,27,23 81,77,71 45,41,38 45,42,36 55,54,49 134,126,108 44,41,36 49,45,38 29,28,28 37,35,32 46,43,36 27,27,27 68,67,62 46,44,44 41,40,39 104,109,108 100,102,97 
22,24,22 23,24,21 29,33,22 31,35,22 30,31,24 32,32,25 39,41,29 70,74,48 37,43,26 32,36,25 36,43,26 41,49,29 49,59,34 59,73,41 69,81,49 46,56,36 36,39,28 43,48,33 93,82,51 64,59,45 35,37,26 31,35,27 42,47,38 86,81,74 125,117,109 87,77,71 118,109,102 129,117,107 129,121,113 116,106,99 100,91,84 99,92,84 78,71,65 30,27,24 86,78,68 51,46,42 48,45,38 55,56,51 128,123,106 26,26,28 34,31,31 26,26,27 26,25,28 46,41,36 41,39,35 77,74,68 84,80,76 88,85,77 105,107,106 100,101,98 
85,68,63 114,102,84 110,97,82 68,68,49 48,50,35 41,44,29 32,32,28 45,45,40 33,32,29 34,33,27 28,28,24 45,47,30 50,53,39 47,52,35 60,64,46 54,59,43 35,36,29 31,33,26 64,62,51 58,61,42 68,67,56 45,47,37 56,55,48 97,90,86 123,114,108 92,83,75 119,109,103 130,118,109 117,111,95 114,105,94 103,93,85 99,97,79 74,67,62 44,45,25 58,54,41 49,46,42 56,53,43 63,63,54 125,120,105 33,35,34 35,36,33 30,29,31 78,63,40 82,67,44 53,49,43 78,75,71 86,82,78 73,70,64 90,92,89 101,102,97 
109,93,81 125,116,100 138,129,106 113,106,94 83,76,65 85,70,58 85,82,62 96,94,69 37,37,29 92,93,63 58,57,41 68,72,45 59,59,41 52,50,40 82,75,69 93,87,82 72,67,57 36,37,27 37,37,31 58,68,35 114,114,81 103,106,76 103,102,79 99,96,87 122,111,104 118,105,97 127,115,108 129,115,107 118,108,100 111,101,93 96,86,77 93,91,74 71,63,59 58,58,39 66,61,47 55,54,47 55,57,45 71,71,62 115,111,100 36,37,33 31,31,30 36,34,34 52,44,36 59,53,42 33,32,32 72,70,67 88,86,80 80,78,71 100,105,104 105,104,100 
86,74,66 108,90,76 90,76,65 90,73,70 81,79,49 93,89,61 71,68,52 111,101,85 56,53,40 110,105,73 70,70,45 67,72,39 61,60,41 73,67,52 95,88,81 118,113,109 114,108,103 75,71,63 45,45,36 46,57,27 49,62,28 66,82,38 65,79,43 75,79,58 118,106,97 129,116,106 132,119,111 127,114,104 107,103,97 104,106,104 106,108,106 110,112,110 97,100,100 88,93,95 75,81,83 63,67,72 60,63,64 88,90,89 111,109,103 52,54,52 56,58,52 45,45,46 45,45,42 53,55,45 35,34,34 70,68,65 90,89,80 66,75,35 68,80,39 90,91,72 
65,64,44 122,127,73 114,125,67 110,120,64 77,87,43 83,100,36 72,84,37 94,107,58 52,59,30 66,77,33 60,64,37 67,64,49 79,71,68 97,90,87 101,96,93 94,90,87 69,66,61 52,49,44 66,70,43 66,71,47 72,75,52 76,77,58 89,85,73 103,95,87 110,102,95 108,100,93 98,91,83 109,103,97 108,105,100 109,110,106 111,114,113 111,117,116 105,112,114 102,111,114 103,114,119 102,112,118 98,108,114 98,106,109 94,101,101 82,91,91 79,85,86 79,86,86 73,79,80 74,79,80 69,73,75 73,77,75 83,85,83 75,78,66 77,81,63 84,82,66 
56,55,42 121,133,72 114,133,63 109,124,59 83,89,45 85,101,46 69,75,40 83,87,63 56,53,36 70,66,50 71,63,57 88,78,74 116,105,101 127,118,114 131,124,119 135,128,122 121,114,107 126,119,110 128,120,114 139,131,126 138,131,125 133,126,120 125,119,114 118,112,108 121,116,112 116,111,106 111,105,100 105,99,94 100,93,90 114,108,104 119,113,110 115,113,110 112,111,111 112,114,114 102,108,108 104,111,116 101,111,113 96,103,107 97,104,103 94,100,99 94,101,99 91,98,96 85,93,91 88,96,95 86,94,92 80,87,86 73,80,80 67,75,70 68,73,65 91,86,77 
63,51,37 93,108,52 82,97,45 74,88,41 77,73,43 62,74,34 66,69,42 92,86,78 80,70,64 82,73,68 115,103,100 133,120,117 141,132,129 149,141,138 150,143,139 148,140,137 145,137,132 148,139,133 150,142,136 143,137,132 139,132,127 134,128,124 126,119,115 117,111,107 107,102,99 101,97,93 104,100,96 103,98,94 108,103,100 115,110,107 117,111,109 122,117,115 123,118,115 123,119,119 126,123,123 120,119,121 109,111,112 101,104,105 100,104,105 89,93,91 83,88,85 89,95,92 89,94,90 88,95,91 88,95,92 86,92,90 76,82,80 93,97,95 89,92,87 85,82,74 
67,45,34 75,86,43 72,82,41 71,75,41 88,82,63 90,86,70 97,88,80 99,89,83 109,98,94 132,121,117 144,132,131 146,134,133 150,139,138 148,141,139 154,147,144 152,144,142 148,140,136 151,142,137 144,138,133 139,132,128 123,116,113 129,122,117 124,116,112 108,101,98 104,98,94 105,101,97 103,99,95 117,112,108 125,120,116 123,118,116 126,121,119 124,120,119 127,122,123 125,122,123 124,122,123 121,118,122 118,116,117 112,111,112 108,107,108 108,106,104 102,99,95 92,92,89 94,93,90 93,93,89 90,92,88 89,92,89 87,89,86 86,91,87 79,84,80 82,85,82 
77,75,49 73,75,44 86,86,61 100,93,83 101,93,87 102,93,85 101,94,92 113,105,103 140,131,129 143,133,132 141,131,130 150,138,138 154,143,143 148,140,141 153,146,145 148,141,138 146,137,132 145,137,133 139,132,127 144,136,132 133,125,122 121,113,109 134,125,121 129,122,117 125,119,114 119,114,110 122,118,114 127,123,118 123,120,116 114,112,110 120,118,116 128,123,122 124,120,121 124,121,121 130,127,127 126,123,126 118,116,120 114,112,115 116,115,114 110,110,107 104,105,104 110,109,106 107,106,103 102,102,99 99,99,96 100,99,95 108,106,100 96,95,91 87,89,85 98,99,96 
91,86,64 116,106,94 118,107,98 111,102,94 109,100,94 106,97,91 120,112,107 139,131,129 145,135,133 146,136,135 152,140,139 153,142,141 155,145,143 155,146,143 156,147,144 146,139,136 147,139,135 150,141,136 143,134,128 142,132,128 146,136,133 138,130,125 131,123,120 127,120,116 131,126,120 126,121,117 121,117,114 113,111,110 118,116,114 120,115,112 123,119,118 121,116,117 130,125,126 137,132,131 131,129,130 130,128,131 124,122,124 127,123,123 115,113,115 109,108,109 115,114,113 114,114,110 113,111,108 104,104,102 104,104,101 109,107,104 107,106,101 102,102,98 93,93,88 99,99,93 
105,92,77 112,100,91 107,99,90 104,94,86 108,97,92 130,120,118 145,134,131 149,140,136 151,140,138 153,144,142 152,141,140 151,140,138 153,143,141 154,144,143 148,141,142 146,140,137 147,139,136 152,143,139 150,142,136 145,138,132 144,134,130 142,132,128 134,125,121 129,122,118 118,113,111 121,117,114 126,122,119 121,117,115 112,108,106 106,102,100 119,113,113 138,133,131 136,130,130 133,129,129 128,126,128 136,134,135 130,128,128 122,120,121 123,121,121 118,116,116 118,116,115 118,116,113 111,110,108 112,111,109 117,116,112 115,115,111 111,111,107 111,111,107 95,94,90 90,89,86 
103,92,83 102,92,82 102,92,83 115,104,100 139,129,126 153,142,139 154,144,141 154,143,141 157,146,143 152,142,141 154,143,143 152,142,140 147,139,137 150,143,142 156,152,151 148,143,141 151,143,142 153,146,141 152,144,139 149,140,134 143,134,130 140,130,128 135,127,124 128,122,119 124,119,117 118,115,113 108,105,103 111,109,107 127,124,121 127,123,121 129,124,122 120,117,118 119,116,118 134,130,131 142,138,136 139,136,135 131,128,127 122,119,121 124,122,120 123,121,120 121,118,115 118,116,113 116,114,112 117,116,113 121,120,116 111,110,106 112,112,108 105,105,102 109,108,103 109,108,102 
119,106,101 127,113,109 139,127,123 155,143,140 159,145,143 153,141,138 143,133,132 150,141,140 153,145,144 153,144,143 148,138,137 154,146,144 157,150,149 169,165,165 156,151,149 154,149,146 145,139,139 151,141,137 150,140,137 142,133,129 133,124,122 131,123,120 130,123,120 124,118,116 118,113,111 109,108,106 110,107,106 123,119,116 128,124,121 125,121,120 130,126,125 128,124,125 137,131,132 147,141,140 136,134,133 132,129,131 130,126,127 131,127,126 129,125,124 125,123,122 120,117,116 109,107,105 110,108,105 121,118,115 121,120,116 118,116,112 114,113,110 103,102,98 93,91,87 88,86,80 
143,127,126 145,132,132 152,142,140 153,142,141 154,143,142 159,148,147 151,142,141 158,149,148 156,148,146 154,147,145 153,144,143 151,143,141 152,146,144 154,148,145 154,148,145 151,145,143 140,134,134 147,140,138 147,139,136 142,133,131 143,134,130 132,124,121 117,112,110 112,108,108 120,116,114 122,119,117 125,121,119 120,117,114 115,114,113 118,115,115 133,128,126 145,139,136 146,138,136 144,138,137 135,132,135 131,129,132 135,131,131 136,131,131 135,132,130 125,122,121 119,117,117 119,117,115 108,106,105 117,115,112 122,118,114 114,113,109 104,104,103 111,110,108 115,114,111 112,110,107 
145,133,132 157,146,147 159,147,144 158,147,146 157,146,145 158,146,146 151,140,141 160,150,151 160,152,151 156,148,146 153,145,143 143,136,134 144,137,135 152,144,142 153,146,143 149,142,142 150,144,143 139,133,134 145,138,135 140,131,127 126,118,118 118,112,111 113,108,108 116,112,111 125,120,118 128,124,122 129,125,122 121,118,117 121,118,116 137,131,128 145,138,136 144,138,136 134,130,130 143,138,137 143,138,138 140,135,136 140,136,135 138,133,131 136,131,128 133,127,124 128,123,121 123,120,117 121,119,117 122,120,117 124,120,116 120,117,112 110,106,104 106,104,102 114,112,108 115,113,109 
154,141,141 161,149,149 160,150,148 159,150,148 159,149,149 152,142,143 155,146,147 155,146,148 156,148,148 156,147,146 149,143,141 142,136,134 147,141,140 153,146,145 153,147,147 150,145,145 149,143,142 132,125,126 135,131,129 135,125,121 130,121,119 124,117,116 123,118,117 120,117,114 116,112,111 114,111,110 121,119,117 133,128,125 134,127,124 141,135,131 141,135,133 130,127,128 128,126,129 137,134,134 149,142,140 144,137,138 139,132,132 137,131,130 138,133,130 133,128,125 131,126,123 130,125,121 129,125,123 129,125,122 125,122,119 122,120,116 122,119,116 122,118,114 121,117,111 122,118,113 
159,148,148 162,153,153 160,151,150 157,147,147 155,146,146 149,140,142 152,143,143 155,147,148 156,149,149 154,147,149 149,144,144 144,139,139 148,142,142 144,138,138 145,141,141 144,140,141 150,148,148 144,141,139 139,136,135 149,145,144 135,123,119 138,131,129 122,118,116 115,114,113 114,112,111 117,114,113 124,120,118 138,131,128 140,133,129 141,134,131 141,134,132 129,125,127 139,133,135 149,143,141 145,139,139 147,140,140 146,137,137 140,133,131 136,130,128 135,129,127 132,128,126 131,126,124 131,128,125 131,127,123 128,125,122 126,123,120 124,121,120 125,121,117 122,119,114 122,116,111 
156,147,147 151,141,141 155,146,145 159,150,149 156,146,146 152,141,143 154,146,146 156,149,149 154,148,148 154,146,147 148,143,144 145,142,142 138,134,136 132,126,126 151,149,149 147,144,144 153,151,152 150,149,148 147,145,142 139,136,135 135,127,123 134,128,126 122,117,116 117,115,114 116,114,113 125,122,121 137,132,128 140,134,130 143,136,132 146,137,134 145,135,133 146,138,137 150,141,140 148,141,140 149,141,140 150,141,140 145,138,138 141,135,134 139,132,131 138,131,126 133,127,126 130,125,124 133,128,125 134,129,125 132,128,124 129,125,122 120,116,115 122,120,117 122,120,117 121,117,113 
157,148,147 161,152,151 163,154,153 156,146,147 152,142,141 153,145,144 156,149,148 156,148,148 154,147,147 146,139,138 141,136,136 148,143,144 155,152,152 141,135,134 148,144,144 151,149,150 146,143,145 148,146,146 151,149,149 145,140,138 150,148,146 135,129,127 126,121,120 121,118,117 135,131,128 137,132,128 140,135,130 142,136,132 143,135,131 147,137,133 147,139,137 145,137,136 146,137,136 150,143,141 153,146,144 150,143,142 147,140,140 144,137,137 139,134,133 137,130,130 139,132,130 132,129,129 132,130,130 133,129,127 134,129,125 132,127,123 125,119,117 111,108,108 122,119,116 126,122,119 
162,153,152 162,153,153 160,151,151 144,135,134 147,137,137 149,142,140 148,141,140 140,131,130 148,141,141 151,145,144 148,144,143 151,147,148 149,144,145 140,135,134 149,145,145 149,146,146 152,150,151 148,146,146 148,146,145 147,145,145 140,136,135 136,133,132 125,117,114 135,128,126 138,132,129 140,133,129 140,134,130 144,136,132 145,137,134 146,137,134 147,140,137 143,136,135 140,134,133 149,143,143 151,144,144 150,143,143 146,139,139 142,136,136 143,137,136 139,133,134 140,134,134 132,130,130 133,132,130 132,129,128 134,129,127 134,129,125 131,126,122 129,122,118 131,126,121 131,126,122 
153,144,144 152,142,141 142,133,131 137,128,127 136,129,131 147,142,142 146,138,139 150,145,147 149,143,142 151,148,147 151,147,145 153,150,148 148,144,145 147,144,144 151,149,148 145,143,142 145,143,145 142,140,140 144,142,142 148,146,147 145,142,141 141,138,138 138,132,130 139,133,132 140,134,132 141,134,131 143,137,132 143,137,133 144,137,134 147,139,135 145,138,135 144,138,137 152,144,142 150,143,143 147,141,141 147,141,141 145,139,138 144,138,138 143,137,136 139,135,135 138,134,134 133,130,132 128,126,127 120,119,121 131,130,129 131,128,125 132,129,124 133,128,125 137,132,126 134,128,125 
132,121,121 132,122,121 133,123,124 145,137,138 133,124,125 150,143,143 147,139,138 144,138,138 149,143,143 149,146,146 151,147,146 142,137,136 147,142,142 153,150,151 153,150,150 144,141,141 144,143,143 145,143,144 148,146,147 150,148,150 145,143,145 137,134,136 144,142,145 133,126,123 140,134,132 139,133,129 143,136,131 143,137,133 145,138,134 146,139,136 146,139,136 150,141,139 152,144,141 153,145,143 152,143,140 146,139,138 146,139,139 146,140,140 147,141,141 137,133,134 136,132,133 135,132,134 129,128,130 117,116,120 118,117,119 132,131,130 136,131,129 135,131,127 121,118,117 133,128,125 
128,118,118 138,129,130 145,136,135 138,129,129 136,129,130 148,141,143 147,138,139 137,129,129 150,145,145 151,148,148 152,150,151 153,148,148 149,147,146 145,142,142 148,146,148 144,139,140 143,139,139 149,146,147 150,148,148 150,148,149 140,137,137 135,131,131 130,129,132 135,134,134 134,128,125 140,136,133 142,135,132 143,136,132 143,136,132 141,134,132 146,139,137 150,142,140 152,143,141 151,143,140 152,143,142 151,142,140 149,140,139 137,129,132 132,127,127 139,135,135 141,136,135 127,125,127 118,117,121 113,112,115 110,109,113 119,119,122 131,130,129 130,127,125 59,45,45 118,116,113 
136,126,126 130,122,121 139,133,133 137,131,130 138,133,133 143,138,138 140,134,134 132,127,126 152,149,149 153,152,152 152,148,150 147,143,142 144,141,141 145,142,143 148,146,146 149,145,145 135,133,132 146,142,142 149,146,147 142,140,142 138,135,135 135,132,133 130,128,130 139,138,138 144,142,141 139,134,132 144,139,135 141,135,131 138,134,131 144,137,134 148,142,139 148,143,141 152,144,142 151,143,141 151,144,143 152,144,143 153,145,143 145,140,141 132,127,128 133,130,131 143,140,140 137,134,135 122,122,125 114,114,117 115,116,119 117,118,123 121,120,122 123,121,119 86,76,76 116,114,112 
139,130,131 238,235,228 238,235,228 235,229,214 235,230,221 238,235,228 238,235,228 213,210,204 151,149,147 144,141,143 143,140,140 146,142,143 145,142,142 150,146,147 154,151,150 152,149,149 139,137,137 147,143,143 147,143,145 153,151,152 134,131,132 136,134,134 136,134,136 136,135,134 148,148,149 145,142,140 141,136,134 138,135,133 139,135,133 146,141,137 144,140,137 148,142,139 152,145,143 152,145,144 151,145,144 149,142,141 149,142,141 146,141,140 141,136,136 142,136,136 137,132,131 141,138,138 136,134,135 123,121,125 118,118,122 116,118,122 130,129,131 136,135,133 68,67,67 131,128,126 
145,138,138 239,236,228 238,234,224 232,224,202 219,196,150 235,229,214 238,235,228 211,208,203 148,145,144 149,146,144 149,145,144 151,147,149 152,150,149 151,149,149 154,152,151 148,146,146 139,136,135 139,137,135 158,157,159 158,156,158 144,142,144 141,139,141 136,134,134 136,134,132 144,145,146 129,125,126 131,126,124 138,136,134 139,137,135 140,136,134 144,138,137 145,139,137 152,145,143 151,145,143 151,144,143 152,144,142 150,144,142 144,138,137 144,139,140 144,139,140 149,141,141 140,135,136 142,137,136 141,138,138 134,133,136 121,120,124 130,129,132 138,134,133 62,61,61 130,127,125 
131,122,122 236,232,225 236,231,218 227,220,202 200,185,155 231,223,201 226,218,197 200,195,183 149,144,144 147,142,142 151,146,146 153,149,152 154,149,149 152,149,148 151,148,147 140,137,135 140,135,133 136,133,134 167,166,167 148,147,148 140,138,139 133,131,131 134,132,132 138,136,136 118,116,116 141,138,137 144,140,138 138,135,134 141,139,138 144,140,138 143,139,139 144,138,137 148,142,140 150,144,143 152,145,143 149,145,144 147,141,142 147,142,142 146,141,140 148,143,137 143,139,138 140,136,136 141,138,138 144,139,139 141,137,135 139,137,138 135,134,136 141,138,136 52,51,50 130,126,126 
139,132,131 239,236,228 233,226,205 229,224,202 223,216,194 230,222,203 222,215,198 200,193,179 147,142,140 149,145,145 149,142,145 152,147,147 152,148,148 151,149,147 150,144,144 145,140,138 140,135,135 153,150,150 160,159,160 141,138,139 140,138,138 139,138,140 138,136,135 140,138,138 137,136,135 135,131,131 147,144,144 144,139,138 141,138,137 136,133,135 136,131,132 144,140,141 147,143,142 149,143,142 147,141,140 149,143,141 145,141,141 143,138,139 146,140,140 144,139,139 141,137,138 146,140,139 145,141,141 135,128,126 146,140,139 142,138,138 141,137,139 141,139,138 68,67,66 137,134,132 
134,127,128 237,231,220 232,223,197 228,226,203 229,223,205 235,226,208 233,224,200 208,201,184 150,145,144 150,146,146 149,143,144 149,144,143 170,166,165 163,160,160 141,137,137 138,133,133 141,138,138 162,160,160 144,141,143 140,139,140 139,138,139 137,137,139 144,142,143 139,138,138 137,134,134 114,113,114 139,137,138 148,146,148 142,138,137 139,136,138 137,134,135 141,137,138 142,137,137 146,142,142 146,141,142 148,142,142 140,135,136 145,140,140 148,141,141 144,138,139 142,138,139 147,144,145 154,150,151 36,36,36 39,39,39 53,58,61 113,114,103 75,78,61 42,42,42 138,135,136 
134,126,127 115,114,111 112,108,98 111,108,100 109,106,98 111,108,100 111,107,97 108,105,99 148,145,145 151,145,145 148,141,142 158,153,153 171,167,167 170,166,166 166,163,163 155,151,150 159,158,157 166,162,162 143,139,140 138,136,138 141,140,142 144,142,144 143,142,145 137,135,136 132,130,131 143,142,142 123,119,121 142,140,142 147,145,146 135,130,131 142,140,142 135,131,133 148,143,142 147,144,142 145,140,140 149,143,143 139,135,135 145,140,141 148,143,143 141,137,137 136,133,135 140,137,140 135,135,138 64,64,65 72,71,71 73,72,72 103,100,89 83,85,74 69,68,68 142,139,141 
136,129,129 62,62,62 64,64,64 40,40,40 30,30,30 30,30,30 30,30,30 42,41,41 151,146,147 149,144,143 144,138,138 149,143,143 165,160,160 174,171,171 168,166,166 171,170,169 168,166,165 157,152,152 143,139,140 137,134,136 138,136,137 142,140,141 140,136,136 120,116,118 137,135,135 137,136,136 138,136,136 129,127,128 128,125,126 128,124,123 137,135,137 138,136,138 141,138,141 147,142,141 145,140,141 140,135,137 143,139,140 117,114,113 99,96,96 93,91,91 94,93,93 82,81,82 89,89,91 82,83,84 87,86,86 84,83,84 86,84,83 94,92,93 94,93,93 86,85,86 
