182,182,184 178,178,180 174,174,177 171,170,174 171,171,174 174,173,177 180,179,183 180,179,184 178,176,182 198,196,202 217,217,222 209,209,214 215,215,220 223,224,228 226,227,231 227,226,231 227,226,231 228,228,230 229,229,231 228,228,230 222,222,223 224,225,225 230,230,230 233,234,234 182,184,191 143,145,157 132,137,134 61,75,38 62,72,42 63,76,39 55,60,44 83,83,91 83,83,83 71,68,73 94,96,98 57,57,52 100,99,108 84,84,86 106,105,111 43,50,25 33,36,19 50,54,37 75,75,74 38,46,28 34,39,19 35,37,21 36,36,20 31,34,16 36,40,20 48,53,24 
68,68,69 69,69,70 67,67,69 69,69,71 70,70,72 67,67,69 69,69,71 70,70,72 71,71,73 195,193,199 212,212,217 205,204,210 207,206,210 196,195,193 215,215,217 229,229,233 228,229,233 228,228,231 228,229,231 228,229,231 223,224,224 221,222,222 230,230,231 234,234,234 231,232,234 238,240,240 94,107,75 56,69,36 47,62,23 52,63,34 53,57,40 55,58,48 48,53,33 78,81,74 44,48,37 115,114,122 78,78,76 68,71,61 60,66,50 78,83,70 115,116,114 75,75,68 44,47,33 30,33,17 27,30,17 42,45,32 30,32,17 35,40,15 46,50,25 42,47,25 
74,74,74 99,99,100 113,113,114 115,115,117 109,109,111 116,116,118 107,107,108 118,118,119 102,102,104 198,196,202 201,200,206 207,205,211 151,150,149 47,56,34 93,102,73 229,229,232 230,231,235 230,231,234 230,230,232 229,230,232 226,227,228 222,223,223 230,231,230 234,235,234 240,242,241 156,163,152 60,77,26 47,63,23 35,44,25 37,48,19 57,60,47 50,54,33 59,60,55 113,112,114 81,77,84 73,72,78 48,54,34 46,52,33 51,57,42 92,94,96 93,97,90 45,47,33 34,37,21 30,33,19 27,29,18 34,39,23 30,33,17 42,49,16 36,43,14 44,56,25 
68,68,68 66,66,67 68,68,70 69,69,71 68,68,70 68,68,70 68,68,70 68,68,70 72,72,74 203,202,208 189,187,193 217,217,223 175,174,171 32,42,20 22,33,14 118,124,106 230,231,233 236,237,240 235,237,238 232,233,235 228,230,229 225,227,225 232,233,232 236,237,236 174,178,177 65,78,57 49,65,25 35,43,26 30,34,24 42,48,36 93,91,96 49,54,40 51,54,47 211,208,218 53,52,48 74,76,72 49,51,39 42,43,31 50,54,39 36,41,21 29,35,16 29,34,20 26,29,17 24,27,18 27,29,20 28,33,18 33,38,21 30,40,15 41,50,22 36,45,18 
65,65,65 80,80,80 88,88,88 87,87,89 85,86,87 66,66,67 66,66,67 66,66,68 68,68,70 206,205,211 157,157,155 114,116,104 107,109,95 27,35,20 28,35,23 28,40,14 71,82,53 128,134,110 115,121,104 220,221,220 233,234,234 227,229,227 236,237,234 209,211,214 111,121,104 68,84,36 48,61,29 41,43,42 58,59,62 40,39,32 66,63,71 29,32,21 57,57,57 63,68,55 56,57,52 46,53,34 51,51,41 38,42,23 41,45,28 30,37,19 26,29,18 24,27,18 26,30,18 26,27,18 26,28,17 62,66,55 45,52,33 34,42,16 47,55,33 38,45,21 
168,166,169 164,163,166 166,164,168 179,178,182 179,177,182 175,174,179 175,174,179 171,169,174 174,173,178 203,202,208 162,161,164 37,44,28 35,47,18 24,31,17 18,22,15 24,32,17 30,43,17 33,51,15 32,48,20 74,86,59 224,225,223 232,234,231 234,235,235 203,206,209 80,93,64 56,72,26 35,45,20 27,31,24 33,34,27 50,49,44 52,52,50 34,34,27 30,29,19 46,46,36 32,34,23 62,64,60 92,90,90 42,44,33 62,66,51 30,37,19 27,31,19 25,27,19 25,26,18 34,37,26 26,29,17 47,52,39 57,60,40 35,38,20 25,30,19 29,38,19 
193,191,194 188,186,189 184,182,187 197,195,200 204,202,209 204,202,209 198,196,202 197,196,202 190,187,194 192,189,195 209,208,213 51,54,42 18,21,16 18,21,17 27,29,28 18,22,16 26,38,15 25,33,20 20,24,19 21,28,17 123,131,112 176,180,168 132,140,131 114,125,106 66,81,51 41,56,25 30,38,22 29,33,28 82,79,91 50,51,43 59,61,53 48,50,40 38,41,30 26,30,19 32,32,26 37,41,27 76,78,67 61,61,53 62,67,51 38,42,23 29,31,18 23,24,19 24,27,18 25,28,18 26,31,18 39,48,22 47,56,26 43,50,26 25,31,20 27,33,21 
189,187,190 191,189,192 187,185,188 192,190,193 204,201,207 204,202,208 199,196,203 197,195,202 198,197,204 175,170,178 182,180,184 45,49,39 25,26,23 17,18,17 21,24,20 17,19,18 30,36,27 23,28,21 22,29,21 41,53,30 36,54,16 42,62,21 47,66,29 56,75,28 64,75,64 37,50,26 32,44,18 40,52,23 43,46,39 48,58,28 51,57,39 45,51,35 33,37,25 26,31,20 22,22,19 27,34,16 73,77,63 40,43,27 47,52,34 33,39,18 36,41,22 26,28,19 25,26,20 26,29,19 37,44,24 51,61,34 41,52,21 36,46,20 29,36,22 28,31,22 
192,191,194 194,193,195 190,188,191 195,193,196 204,201,207 209,208,214 204,203,209 188,186,193 188,185,192 180,176,185 175,171,178 172,171,175 93,91,90 62,62,58 20,22,19 26,29,26 20,22,19 24,26,23 56,60,55 50,56,44 22,32,18 22,28,19 29,41,18 33,44,23 51,65,34 39,53,24 29,40,21 23,29,21 27,33,22 29,37,20 40,44,31 28,32,17 25,28,21 28,32,22 26,28,22 34,38,28 64,67,55 28,34,20 29,34,20 25,29,19 29,30,19 32,33,24 26,29,21 36,42,24 43,49,33 32,39,24 38,47,23 35,44,24 35,41,23 25,28,21 
195,193,196 196,195,198 195,193,196 202,199,203 212,210,216 209,207,213 201,200,206 204,203,209 204,203,209 207,206,212 159,153,163 191,187,194 126,125,122 46,49,39 24,26,24 30,33,29 25,29,24 38,39,37 112,113,113 41,44,38 22,24,22 22,24,23 26,29,23 35,44,25 54,73,21 28,36,22 24,32,20 27,32,21 21,24,20 25,29,22 32,35,22 35,38,30 31,35,24 45,49,37 62,61,57 88,92,93 57,61,51 29,36,21 34,38,21 29,31,21 31,32,24 39,40,29 76,79,67 42,48,26 50,55,28 34,39,22 34,42,26 52,61,42 32,39,24 30,34,24 
198,196,199 199,197,200 198,196,200 204,202,206 216,213,219 211,210,215 211,210,216 212,212,217 208,208,214 207,207,212 190,187,195 162,155,165 150,150,151 18,20,19 23,25,23 22,24,22 38,43,39 73,74,73 161,158,161 89,89,92 33,36,33 29,30,29 29,31,26 38,49,26 42,57,25 30,40,24 25,33,22 27,35,23 24,29,22 29,35,19 41,45,34 29,33,20 36,40,31 92,93,89 58,62,51 83,85,83 34,38,28 27,30,25 27,30,21 25,26,20 33,36,26 34,38,23 45,52,31 31,40,22 33,41,22 34,41,23 39,48,24 41,51,29 30,35,27 28,31,26 
203,201,204 206,204,207 205,203,206 205,203,206 212,209,215 219,218,224 221,222,227 211,211,215 221,222,227 211,211,217 196,194,202 179,174,183 219,217,223 66,65,63 20,21,19 48,51,47 117,118,119 87,89,87 106,107,104 72,75,71 31,35,31 37,39,37 38,41,35 44,55,30 48,65,27 31,41,28 26,33,21 22,26,21 26,32,23 30,35,23 30,37,24 34,36,30 54,58,51 87,88,87 69,75,67 36,43,35 37,41,38 62,65,59 29,31,23 25,28,20 60,61,57 80,83,73 41,49,23 42,47,34 34,40,25 35,42,29 38,46,31 26,30,26 27,32,27 27,29,27 
205,205,207 208,206,209 209,207,210 208,206,210 210,208,213 166,165,158 112,115,100 144,144,134 220,220,225 226,226,233 200,197,205 192,189,196 110,109,105 23,27,21 76,77,75 75,76,75 183,182,186 137,136,144 44,50,46 30,34,32 38,41,39 45,46,41 48,51,48 43,57,24 52,68,37 37,53,28 25,30,22 26,31,28 69,72,77 67,69,72 63,63,64 37,39,36 69,70,67 103,105,105 95,95,97 52,54,50 70,71,74 48,53,48 66,68,68 103,104,102 83,87,84 42,46,39 35,43,23 52,60,42 63,70,51 47,53,40 41,50,40 31,37,33 36,39,35 27,31,26 
206,206,208 207,205,207 212,210,211 214,213,216 212,211,216 159,159,156 31,36,30 63,66,57 145,143,141 191,190,189 111,113,99 133,130,128 35,39,32 36,37,36 50,52,46 106,105,106 120,119,118 142,141,149 123,128,124 50,54,52 39,43,39 33,36,28 118,118,122 55,73,38 44,58,35 42,58,37 26,33,26 27,32,27 58,60,59 85,86,88 50,52,46 58,60,54 93,91,96 120,120,121 145,145,147 77,78,70 35,38,33 53,56,51 125,125,135 104,102,107 39,42,37 32,37,29 33,40,28 60,69,48 59,68,45 53,63,33 43,53,33 38,44,36 38,40,39 30,33,27 
211,211,210 208,208,208 210,208,209 212,210,213 218,217,222 200,200,203 169,170,171 72,75,67 72,75,61 53,62,41 40,47,33 29,35,26 30,33,30 42,44,43 50,53,52 86,86,86 97,98,98 99,101,103 68,73,68 55,61,61 67,71,72 95,95,99 107,106,113 82,92,84 42,56,33 44,53,41 26,30,24 28,31,28 68,71,67 98,97,106 85,84,94 60,64,54 128,129,124 101,100,97 134,134,137 56,58,52 41,46,38 57,60,57 94,96,106 79,81,85 58,63,59 35,42,32 35,43,31 38,47,32 49,59,38 45,55,33 41,51,34 37,47,36 36,44,35 40,47,45 
212,211,211 213,213,211 212,212,210 214,213,212 192,191,189 115,116,114 42,45,43 45,49,47 41,45,44 46,53,43 134,132,131 105,103,106 86,87,85 82,80,80 56,59,54 81,82,79 81,82,80 62,70,66 38,47,41 41,49,44 76,81,82 55,56,52 69,70,71 63,72,67 51,64,52 54,64,56 29,38,30 56,57,59 55,61,58 50,53,45 60,62,58 125,126,121 73,79,50 40,45,28 68,71,64 44,46,39 92,93,100 90,89,97 89,90,96 148,150,159 141,144,153 99,102,104 44,52,43 34,41,30 35,44,29 41,46,31 34,43,33 34,46,37 35,45,37 28,36,27 
220,219,217 218,218,216 217,217,215 219,219,216 221,220,215 181,180,180 92,97,101 73,76,77 122,123,122 57,63,59 69,74,67 128,126,128 101,99,102 104,102,105 90,90,89 66,68,66 75,81,72 36,50,38 36,46,39 62,67,65 82,87,90 64,62,63 108,105,107 99,105,102 93,99,98 65,72,62 34,41,30 68,69,73 48,53,51 55,60,59 66,68,65 41,48,26 34,40,23 66,74,45 67,70,60 30,34,28 76,77,80 118,114,120 124,124,129 148,148,155 135,137,139 146,150,151 52,58,40 37,40,25 37,41,27 42,50,37 39,46,34 28,36,30 32,40,34 30,33,28 
220,219,217 219,219,217 221,221,219 223,223,220 100,110,109 95,104,101 98,105,106 40,49,36 35,44,30 132,135,136 171,174,181 130,130,136 74,75,74 60,62,62 46,50,48 46,51,49 61,64,67 56,63,67 53,63,54 44,51,45 81,85,86 85,84,82 47,50,41 60,66,57 62,75,61 46,54,43 33,37,30 107,105,109 89,90,89 59,69,57 59,66,53 39,48,29 31,39,27 49,60,33 86,90,75 42,43,35 79,80,80 127,124,128 202,204,205 168,167,172 153,155,161 90,102,81 49,59,30 43,49,34 36,41,29 37,39,29 35,37,23 39,42,29 27,29,19 50,60,54 
221,221,219 221,221,219 223,223,221 139,145,145 55,68,57 33,43,40 59,68,69 55,63,62 41,47,38 85,91,95 92,95,98 58,62,63 42,47,44 39,43,40 49,55,51 41,46,43 42,48,45 65,72,65 50,63,49 29,41,28 108,110,110 77,78,73 49,56,45 109,117,115 64,76,69 51,55,48 48,50,42 61,64,55 64,74,49 58,67,47 79,83,82 35,42,33 43,53,31 61,72,47 47,55,35 45,48,41 42,43,37 60,61,56 136,141,146 126,132,135 120,127,125 77,88,57 67,76,60 63,71,54 40,48,32 47,53,36 42,52,40 45,56,41 36,42,32 36,41,46 
224,225,225 223,224,222 225,226,223 197,197,201 112,114,130 108,111,122 57,67,69 35,43,28 34,40,29 75,79,87 119,120,138 79,82,88 30,33,26 32,34,31 40,44,41 39,44,39 36,41,29 44,51,38 38,49,35 33,40,29 48,58,42 76,83,73 104,112,100 95,103,99 184,182,191 69,74,71 142,140,143 144,146,146 91,100,84 70,76,70 93,102,95 46,54,38 47,61,30 52,64,39 49,56,44 59,66,50 48,47,35 48,50,36 89,102,84 80,94,73 67,76,44 61,72,37 77,83,83 61,68,65 49,57,37 45,50,36 46,54,40 50,65,50 44,54,47 38,45,45 
122,132,130 154,163,166 137,147,143 145,155,157 150,160,151 102,114,97 43,56,41 29,38,24 31,36,25 33,37,30 45,49,53 38,45,49 25,29,23 32,32,29 41,47,40 38,46,38 34,47,32 41,47,35 32,35,28 42,48,33 56,73,41 44,60,33 68,82,47 67,80,59 85,95,80 78,86,78 177,178,181 189,190,196 116,122,124 70,74,73 65,78,51 51,58,42 49,64,31 46,56,35 50,60,43 54,61,48 55,55,47 58,64,41 59,76,52 63,76,56 71,84,61 67,77,58 121,124,139 97,101,115 60,69,40 53,59,37 41,45,34 35,39,31 45,52,44 39,43,37 
74,87,73 72,86,72 67,80,68 71,89,61 56,75,41 43,56,28 36,46,29 26,31,19 31,37,20 30,37,20 43,50,32 31,38,27 59,66,53 39,41,32 42,50,35 33,44,33 32,45,33 40,47,33 36,46,34 38,45,27 42,55,31 61,76,42 74,91,53 72,88,51 61,77,43 76,87,71 140,146,141 192,195,201 102,110,114 81,91,94 39,53,40 44,56,44 45,63,40 42,55,40 37,49,36 62,68,49 58,53,41 55,64,35 62,77,55 65,77,63 63,72,60 59,66,56 106,112,112 95,103,85 65,73,47 51,55,43 51,55,45 42,43,39 47,52,43 35,36,34 
62,76,64 53,64,59 56,69,59 55,72,43 46,61,33 29,35,26 33,40,27 29,35,20 32,39,23 26,33,19 29,35,18 24,28,16 64,72,53 53,61,48 49,57,39 31,39,27 34,44,28 31,43,29 30,41,28 29,36,25 33,41,24 50,61,34 72,87,57 79,94,79 78,96,62 61,75,44 92,101,88 128,134,137 61,73,69 53,67,56 34,47,32 51,55,49 45,55,45 52,64,46 39,51,33 51,57,41 56,45,43 94,108,72 79,91,73 59,68,61 53,57,54 65,73,62 97,104,96 96,98,82 65,67,55 43,46,35 45,45,40 57,62,54 57,63,53 50,53,46 
50,61,60 44,55,54 55,66,60 61,79,52 40,54,34 33,38,26 35,44,27 27,33,21 24,28,21 29,37,19 36,47,21 29,36,19 44,54,40 45,58,46 54,59,49 47,51,41 40,50,34 25,36,27 30,41,27 33,43,29 36,45,24 59,75,42 75,92,70 60,75,66 80,95,81 68,81,53 56,68,43 111,123,117 53,62,52 50,67,55 53,64,58 51,54,51 50,57,43 48,59,40 42,52,41 51,53,39 51,42,42 77,93,91 70,82,80 53,59,60 55,58,63 115,124,135 169,169,171 113,113,115 87,89,88 59,63,55 72,76,72 83,93,92 66,72,73 53,52,49 
43,50,52 34,41,42 59,69,62 55,69,46 38,49,35 33,39,34 38,47,31 27,33,22 26,34,23 36,46,22 38,49,27 39,51,25 33,45,28 43,57,45 51,53,54 45,54,46 38,44,34 36,54,33 42,54,37 39,54,29 40,49,29 80,93,73 68,83,71 50,59,56 56,67,62 73,87,71 66,83,54 94,105,96 82,87,86 51,63,58 52,57,54 55,61,54 56,64,59 45,57,43 41,55,43 48,53,44 54,54,55 72,87,81 94,106,122 90,97,112 69,71,86 130,135,159 145,147,161 79,87,91 58,61,64 85,87,102 153,153,174 104,112,132 56,57,57 47,51,34 
55,60,72 53,54,59 62,63,67 51,59,50 54,58,54 40,43,43 41,45,40 32,40,26 33,42,24 31,40,23 33,37,27 37,43,26 43,55,36 55,66,56 52,51,53 40,52,41 56,62,52 51,55,50 70,72,64 43,48,34 51,58,37 86,99,66 95,102,96 116,123,110 110,118,105 121,132,116 139,151,137 121,133,122 135,137,140 95,98,100 82,82,83 65,70,66 90,105,88 65,81,61 46,59,49 52,53,44 58,57,54 82,89,87 118,123,143 111,114,131 108,108,125 136,140,161 163,165,183 120,127,146 105,109,131 113,119,140 155,156,174 67,75,73 69,72,74 48,54,48 
78,83,79 80,87,77 66,78,65 61,72,58 65,71,67 61,65,55 60,61,48 63,75,53 58,67,45 24,29,19 31,40,19 59,56,37 63,74,41 93,104,82 64,64,59 87,101,76 101,108,86 88,86,84 107,100,87 74,81,64 80,87,66 80,88,69 78,87,77 75,88,68 83,101,74 113,129,106 154,159,158 165,171,169 125,119,125 86,102,83 72,79,68 78,90,74 73,91,68 74,92,72 63,76,61 55,53,50 75,64,70 86,85,89 132,131,146 117,114,129 138,137,156 159,159,178 174,174,192 164,165,185 131,131,148 98,95,112 119,120,126 61,62,55 81,87,85 37,42,32 
100,109,88 99,109,86 95,103,84 88,97,77 86,100,76 89,101,79 85,98,76 89,103,80 71,86,58 53,64,45 54,67,41 68,81,52 78,94,69 80,95,72 68,70,63 90,108,83 88,101,80 80,93,73 92,103,80 102,116,95 128,138,128 135,139,140 142,143,147 155,152,159 178,173,185 195,190,206 187,189,189 161,163,156 125,116,116 110,110,102 99,97,90 110,120,105 114,126,107 111,133,100 105,129,92 88,90,75 108,113,99 115,126,104 113,125,109 87,94,82 108,116,108 119,125,121 111,118,113 117,121,124 75,76,73 86,82,92 91,91,91 78,77,81 70,77,74 72,79,75 
110,114,96 108,111,91 108,114,91 100,110,84 90,103,79 88,100,75 91,104,80 89,102,78 72,86,63 63,77,52 56,68,45 77,93,61 77,97,60 79,99,63 68,77,58 84,107,65 83,96,65 72,81,55 74,86,55 88,102,66 104,119,82 139,142,123 192,183,195 188,180,193 187,181,196 198,194,208 141,144,122 126,145,98 104,108,80 97,92,78 83,75,64 88,87,67 93,97,73 101,113,76 104,124,81 80,82,63 92,107,69 102,122,78 93,115,70 81,102,63 76,96,59 76,93,59 71,86,55 66,81,54 59,71,49 56,60,46 83,79,76 78,86,66 80,89,68 78,93,59 
124,118,111 125,117,110 115,109,100 117,114,106 105,106,93 86,96,72 77,89,66 66,74,56 55,66,48 44,57,38 46,57,38 47,56,38 49,61,39 59,67,46 56,58,46 59,77,45 63,69,47 59,65,45 59,71,48 73,82,57 84,93,67 114,104,104 161,149,160 161,150,162 158,150,163 171,165,183 144,136,141 99,110,74 101,116,75 91,85,75 91,83,79 85,74,71 86,74,68 88,81,70 87,76,70 74,63,64 92,98,71 97,111,73 92,107,66 96,110,72 89,102,70 93,98,76 92,90,81 91,84,81 84,84,72 61,65,51 85,82,76 79,89,65 74,87,61 66,80,48 
105,107,94 95,106,80 102,105,90 97,99,86 82,91,67 69,82,56 62,74,52 57,69,49 54,69,47 53,67,46 52,68,46 54,68,49 56,72,53 62,69,55 56,60,46 57,78,49 57,77,51 61,81,53 67,85,57 69,79,58 94,85,86 138,124,135 151,139,155 138,127,139 138,129,142 155,147,164 148,140,153 102,96,88 89,101,69 95,97,80 90,79,78 100,91,88 87,80,79 81,69,73 74,54,67 75,53,64 79,64,72 81,69,70 96,91,81 83,86,77 92,97,84 116,122,109 92,96,85 94,100,87 110,115,102 92,91,83 84,78,77 79,80,69 64,65,60 66,70,61 
99,99,92 94,95,86 89,92,81 79,88,71 67,81,56 59,73,52 57,72,50 58,74,50 61,76,54 61,77,54 59,76,55 58,77,55 53,71,52 57,74,55 58,71,54 56,75,53 66,88,61 68,87,63 82,87,73 106,95,95 119,103,109 143,129,141 135,124,137 127,116,127 132,121,133 143,135,149 139,132,148 113,100,102 90,100,75 90,94,78 89,92,76 99,90,84 106,97,96 79,74,74 85,70,81 74,49,63 69,60,65 71,60,68 81,60,74 93,70,86 103,86,98 117,108,113 118,109,115 104,94,100 81,72,71 74,65,66 77,67,68 89,86,79 98,90,93 85,78,84 
116,108,111 103,98,98 95,92,90 84,85,76 77,82,71 71,79,64 65,78,56 59,75,50 53,69,47 57,73,52 53,71,50 52,72,54 52,70,53 55,72,55 60,75,57 68,84,66 91,94,84 106,98,96 114,104,105 114,101,102 127,108,111 135,120,130 133,121,134 134,125,138 129,120,130 132,123,136 136,127,142 130,120,128 100,97,84 87,103,76 90,109,75 93,104,79 88,88,77 101,93,92 99,92,95 77,68,74 73,68,69 85,74,80 102,89,99 94,76,88 100,88,97 98,83,94 98,80,92 112,103,107 118,111,114 105,95,96 83,76,74 80,76,74 82,73,72 88,79,78 
122,113,119 114,104,109 112,100,106 105,95,98 83,82,74 83,83,74 85,84,78 76,79,68 66,75,62 60,72,56 54,66,53 50,61,51 58,65,58 77,77,72 88,81,79 106,94,96 122,106,110 123,106,109 118,102,104 121,104,106 130,112,113 135,121,131 141,130,144 153,144,159 138,129,141 134,125,136 135,124,138 132,124,136 113,101,100 87,104,72 83,108,70 83,109,71 82,106,71 79,84,69 86,80,74 93,84,85 86,80,84 82,77,81 83,70,76 86,60,75 91,79,89 90,87,89 92,82,88 94,77,87 95,78,88 96,82,89 103,95,96 105,98,96 117,109,113 122,116,121 
117,105,109 113,99,102 111,99,102 112,101,104 106,99,101 108,97,100 106,94,97 98,89,90 101,92,93 105,92,95 102,93,93 107,96,101 112,102,105 118,105,108 122,109,112 120,105,109 124,109,109 124,110,110 116,101,103 128,109,110 133,115,117 137,123,131 136,125,138 136,126,138 132,122,134 131,120,134 130,119,132 127,116,128 124,113,119 99,99,85 87,111,78 89,117,77 81,108,70 83,103,75 76,77,70 78,75,68 97,89,87 98,91,96 92,85,91 87,67,79 87,73,80 84,76,78 89,84,88 99,89,99 94,87,88 95,77,85 98,75,90 100,82,91 96,93,90 91,98,90 
127,114,119 123,112,115 110,102,101 118,107,112 118,105,112 114,101,108 106,90,97 102,86,92 104,89,95 107,95,100 111,100,103 113,101,104 117,105,107 119,106,108 115,100,101 124,109,110 131,118,119 124,111,109 123,106,107 136,116,115 135,119,124 132,119,130 133,122,135 134,124,137 127,118,133 129,120,135 135,123,136 132,121,132 125,116,127 114,104,104 97,110,87 88,114,76 82,109,73 81,109,69 83,99,79 81,82,75 72,72,61 101,95,89 114,107,109 102,95,104 86,87,89 84,76,80 90,83,84 96,89,96 96,90,91 95,82,90 99,84,94 93,83,85 97,74,87 97,73,88 
121,113,114 93,99,87 87,89,78 104,96,98 107,94,99 100,85,92 106,91,98 105,92,98 108,96,103 113,101,107 115,101,104 119,103,106 120,105,108 117,102,103 117,105,103 132,121,121 132,122,121 122,108,107 133,112,114 137,118,119 133,121,130 131,120,130 135,124,137 135,124,138 128,120,135 129,119,135 130,120,135 134,122,134 127,118,129 123,115,118 98,101,86 92,110,81 91,118,81 86,111,73 82,109,68 88,105,85 83,82,81 76,78,67 90,87,75 130,125,129 117,112,122 90,88,97 86,89,85 90,77,78 91,82,81 93,95,93 99,98,101 98,104,99 97,88,92 97,84,89 
93,102,85 85,93,76 109,101,100 109,98,100 106,94,100 105,92,98 111,100,106 113,104,109 114,103,109 115,103,109 117,105,111 120,109,113 118,104,107 114,103,101 117,113,106 130,120,119 124,119,115 129,113,114 143,124,127 135,120,127 135,122,132 132,121,135 132,122,136 134,123,138 130,122,137 128,120,135 128,116,131 134,122,137 125,116,130 125,118,126 118,111,106 94,111,85 93,118,86 89,114,80 86,112,75 86,112,79 90,106,86 85,94,82 78,84,72 83,90,76 128,123,125 118,112,122 88,83,89 93,92,92 86,80,77 87,79,79 93,90,90 94,90,89 97,98,96 98,88,93 
84,98,71 91,98,80 99,95,90 99,91,89 103,92,95 106,95,98 108,96,100 114,99,105 118,104,110 121,107,113 120,110,113 118,108,110 106,97,94 119,111,109 117,115,105 112,120,102 106,110,97 139,123,126 140,126,133 135,123,132 135,124,134 134,123,137 135,124,139 134,125,140 132,125,141 129,121,136 128,119,135 133,121,137 128,116,132 124,115,126 124,119,122 111,112,99 87,110,84 88,117,83 88,117,81 88,115,83 83,112,76 88,114,84 82,103,82 80,102,84 82,84,72 111,103,104 104,93,94 102,94,100 93,87,94 89,93,89 87,79,79 91,72,76 94,89,85 98,88,92 
73,84,62 84,87,72 92,88,82 95,85,85 111,98,102 114,103,107 118,106,112 119,108,113 123,108,116 126,111,118 109,96,97 107,93,93 105,97,91 114,111,104 108,115,96 101,113,91 119,110,107 142,127,132 139,126,135 139,126,137 138,127,137 137,126,139 140,129,141 137,128,143 134,127,143 133,123,138 132,122,137 131,122,136 129,117,133 128,117,129 123,118,125 121,112,113 95,102,85 85,104,78 84,114,77 85,115,82 81,111,78 77,106,70 79,108,78 80,108,79 62,85,57 68,80,59 102,92,88 128,119,120 115,106,112 97,90,96 95,89,96 83,72,79 91,72,79 93,87,83 
77,83,66 102,94,93 111,96,103 117,104,109 123,110,115 125,113,119 119,112,114 111,104,105 121,111,116 121,111,113 105,97,91 103,100,90 110,109,96 116,115,103 105,110,89 109,105,95 128,113,113 147,132,139 140,127,137 142,129,139 138,127,138 136,127,140 137,127,141 138,130,145 138,129,145 139,128,143 135,123,138 130,121,136 129,120,135 123,115,129 120,114,125 122,116,119 113,110,101 91,110,84 93,122,83 84,113,75 80,112,74 78,106,71 73,103,68 84,110,81 78,95,73 76,87,70 73,88,66 97,94,87 128,122,120 122,110,110 98,86,85 89,83,88 78,73,78 86,72,81 
95,93,85 110,98,102 123,114,119 119,112,114 118,114,113 109,107,102 97,97,87 115,108,107 108,103,98 95,94,82 99,100,85 101,101,89 106,110,91 105,115,89 110,109,96 115,108,102 142,126,130 145,131,141 143,130,140 143,131,141 139,129,141 136,128,142 135,128,143 138,130,146 138,130,145 140,130,144 136,124,138 130,119,136 130,120,135 127,118,131 124,115,128 123,118,124 123,116,119 112,115,103 93,120,87 88,120,79 85,118,74 80,105,72 85,113,82 75,103,69 79,104,74 87,107,88 71,83,66 64,74,56 86,92,77 126,118,115 115,107,100 94,81,80 56,55,55 83,80,80 
103,99,92 116,112,110 118,110,112 109,107,100 110,109,100 102,105,90 101,102,90 103,104,92 100,102,83 96,102,77 101,107,84 98,110,77 102,113,77 103,111,79 127,119,112 124,114,110 145,133,141 144,132,143 144,132,141 143,131,142 139,129,142 137,128,143 137,128,144 139,131,146 138,130,147 139,130,145 137,126,140 129,119,135 133,121,136 134,122,135 129,119,132 125,119,127 124,118,124 119,106,103 91,104,82 89,114,81 83,108,67 77,102,66 86,115,81 82,110,81 80,111,73 85,113,80 86,107,81 83,99,80 67,85,58 81,88,71 94,98,80 104,93,92 82,58,59 96,89,90 
113,113,106 237,233,222 234,228,213 232,224,202 231,224,204 227,218,194 222,215,199 196,192,179 88,96,67 90,96,68 89,104,67 83,98,62 93,106,69 99,100,78 122,114,108 145,134,133 143,133,145 143,133,143 145,133,141 142,130,142 137,127,141 138,128,143 137,128,142 137,130,145 135,128,143 139,130,144 135,126,141 134,124,140 133,123,139 128,118,135 128,119,133 127,119,130 120,115,122 125,116,115 103,106,93 100,117,91 89,111,79 80,104,70 88,117,84 89,115,86 75,102,67 77,107,74 76,107,68 81,106,76 77,97,71 76,97,72 79,88,65 101,92,83 58,54,53 115,105,100 
106,106,98 237,232,220 232,223,198 227,224,202 219,197,154 227,220,202 228,221,206 193,187,171 87,94,62 86,95,65 81,98,61 81,92,65 88,95,67 113,104,93 128,117,113 145,135,143 144,135,146 142,132,144 143,131,143 141,130,141 138,128,141 141,130,143 141,130,144 139,131,145 137,130,144 140,132,146 136,127,143 135,125,142 131,122,139 131,122,137 126,117,134 122,114,130 120,113,125 120,115,121 114,113,105 102,118,90 96,119,84 87,111,82 93,121,90 91,121,84 91,117,88 97,124,91 70,96,63 78,109,68 86,107,80 84,101,82 79,97,73 78,87,65 53,53,51 103,93,86 
101,102,86 234,226,204 233,225,203 221,219,200 196,183,158 235,225,205 232,223,199 200,195,176 87,93,63 85,97,67 88,100,68 86,92,71 101,103,86 115,103,95 137,125,128 139,132,146 148,138,149 144,134,145 141,131,143 140,130,142 138,128,139 142,130,141 141,131,142 139,130,143 138,131,146 140,133,146 134,125,140 135,125,143 133,125,142 131,123,139 128,119,136 126,117,133 124,114,129 116,111,121 121,116,116 98,104,89 91,106,83 97,110,86 100,119,97 89,116,78 96,125,85 92,124,81 87,116,81 84,116,72 92,123,84 93,116,93 84,105,74 77,94,68 40,41,39 95,97,83 
87,94,66 236,231,218 231,221,191 229,223,205 206,200,186 216,209,193 221,213,195 202,198,182 84,92,60 90,104,64 96,106,74 105,106,89 112,105,97 122,114,108 135,128,139 143,134,147 143,135,149 144,133,144 141,131,144 140,130,142 141,129,141 143,131,143 143,131,143 139,129,143 136,128,143 136,130,144 135,126,140 139,129,146 132,126,142 133,124,140 130,121,138 124,117,134 125,115,132 121,114,127 119,115,123 121,109,109 99,103,90 100,109,91 109,122,105 95,112,87 92,116,81 90,122,77 80,112,68 88,120,68 79,110,68 90,119,86 91,111,86 91,109,86 53,55,50 82,96,76 
85,89,61 238,235,227 234,226,205 227,222,208 212,207,193 209,206,193 211,207,191 204,201,188 90,103,69 93,108,67 93,102,71 106,102,93 110,106,99 130,120,128 136,130,143 147,139,150 139,132,146 143,133,145 142,132,144 142,131,143 143,131,142 143,131,143 141,131,143 141,131,144 135,127,141 138,132,144 135,126,141 135,127,144 132,125,141 131,123,140 133,124,140 127,119,135 120,110,128 123,114,129 114,109,122 122,116,121 116,109,107 103,112,96 106,121,97 99,122,94 98,125,94 115,143,107 111,139,102 35,36,35 39,39,38 53,58,60 113,114,103 75,78,60 42,42,42 75,84,65 
77,84,52 116,114,111 115,114,111 112,110,104 110,107,98 106,104,100 110,108,100 103,103,98 87,99,66 84,97,59 90,96,75 104,98,90 125,112,111 132,123,136 141,133,147 144,137,150 140,132,146 144,133,145 144,133,145 143,131,142 145,132,143 142,131,144 139,129,142 137,128,142 141,135,147 143,139,149 135,126,142 136,128,144 129,121,138 132,124,141 135,128,143 127,119,136 123,115,133 126,115,132 119,110,125 115,111,120 119,106,109 108,110,96 100,119,90 100,122,88 109,138,104 104,131,94 97,127,87 47,56,44 52,62,51 57,67,57 84,93,68 71,80,56 53,61,48 98,110,94 
75,73,51 64,64,64 66,66,66 39,39,39 30,30,30 30,30,30 30,30,30 35,36,33 89,100,71 87,97,65 88,93,75 103,99,90 125,115,128 135,127,144 143,135,149 141,133,148 141,133,146 146,136,147 144,133,145 143,132,143 144,132,143 143,132,145 141,130,143 137,127,143 139,131,146 145,137,152 138,130,144 136,128,143 132,125,141 132,124,140 138,128,142 133,122,138 126,117,135 125,115,133 121,111,127 112,107,119 123,115,122 91,82,83 74,79,70 72,81,67 78,90,74 63,73,57 73,87,70 66,79,61 63,76,59 58,72,57 60,74,57 74,86,69 74,86,70 63,74,60 
