107,107,97 143,141,138 80,78,55 41,40,24 33,34,22 30,30,22 28,29,22 35,35,28 24,24,20 56,55,53 69,66,61 81,78,78 112,108,108 77,77,67 43,46,30 27,28,23 29,29,24 26,27,17 33,33,21 39,37,28 52,50,39 61,61,45 55,55,40 65,66,57 56,55,44 61,59,43 64,65,53 70,68,58 87,92,78 129,132,132 110,116,122 107,115,119 113,120,127 130,139,140 145,152,157 186,188,187 144,145,131 104,109,71 93,91,40 71,71,35 113,114,86 91,88,43 92,90,46 121,120,83 88,92,41 89,94,36 89,89,39 87,88,41 85,82,53 94,90,73 
39,39,33 43,43,37 44,44,39 38,38,34 39,40,37 35,35,33 34,34,34 36,36,35 31,31,30 41,41,35 132,131,129 128,127,126 109,106,98 83,83,74 46,46,35 25,25,22 34,35,28 31,34,21 27,26,18 26,24,17 45,45,34 46,45,32 50,53,37 49,48,37 59,58,47 58,55,43 76,77,59 74,73,63 88,90,83 140,140,156 120,125,125 88,96,89 108,116,118 130,138,144 152,157,157 131,133,108 97,96,65 97,99,51 78,78,32 90,94,39 96,95,57 93,91,48 90,91,43 89,90,46 89,96,40 78,76,33 73,79,34 77,76,34 78,73,42 69,68,33 
48,49,44 74,75,70 91,91,87 91,91,89 88,88,86 101,101,101 82,82,80 93,93,92 69,69,68 26,27,20 87,85,80 77,76,60 73,75,54 55,57,39 103,104,95 23,23,21 33,35,27 31,32,21 28,27,22 27,26,22 41,40,27 52,52,30 52,55,31 47,45,36 69,69,59 62,62,47 70,70,46 76,75,67 72,71,65 88,92,87 88,93,79 78,84,83 95,103,101 120,130,131 119,126,99 99,105,54 86,89,46 84,88,40 86,87,40 84,88,34 104,105,68 88,87,43 101,103,62 79,85,36 72,79,30 76,83,33 75,81,35 75,75,34 78,78,34 77,80,37 
44,44,42 45,45,42 38,39,34 40,40,36 51,51,48 41,42,38 38,38,34 36,36,34 34,34,32 26,27,19 31,32,24 76,75,64 96,99,56 81,83,66 84,86,65 33,35,24 28,29,23 34,33,26 29,31,21 29,28,22 34,34,23 46,48,24 65,69,40 52,50,39 89,90,86 64,65,48 62,61,46 67,69,58 70,71,57 65,67,49 81,85,60 82,88,83 105,113,114 71,81,52 86,96,60 80,88,39 86,95,38 85,84,36 78,80,42 102,104,79 97,99,50 91,92,44 80,80,42 57,61,27 53,57,27 62,66,29 71,73,33 64,66,30 73,77,39 81,84,37 
38,38,34 63,63,59 63,63,59 62,63,60 65,66,62 40,40,35 35,35,32 32,32,31 32,32,31 25,28,19 33,36,21 69,70,44 65,72,23 56,56,38 60,64,35 37,39,23 26,26,23 34,34,24 27,28,20 30,30,24 40,41,26 52,53,36 74,78,47 76,77,49 85,86,79 82,83,49 69,70,49 64,65,56 81,82,72 75,75,57 79,82,51 85,90,76 76,85,69 66,79,49 83,93,46 77,88,39 81,90,36 77,81,34 67,68,37 96,94,70 99,102,54 84,83,39 67,66,29 53,56,23 47,54,24 69,72,46 67,72,28 75,81,33 81,82,43 66,66,32 
32,35,18 37,40,17 41,43,24 37,40,25 63,64,39 42,42,24 40,41,28 27,28,22 25,27,22 21,23,18 49,53,38 54,55,29 48,52,26 39,41,28 54,55,36 41,44,27 41,44,26 47,48,30 41,41,29 30,31,20 38,39,22 40,40,27 71,72,49 66,67,48 75,75,70 83,84,57 71,73,53 88,90,83 91,90,83 76,74,51 84,88,50 79,88,56 73,85,53 69,80,54 68,79,35 61,71,35 68,76,33 65,69,31 75,78,37 81,79,48 78,82,35 69,71,32 59,60,26 50,55,25 60,65,33 126,128,105 102,104,45 84,84,41 80,81,53 75,79,39 
44,48,15 41,43,15 47,49,21 37,39,21 43,47,25 35,36,22 29,31,22 19,21,18 24,26,20 25,26,22 42,44,29 63,63,47 56,59,40 29,31,23 37,39,29 47,50,29 61,68,35 46,48,30 40,39,30 33,34,25 37,37,24 44,45,34 54,55,41 49,50,38 70,71,63 78,77,57 80,80,59 71,71,59 75,75,65 66,63,46 98,100,91 110,117,114 89,100,86 94,103,87 68,78,46 77,86,57 62,73,34 64,71,34 69,74,40 87,94,42 93,98,43 60,64,32 63,63,27 85,91,33 81,82,43 78,79,33 80,81,39 73,74,38 82,86,44 81,88,42 
53,57,17 50,52,17 48,50,19 48,48,28 45,46,27 35,36,25 32,34,20 30,31,21 25,28,20 25,27,22 29,31,19 44,48,23 63,68,38 40,42,28 27,29,24 43,46,28 56,63,32 41,43,29 39,39,29 31,32,24 43,43,31 44,43,32 48,48,37 42,41,33 56,56,44 67,67,53 66,66,54 60,61,52 55,52,41 67,66,55 109,114,114 149,153,158 97,106,96 104,113,108 96,103,85 72,83,58 67,78,46 61,67,35 68,76,32 66,77,33 62,69,33 51,52,27 71,72,36 77,80,32 92,96,41 79,83,39 73,78,40 72,77,36 76,82,38 83,87,45 
37,38,16 45,48,19 52,54,24 62,62,40 38,39,24 33,35,23 28,31,19 34,36,22 31,34,21 25,28,20 42,48,19 45,50,21 70,76,45 41,43,28 24,26,22 36,37,26 43,49,30 37,37,27 52,55,37 39,39,27 52,52,39 67,67,46 54,53,42 47,46,37 56,55,39 62,64,50 49,50,39 54,55,46 53,51,41 76,76,75 112,117,120 131,136,138 97,106,98 81,91,82 97,104,94 58,67,42 57,68,32 60,68,33 47,55,29 64,66,34 74,79,44 80,79,47 68,70,39 72,73,36 70,74,32 85,88,44 63,71,38 67,75,36 76,83,42 94,102,51 
43,46,15 31,32,17 39,41,19 49,49,29 40,43,20 42,46,22 34,38,22 30,33,20 36,40,21 34,38,19 47,51,19 50,55,25 62,69,33 58,63,34 33,36,24 31,32,25 40,45,28 42,47,30 39,41,32 33,34,25 57,58,40 62,60,43 49,48,38 50,49,35 67,66,46 56,56,44 57,57,46 61,59,57 102,100,109 92,94,96 94,99,97 106,113,106 87,96,80 104,110,112 71,80,59 47,56,35 43,51,30 52,62,32 48,51,32 53,55,30 69,76,43 93,100,40 78,78,47 58,62,33 62,70,35 77,81,51 66,73,33 101,97,78 75,79,41 69,80,28 
49,51,17 61,66,26 52,56,22 50,51,20 54,59,24 56,61,26 42,46,22 29,32,20 41,45,24 26,28,20 49,54,24 72,80,31 59,68,34 47,52,28 45,50,26 32,34,26 38,42,29 35,37,28 30,30,25 36,38,25 55,57,33 42,42,32 43,42,33 51,52,35 51,50,35 63,62,56 52,52,43 76,76,73 126,126,133 140,141,149 89,94,88 74,84,63 112,117,112 141,143,150 71,75,64 38,43,32 40,45,28 46,51,30 45,48,30 76,75,46 86,86,67 75,74,45 70,71,34 70,76,54 83,89,64 72,80,45 61,66,32 106,106,84 84,91,44 74,77,40 
44,47,21 64,72,21 62,70,29 44,48,22 63,68,31 69,78,28 60,65,28 42,45,29 33,35,23 29,31,24 39,44,23 61,69,27 46,50,28 49,54,30 44,47,28 37,39,29 39,42,29 39,42,30 41,43,32 34,35,28 54,57,38 36,36,26 36,36,26 38,38,27 59,57,46 51,50,42 68,66,68 87,85,93 143,142,150 124,125,129 97,104,96 89,96,85 138,141,142 151,155,157 64,69,50 37,41,30 45,50,31 48,52,30 47,50,34 84,83,62 86,86,61 81,81,51 75,77,60 61,64,49 91,95,82 61,67,34 56,59,32 108,108,55 97,99,50 99,102,53 
54,60,26 69,77,34 63,69,37 57,62,33 59,62,32 61,67,36 51,54,26 47,49,29 43,47,30 44,46,34 34,37,24 41,45,27 31,34,26 35,38,28 49,53,35 38,40,30 41,46,29 47,53,32 39,42,31 40,41,32 44,47,32 38,37,24 41,37,28 40,40,27 49,48,40 72,68,73 101,99,110 119,115,125 142,139,145 128,128,128 90,95,84 112,115,113 137,140,141 163,167,168 113,116,111 40,45,31 57,64,39 58,62,38 50,52,43 71,74,52 63,65,39 55,54,30 69,70,50 72,76,54 50,55,29 50,54,32 60,63,41 89,91,56 100,100,67 59,66,29 
40,43,29 49,52,32 56,60,40 49,52,33 49,51,27 51,55,32 45,50,31 33,37,26 46,49,36 47,49,34 48,49,36 44,47,31 39,43,29 33,37,27 49,53,35 47,53,37 46,49,37 38,41,31 37,37,31 37,35,30 36,37,25 49,46,37 42,38,32 43,42,30 47,46,36 55,54,49 80,78,77 97,95,94 160,158,162 176,176,180 110,112,104 110,115,108 153,157,161 145,148,144 86,91,80 58,65,38 57,63,39 39,43,30 42,44,31 67,67,41 56,59,33 59,58,37 75,75,58 80,88,41 60,65,32 54,59,38 47,52,32 74,74,48 63,61,40 68,71,45 
45,47,32 53,56,42 55,57,43 35,38,29 36,37,29 45,47,33 62,64,45 37,42,29 33,37,30 36,41,31 36,40,27 46,50,29 80,88,36 56,60,38 49,52,34 40,42,33 38,39,33 35,36,32 34,34,31 32,31,26 33,32,25 42,41,32 43,40,31 47,46,35 58,59,45 50,49,42 48,47,36 49,48,41 134,133,135 114,117,113 88,92,77 73,81,60 187,189,188 221,222,220 123,128,112 59,69,39 51,56,39 45,48,35 38,41,24 66,67,44 57,61,34 65,63,43 59,59,38 64,68,38 62,69,36 50,54,31 46,50,30 41,42,27 55,53,34 54,51,35 
33,36,28 36,40,30 47,50,34 34,37,27 30,33,26 47,50,29 47,50,34 38,42,29 34,37,29 35,38,32 43,49,28 48,54,32 53,59,35 36,39,30 41,43,34 32,34,31 35,37,32 31,32,32 32,32,31 35,34,30 38,37,33 42,42,31 55,61,44 56,54,44 72,73,51 58,60,49 57,52,53 54,52,47 80,82,74 89,93,86 74,80,64 62,72,46 94,104,82 105,113,100 100,112,86 65,73,43 47,51,28 49,53,25 51,53,31 62,60,45 54,57,36 54,48,37 52,52,33 57,59,38 54,60,33 59,69,35 52,55,30 75,74,45 63,61,43 49,46,32 
40,44,29 50,56,33 55,61,33 55,59,36 41,44,29 48,53,30 39,42,30 37,41,27 32,35,27 33,36,28 49,55,27 51,58,30 58,65,41 44,49,35 45,53,37 46,51,34 36,40,32 31,32,32 37,40,34 41,42,36 38,40,33 42,43,33 56,56,45 70,61,50 58,56,47 60,59,55 50,45,44 59,56,53 76,74,70 83,85,82 82,88,78 62,74,46 59,73,44 77,90,63 92,102,79 51,57,32 36,38,21 35,39,21 46,48,27 59,57,40 41,44,31 57,53,43 53,55,35 48,50,28 45,49,32 49,53,31 53,56,30 82,87,53 59,62,38 66,67,44 
46,54,32 51,63,36 59,70,35 60,66,39 46,49,32 45,48,32 40,43,33 40,44,30 32,36,28 29,31,28 43,47,31 61,69,36 42,45,33 46,51,38 48,56,37 52,62,37 47,53,39 37,39,35 40,45,36 41,43,35 53,55,46 35,36,25 55,53,46 65,62,51 64,61,55 78,75,78 97,92,98 82,80,80 61,62,55 52,56,39 53,59,37 57,68,39 55,68,37 57,71,38 59,74,41 50,57,28 45,50,24 53,60,29 43,47,26 46,48,29 51,55,34 66,58,46 46,49,29 38,40,25 38,41,25 40,43,27 45,47,30 56,61,36 60,66,38 81,86,56 
39,45,35 41,51,33 47,56,33 65,76,37 51,54,32 44,47,32 38,42,31 64,73,41 52,57,38 41,46,35 43,48,35 69,80,45 59,70,36 53,62,40 48,60,39 60,75,44 44,51,39 52,61,46 42,45,38 64,70,53 55,61,47 43,43,36 63,62,56 55,54,42 50,49,42 74,70,72 80,79,78 109,109,112 54,55,41 45,49,29 54,64,35 61,71,43 43,51,27 47,60,31 54,67,35 49,57,32 54,62,37 49,56,35 52,59,41 53,59,36 47,49,34 77,69,57 30,33,22 27,30,22 40,40,28 38,38,26 61,64,44 61,63,43 61,65,39 75,80,50 
35,41,35 38,44,35 43,51,37 49,57,37 61,66,41 46,50,32 59,66,32 67,75,42 37,40,33 49,54,41 69,81,42 71,85,42 66,79,41 47,55,40 47,55,40 44,54,40 52,65,38 46,54,42 52,60,48 44,52,35 47,56,38 40,45,32 48,50,38 87,85,83 78,75,75 109,104,112 51,52,43 67,70,57 66,67,54 52,55,36 59,69,39 59,70,41 88,94,76 44,56,30 47,59,34 36,45,28 38,46,29 42,50,31 38,43,25 42,44,30 54,54,42 62,57,48 18,19,17 27,28,22 43,45,30 44,44,31 52,54,35 50,54,35 54,56,35 60,69,39 
39,44,40 44,52,39 59,68,45 48,54,39 60,66,48 55,60,44 53,59,36 43,45,32 44,48,37 48,55,41 70,78,52 59,67,43 61,71,53 48,54,42 39,41,29 39,48,36 53,67,48 60,72,52 42,48,41 43,48,36 38,44,28 48,53,28 46,49,34 56,57,43 61,61,45 87,85,78 44,46,31 56,59,44 65,67,48 57,62,39 58,64,37 62,76,45 47,56,27 42,50,25 48,61,35 48,62,39 35,41,26 27,32,20 32,36,20 38,40,25 48,47,39 72,66,55 24,25,19 34,35,24 48,53,33 47,51,32 61,68,39 60,72,37 66,75,44 60,68,41 
51,59,51 62,70,55 61,69,52 58,65,50 48,52,40 43,48,31 56,65,37 54,59,41 42,43,35 52,61,41 74,84,64 59,68,54 48,57,46 43,50,39 34,38,27 35,38,28 47,57,45 38,41,34 33,36,31 36,39,28 58,63,43 74,84,55 64,68,49 46,46,27 58,60,40 54,56,36 52,55,33 62,66,42 58,63,43 48,51,30 47,50,26 57,66,39 53,64,35 42,50,26 43,54,30 50,63,38 33,34,23 33,37,23 32,35,22 24,25,18 51,46,41 69,62,55 29,31,22 33,35,23 44,49,27 42,43,28 58,62,37 58,66,35 55,61,33 63,72,42 
73,85,66 77,87,70 74,81,69 71,74,59 60,67,48 50,56,37 55,60,44 57,60,50 37,38,29 48,55,34 50,58,42 57,62,52 44,51,43 43,50,40 37,40,31 31,33,24 44,46,39 43,45,37 29,30,19 48,50,37 58,62,49 73,82,59 75,85,61 45,48,26 53,55,38 57,61,39 70,78,49 61,68,34 50,52,34 46,49,29 54,60,35 66,77,53 60,75,43 47,56,29 38,45,22 35,41,25 34,35,22 51,57,32 23,25,19 20,20,17 50,44,40 67,61,56 30,33,20 27,29,19 29,31,20 50,50,31 53,58,36 59,65,37 69,77,42 64,70,46 
66,72,60 56,65,54 55,62,56 66,74,60 52,60,45 47,51,34 62,67,51 53,57,41 31,29,22 51,58,28 47,52,38 63,70,56 49,54,47 49,52,43 34,35,25 43,51,40 48,55,47 49,50,44 38,42,28 44,44,31 71,74,60 79,91,73 71,84,63 51,56,33 48,52,38 55,63,45 69,77,50 53,58,35 47,51,31 41,43,28 55,62,40 69,83,57 68,84,61 61,71,40 47,54,31 30,34,22 33,36,25 43,45,31 22,23,19 19,20,18 51,46,44 72,65,61 26,29,20 42,46,30 49,52,34 48,49,29 55,59,35 56,64,34 59,69,35 72,83,44 
74,79,70 42,46,36 36,39,29 35,37,28 43,49,34 43,47,28 61,67,48 44,45,22 32,29,21 32,35,18 50,49,39 67,73,52 59,62,51 51,50,39 41,42,30 54,57,49 60,65,59 52,53,48 47,58,43 57,69,48 76,80,62 47,53,38 80,91,63 59,66,45 66,77,54 58,69,57 53,62,51 47,54,37 52,60,43 47,52,42 60,67,52 79,94,68 71,82,60 72,83,61 79,91,83 40,46,35 52,59,47 49,51,38 30,32,23 23,24,21 52,48,46 80,72,68 47,47,37 64,64,54 75,75,61 63,60,52 60,59,48 50,56,34 51,56,37 52,58,34 
49,53,45 47,51,43 47,50,25 37,41,26 38,40,27 58,63,34 62,72,31 46,52,30 29,27,20 44,47,37 67,66,60 73,81,66 40,42,35 39,40,31 54,56,51 119,116,120 99,99,102 73,78,79 54,70,51 57,74,54 60,72,54 47,53,39 52,59,40 63,77,56 78,93,77 95,107,107 101,115,107 82,94,84 102,113,108 88,99,93 69,75,68 109,120,109 95,103,87 111,118,104 98,108,99 64,74,60 60,67,54 46,48,36 34,39,27 27,29,22 55,51,47 78,71,66 42,41,35 44,47,31 58,60,45 72,65,60 75,69,65 49,51,36 65,69,48 68,66,59 
66,68,71 54,59,53 57,61,37 61,62,44 58,57,46 70,74,51 74,78,58 83,83,79 39,35,34 68,70,70 44,43,36 52,58,46 51,54,45 41,42,37 81,85,89 158,156,158 147,147,152 85,92,90 50,64,48 49,62,46 57,66,59 55,64,51 64,71,56 74,89,76 95,109,103 105,117,110 114,126,113 106,118,107 115,126,116 105,116,112 65,72,65 86,95,85 84,88,81 124,128,113 159,159,150 117,123,123 110,114,106 49,50,39 32,33,26 28,29,24 58,53,48 82,76,71 45,46,35 61,64,48 86,88,72 84,74,70 85,75,73 79,76,65 110,107,101 96,92,85 
117,114,115 83,86,71 85,85,66 102,98,87 84,79,67 91,88,79 109,104,95 99,91,88 54,47,45 78,78,75 50,45,34 26,26,18 43,41,31 38,39,32 60,62,58 119,115,112 114,110,107 77,75,71 71,75,64 52,61,44 35,41,28 48,54,43 68,71,60 90,94,82 96,97,89 92,92,85 95,93,83 93,88,76 90,84,71 90,85,70 43,42,34 72,74,65 73,74,66 83,77,63 83,76,65 94,94,86 108,119,109 56,57,45 36,38,27 58,63,39 69,65,56 93,87,80 58,60,42 74,72,61 75,68,65 69,64,55 67,59,56 94,84,82 120,114,112 76,72,64 
183,172,163 148,141,124 124,116,98 153,141,128 117,105,94 119,105,93 119,106,91 74,63,52 51,43,40 67,59,49 58,52,40 38,35,24 42,36,27 46,41,31 60,53,44 79,69,60 87,76,67 78,66,60 79,73,62 43,48,31 43,53,32 55,58,44 89,83,72 101,92,79 104,94,84 104,94,83 104,91,80 102,89,76 99,89,74 81,77,58 47,45,36 97,91,81 99,94,88 108,97,87 103,93,85 100,94,87 115,116,115 98,96,96 105,99,93 121,117,105 78,75,63 97,93,85 68,75,51 74,84,58 63,76,51 59,72,45 53,54,41 65,77,51 67,79,55 67,80,52 
185,175,166 169,159,149 163,152,141 163,151,139 93,80,72 132,123,103 109,106,82 83,84,56 63,55,46 61,52,42 62,57,41 31,28,21 55,46,39 73,62,51 73,64,54 83,74,65 91,80,71 76,68,57 70,66,54 45,52,33 48,57,36 62,65,50 99,89,79 102,95,80 109,99,89 113,100,90 112,98,88 107,95,83 95,83,67 77,67,53 48,44,35 79,71,59 89,85,81 73,65,52 73,67,55 63,59,47 67,61,53 71,61,53 82,71,63 91,81,72 84,76,70 102,96,89 91,90,78 87,89,75 106,102,94 105,102,90 70,62,56 120,120,107 86,92,74 82,93,69 
117,119,90 107,105,78 113,106,87 116,111,89 96,100,78 104,112,79 84,94,62 73,78,49 70,68,54 58,49,39 68,59,49 64,55,45 59,48,41 58,49,41 62,54,44 63,56,43 64,60,44 51,53,37 54,64,41 42,55,33 39,49,31 52,58,41 69,71,51 56,67,39 55,63,39 64,71,47 59,67,42 52,48,40 51,44,38 55,46,40 44,41,34 60,57,49 70,63,59 61,51,43 59,54,42 66,58,47 59,63,46 59,62,46 58,62,44 60,56,44 70,60,52 92,83,77 51,55,44 56,58,43 54,70,44 57,75,44 67,61,49 83,90,70 94,95,82 102,100,90 
68,80,41 68,79,41 65,77,40 66,75,40 89,107,70 85,103,69 66,81,55 60,71,52 47,51,38 43,39,31 65,57,47 38,39,25 38,35,26 46,46,31 48,48,33 54,50,37 58,58,39 53,57,37 57,62,41 48,55,35 43,54,35 48,59,40 55,69,39 49,65,37 54,69,42 60,77,44 56,76,42 57,71,42 58,66,44 57,55,45 56,48,43 67,60,55 123,123,120 81,83,70 57,66,45 69,72,52 65,80,54 67,77,52 67,77,51 58,78,44 72,79,56 95,93,79 68,83,52 73,76,54 66,74,53 68,80,53 64,56,46 73,80,57 68,83,57 67,85,51 
56,70,35 59,70,36 54,62,35 58,62,39 65,74,44 62,74,46 59,74,46 49,60,37 43,49,37 48,50,38 73,65,51 51,54,35 55,58,38 59,58,40 61,61,42 63,67,39 63,69,41 67,71,45 71,80,54 60,72,47 54,67,43 47,60,42 58,75,48 57,76,40 64,81,45 62,80,46 60,82,45 59,80,45 60,80,46 58,78,44 58,66,45 92,88,76 207,201,200 182,175,171 68,65,49 73,87,56 65,87,52 71,96,58 69,92,55 65,91,53 66,87,53 86,92,69 61,83,45 73,91,53 75,90,59 74,92,58 73,87,56 80,94,63 79,95,61 78,90,59 
76,70,56 73,68,54 71,70,50 69,71,51 69,76,52 70,78,52 68,77,48 70,78,53 57,65,53 54,58,41 64,75,46 65,75,44 68,78,46 68,76,43 74,74,50 71,76,47 72,75,49 69,81,47 70,85,53 64,80,51 52,68,44 50,63,42 61,75,49 60,80,44 61,81,46 59,78,47 56,76,42 60,79,44 70,84,54 71,88,59 70,91,64 105,114,98 189,180,177 191,182,181 111,110,117 81,77,56 67,94,51 71,99,57 68,94,51 66,93,50 71,97,55 75,98,59 74,93,57 75,91,57 78,96,60 81,101,65 81,98,62 80,100,62 83,96,63 91,79,71 
77,63,54 92,69,65 96,73,68 105,88,82 100,78,78 98,85,72 86,88,63 89,100,74 64,71,51 96,84,81 127,115,112 138,125,123 139,126,125 131,115,112 115,88,85 119,94,91 113,90,85 97,77,69 88,68,61 68,64,49 69,53,52 84,69,68 108,92,91 111,89,92 115,83,91 113,89,93 116,87,96 110,87,93 111,83,90 110,85,86 95,79,76 110,83,85 198,189,188 181,166,168 67,78,75 67,56,49 65,68,56 67,80,56 75,93,58 73,86,55 75,98,55 72,96,54 73,99,55 82,101,66 85,106,71 81,100,66 78,96,62 71,90,52 82,91,64 104,92,84 
69,64,48 65,63,44 69,65,46 81,76,57 72,55,44 73,68,46 78,79,58 79,84,63 63,53,41 70,67,51 78,70,54 82,73,57 87,78,61 84,70,57 89,67,59 79,61,51 79,60,51 80,69,55 72,59,48 63,61,43 67,54,48 70,61,56 72,71,56 74,71,57 88,67,59 64,68,46 77,71,56 68,73,51 76,73,55 78,85,58 68,94,51 103,90,74 205,197,199 163,140,145 103,92,78 63,64,50 69,61,61 71,65,60 69,69,58 76,88,67 69,85,56 74,97,59 77,99,56 77,98,53 79,100,61 77,97,63 78,92,54 78,94,54 90,96,67 105,92,86 
77,77,56 75,71,53 73,77,51 78,76,51 73,55,47 70,78,48 73,79,49 74,83,49 73,62,45 62,55,36 66,68,40 68,65,42 60,57,37 65,47,40 82,60,55 62,56,36 66,65,41 68,65,48 74,70,51 69,67,46 72,61,50 70,64,52 67,71,49 72,73,52 92,66,61 76,75,55 78,85,58 74,85,54 82,84,58 85,82,60 90,95,64 107,89,76 196,183,186 173,153,157 109,104,87 104,86,78 80,73,67 112,103,97 116,105,103 99,90,86 113,105,99 113,106,98 98,94,81 98,97,79 79,100,61 72,93,60 80,100,60 79,96,55 90,98,67 100,87,82 
79,82,58 79,82,57 81,84,58 83,81,57 87,73,60 85,87,59 83,82,57 80,79,54 84,66,55 79,60,50 81,71,51 78,57,50 77,59,54 82,60,55 93,59,60 82,71,53 83,65,51 82,58,53 83,63,55 94,66,60 84,65,57 86,61,57 83,66,59 79,66,56 103,63,66 94,74,65 92,84,64 94,83,68 91,76,63 87,74,60 99,76,65 109,86,75 168,144,141 161,136,135 115,100,91 83,93,65 120,73,83 120,82,88 114,71,80 103,62,73 106,61,71 104,62,71 102,62,68 113,97,85 77,93,60 75,95,61 77,95,57 78,95,57 91,96,68 109,97,90 
127,119,107 123,114,105 125,115,105 131,122,111 111,97,89 109,104,87 101,98,79 90,89,70 96,88,76 82,77,63 72,71,56 67,66,57 77,73,63 88,85,72 92,75,66 81,80,64 80,78,62 78,68,61 86,84,64 87,83,66 80,78,64 74,76,61 64,64,51 69,72,54 89,65,61 66,70,52 76,82,58 78,86,63 76,82,59 79,84,61 80,87,63 86,84,64 158,130,125 152,124,119 106,91,80 92,88,68 108,71,69 116,96,87 108,77,72 96,72,69 99,64,65 85,58,56 99,65,66 105,91,82 74,92,57 75,94,59 81,96,59 78,94,58 87,90,65 102,89,81 
162,154,144 130,119,110 128,116,106 169,159,151 177,169,162 142,134,126 147,136,127 148,139,130 124,113,104 128,117,107 146,138,131 156,149,143 146,138,130 162,153,144 181,172,167 165,153,145 184,172,168 185,172,169 184,170,166 178,164,159 173,159,153 165,149,142 159,141,134 173,159,154 165,147,144 144,131,126 154,142,137 150,134,126 152,136,126 146,131,121 156,141,133 142,127,117 173,156,146 139,115,103 119,95,88 97,79,70 111,69,70 118,94,88 118,86,83 109,82,77 110,74,76 95,62,63 101,67,71 109,98,89 85,98,66 90,101,75 100,108,86 102,107,88 108,106,91 118,107,97 
166,158,148 146,135,126 148,138,128 152,145,132 165,157,150 115,106,97 148,137,126 162,153,145 144,133,123 160,152,143 169,163,156 181,176,172 179,173,169 176,168,161 192,186,182 154,143,134 181,170,163 180,168,162 184,173,168 176,164,158 193,182,177 190,176,168 198,183,176 197,184,181 202,192,189 183,172,166 193,181,177 183,171,167 172,160,154 120,104,93 177,165,159 157,142,130 192,179,169 168,153,142 141,132,120 95,72,62 112,67,70 122,92,89 117,89,85 106,77,74 105,73,72 98,63,66 136,101,108 203,199,200 190,187,187 157,149,146 158,147,142 165,156,153 146,137,134 152,142,137 
139,128,116 136,124,111 143,132,119 142,133,119 141,132,117 101,92,77 146,133,122 139,128,115 135,126,110 151,140,127 154,143,132 163,155,146 162,155,146 167,158,149 176,169,161 161,151,139 180,169,162 176,162,153 176,163,153 151,135,123 172,159,149 192,178,172 206,195,191 194,184,179 204,194,191 183,170,164 168,156,148 162,149,140 170,159,151 119,103,89 169,158,151 156,141,127 170,157,143 184,168,159 157,143,136 110,102,90 110,61,69 124,96,93 116,88,85 111,77,77 106,69,72 105,71,71 134,89,95 180,171,168 220,222,224 210,209,213 182,176,176 162,156,154 64,63,63 157,153,152 
103,95,82 114,106,93 109,101,87 103,94,81 108,104,86 99,96,78 100,90,77 110,100,88 107,101,77 116,106,83 111,97,77 118,105,86 122,108,91 122,113,98 127,114,98 124,110,93 126,113,95 117,106,85 125,126,96 118,105,86 123,111,92 140,126,106 133,125,104 132,121,102 167,156,142 153,139,126 137,123,107 138,133,113 137,123,108 131,116,101 160,148,136 157,141,125 153,138,120 181,165,152 171,157,151 143,130,119 108,58,66 113,68,75 114,72,74 115,72,75 108,70,72 104,67,67 117,71,71 151,136,126 178,170,169 164,155,154 152,141,137 143,133,128 85,61,62 111,102,98 
119,116,108 235,230,216 233,225,207 232,223,199 228,220,199 220,211,186 220,212,196 198,193,181 101,103,75 96,97,67 80,71,60 93,85,66 85,70,62 93,79,70 88,78,67 97,89,76 98,91,73 110,104,86 109,114,84 106,101,79 108,109,85 105,110,77 113,114,83 108,98,82 104,106,85 94,80,74 107,104,82 104,105,81 108,100,79 97,84,72 105,90,76 115,100,80 119,123,91 149,138,117 179,169,161 148,133,125 119,77,82 111,100,90 128,110,97 130,113,101 121,104,94 107,89,78 120,85,75 143,127,117 164,156,153 141,130,128 162,155,155 173,168,166 77,75,75 145,136,132 
108,116,90 235,227,209 231,224,200 224,222,199 219,198,155 233,226,210 233,226,208 200,194,178 104,111,73 93,97,59 95,90,60 88,93,56 76,74,50 84,78,55 98,102,69 106,114,78 104,117,75 122,131,100 119,129,97 121,132,100 117,138,91 105,119,83 108,127,85 112,118,96 110,115,96 120,113,111 117,125,104 107,125,88 105,112,94 97,99,81 94,95,78 107,112,80 104,116,71 122,120,96 183,172,162 176,162,156 152,127,121 134,120,109 125,113,105 135,121,114 158,144,136 130,117,111 141,125,115 156,142,129 172,163,160 147,138,136 154,144,141 156,147,143 64,62,62 142,132,128 
102,111,66 232,223,198 233,226,206 223,218,200 197,183,157 234,223,200 233,225,204 206,202,187 106,116,69 97,103,63 100,105,61 105,119,69 84,90,56 102,110,70 110,122,74 113,129,77 109,130,76 115,134,84 107,122,81 103,124,76 105,129,81 93,109,70 102,126,79 102,123,82 108,129,91 111,121,103 110,131,94 102,128,74 110,118,100 110,118,94 105,109,84 105,116,84 106,121,84 102,108,80 153,149,123 192,179,175 143,130,122 154,139,131 118,104,93 156,144,138 185,175,170 165,153,146 174,160,153 185,172,164 180,172,167 149,141,138 151,141,133 147,133,122 53,50,48 148,137,126 
95,106,57 234,228,209 231,221,191 222,218,207 206,201,187 209,204,189 226,219,200 205,203,190 102,109,63 109,124,72 99,111,62 109,122,73 95,108,65 113,126,78 97,106,65 116,131,82 116,137,89 104,127,79 96,112,73 95,121,72 96,118,74 84,104,62 95,117,70 95,114,71 104,128,81 98,120,83 103,127,87 93,123,69 97,116,77 111,125,86 116,134,96 110,113,92 105,123,83 102,117,75 120,123,86 186,177,167 119,121,97 150,136,126 117,102,91 155,143,135 194,185,181 183,175,170 186,177,173 179,167,159 177,167,159 166,159,156 150,139,131 153,140,128 70,68,64 151,139,130 
87,95,50 238,235,228 235,229,212 223,217,203 211,205,190 211,208,196 222,216,200 204,202,191 85,91,47 100,110,61 95,107,63 102,115,68 113,134,85 104,117,69 95,105,63 114,133,84 97,115,70 89,111,66 86,103,66 89,111,69 86,102,59 86,112,63 87,105,61 101,121,72 102,121,77 96,116,80 94,117,77 87,114,63 85,108,66 94,109,66 99,116,77 94,104,69 102,115,74 96,104,66 102,112,70 149,151,119 97,104,79 128,119,100 123,106,92 156,143,130 163,155,144 176,169,162 192,183,179 36,36,35 39,39,39 53,58,61 113,114,103 76,77,60 42,42,42 140,125,111 
82,93,50 115,114,112 115,114,111 111,109,102 107,104,97 109,107,101 112,109,102 103,103,96 81,86,51 96,103,66 98,106,64 105,117,68 111,129,81 97,109,67 101,120,69 106,128,74 89,107,60 104,129,83 100,121,81 86,100,66 87,106,65 83,102,65 87,102,65 95,116,68 114,128,92 108,119,94 90,104,74 83,98,61 86,101,59 94,110,72 88,102,64 99,107,72 100,111,68 108,108,70 112,122,79 114,124,83 99,103,75 134,121,103 131,115,97 127,116,95 128,122,101 153,139,127 157,141,129 63,62,53 73,68,64 75,72,70 104,98,85 92,92,80 82,80,78 143,130,123 
93,103,60 64,64,64 66,66,66 39,39,39 30,30,30 30,30,30 30,30,30 36,37,32 92,98,67 109,118,78 100,112,69 106,115,70 100,116,68 97,116,70 102,122,74 105,127,76 98,121,74 103,128,81 79,100,60 77,94,62 89,108,68 85,101,68 99,109,77 95,112,72 90,106,64 94,106,68 86,88,66 87,87,65 88,87,63 97,108,76 90,90,64 87,85,63 101,100,73 104,112,74 101,105,71 106,112,72 104,109,78 106,101,80 86,84,72 84,83,69 86,83,72 80,73,65 91,82,77 78,72,64 94,87,80 92,85,81 84,79,74 110,105,103 101,94,91 80,73,67 
