178,178,177 179,179,177 180,179,177 182,181,180 184,183,184 184,184,185 187,188,188 189,188,189 189,187,188 212,210,212 212,210,213 214,212,215 216,215,217 216,214,217 217,215,217 217,214,216 213,210,213 207,206,209 208,207,209 209,208,210 207,205,207 206,204,205 204,202,204 204,202,201 201,200,198 201,200,199 197,197,195 117,125,113 66,76,63 120,128,120 73,84,77 145,152,152 88,102,79 62,78,41 54,68,39 41,55,32 41,52,32 40,51,31 47,59,32 41,53,26 49,62,28 44,59,23 34,41,24 30,34,24 37,47,26 60,70,48 168,171,167 177,178,176 183,183,182 186,186,185 
68,68,68 70,70,70 69,69,69 71,70,70 73,73,73 70,70,70 71,71,71 72,72,72 73,73,73 211,210,212 212,211,213 215,213,215 217,215,216 219,215,217 217,213,214 215,212,215 212,210,213 208,205,208 206,204,207 207,207,208 210,206,207 210,204,204 205,202,201 205,203,202 203,202,201 201,201,200 199,199,198 143,147,148 76,83,82 76,89,68 88,100,86 83,98,73 73,89,51 58,72,40 54,70,39 39,50,33 47,59,45 40,50,33 43,57,32 45,58,27 35,47,26 42,55,24 45,57,24 44,56,27 46,58,27 64,74,53 156,157,156 187,188,188 191,190,189 191,191,189 
74,74,74 99,99,99 113,113,113 116,116,116 112,112,112 118,118,118 109,109,109 119,119,119 104,104,104 212,211,212 213,211,213 215,212,215 215,211,214 215,211,212 212,209,210 215,213,215 212,209,212 206,202,205 202,198,200 205,201,201 210,205,204 210,204,204 206,202,201 205,204,202 205,204,202 202,202,201 204,204,203 197,199,199 83,92,86 58,69,51 58,71,53 75,91,55 53,66,42 49,59,39 39,49,33 40,51,39 37,46,37 34,43,26 33,44,26 36,45,27 31,38,25 29,35,25 34,42,25 37,47,27 39,47,30 51,61,36 130,134,123 196,196,197 197,197,196 193,193,193 
68,68,68 67,67,67 69,69,69 70,70,70 70,70,70 71,70,70 71,71,71 71,71,71 74,74,74 212,212,212 213,211,211 214,211,211 212,210,210 209,206,207 209,205,208 212,208,211 209,204,207 202,198,200 200,195,196 201,195,196 205,200,199 207,202,201 205,201,200 206,205,203 207,207,205 207,207,205 212,212,210 150,153,153 57,66,47 81,92,76 61,76,49 61,75,44 42,53,35 46,56,36 36,44,30 34,43,31 45,55,33 39,50,35 35,46,28 39,51,28 29,35,25 26,29,23 28,32,24 35,43,25 49,61,34 50,61,32 118,121,110 200,199,200 196,196,196 190,190,192 
67,67,67 81,81,82 88,88,88 87,87,87 86,86,86 67,67,67 68,68,68 68,68,68 72,72,72 209,209,209 212,211,208 210,209,207 210,206,206 204,203,204 205,203,204 207,203,206 209,205,207 202,197,197 202,196,197 201,195,196 203,198,198 204,200,200 204,202,201 208,207,205 210,209,208 212,212,210 219,219,217 124,130,120 60,70,47 60,73,47 53,66,43 55,66,36 51,60,38 45,55,32 33,40,30 29,33,27 42,52,33 34,41,30 29,36,23 30,37,24 28,33,24 25,31,20 25,30,19 24,30,18 35,43,28 43,50,33 161,162,166 194,195,198 191,192,194 188,189,193 
165,168,169 165,169,169 170,172,172 169,170,171 171,172,172 173,174,174 175,175,175 178,179,177 183,183,181 206,206,204 208,208,206 208,208,205 203,203,201 200,198,200 201,199,201 205,203,205 203,201,202 204,198,198 203,198,198 204,199,198 204,200,200 203,202,200 206,205,204 210,208,207 212,211,210 216,215,214 196,198,195 84,93,70 62,74,46 68,79,46 52,62,38 47,58,36 59,71,43 37,46,33 28,35,26 35,39,34 35,40,32 37,45,34 34,43,29 41,50,35 25,28,20 22,27,18 28,33,21 32,37,30 35,40,33 57,64,52 154,156,155 194,195,199 191,192,196 185,186,188 
178,182,186 179,184,187 183,187,190 187,190,192 189,191,193 192,193,194 193,195,194 196,198,196 199,200,199 202,203,201 207,206,203 205,205,201 201,199,198 198,197,198 199,198,199 201,199,200 202,200,200 202,198,198 203,199,198 204,201,199 205,202,201 205,204,203 207,206,206 211,210,210 215,214,213 219,219,217 141,147,134 66,75,46 67,78,49 74,87,47 51,60,37 44,53,34 41,51,33 33,39,29 27,31,23 28,32,25 29,34,26 29,35,28 29,34,26 29,34,24 30,34,24 30,35,23 44,52,32 49,58,41 108,111,122 60,66,66 124,126,128 160,161,159 173,173,174 164,164,164 
175,179,183 177,180,185 180,183,188 183,187,191 188,192,194 195,196,197 194,196,196 195,197,196 197,199,198 199,200,199 202,202,199 200,201,197 197,197,195 195,195,195 195,195,195 196,195,196 198,196,197 201,199,199 205,203,201 206,205,204 205,203,201 204,204,203 208,207,207 213,213,213 216,216,216 208,209,206 110,116,101 55,63,42 63,75,48 62,75,44 41,47,32 55,63,39 53,63,38 33,39,27 25,28,21 32,38,25 53,61,38 32,38,29 39,42,43 51,61,38 54,63,41 63,75,42 38,46,27 55,68,41 76,83,73 150,151,157 171,172,175 97,98,81 106,105,90 91,91,69 
174,180,184 179,182,187 184,187,192 189,193,196 195,198,199 198,199,200 196,197,199 195,196,198 194,195,197 195,196,198 194,195,195 195,195,195 191,192,192 191,191,193 191,191,193 192,191,193 192,191,194 198,196,198 204,203,202 204,202,201 203,201,199 204,204,204 209,209,208 214,214,214 216,216,216 156,158,155 73,81,64 52,57,40 58,66,45 45,54,35 50,61,35 57,66,42 56,67,39 33,39,27 32,40,27 30,37,24 36,45,27 35,43,29 54,62,45 58,67,42 57,68,40 55,67,37 52,58,37 48,55,38 98,102,98 114,116,117 120,120,110 83,83,67 82,80,58 71,72,50 
176,183,186 177,182,187 187,191,195 197,201,202 193,197,199 198,200,202 198,199,201 189,190,190 193,194,198 191,192,196 189,190,193 189,191,193 186,187,190 184,185,188 186,187,190 189,189,192 189,188,192 194,192,195 197,195,196 195,194,196 198,197,197 203,204,203 210,212,209 214,215,215 215,215,216 195,196,196 89,97,78 55,65,46 73,82,53 67,78,45 73,84,48 49,59,39 41,50,33 24,26,21 35,42,31 32,37,26 34,40,30 52,63,37 56,70,41 57,67,37 37,44,24 42,51,30 43,51,33 55,63,45 71,76,66 189,191,196 98,95,81 76,74,62 66,66,47 67,69,50 
187,191,195 189,194,197 191,196,199 201,205,206 190,194,198 196,200,203 198,200,202 119,122,95 184,185,187 187,188,193 186,187,192 187,188,192 186,187,191 183,184,189 184,184,189 185,185,191 186,186,191 191,190,195 190,189,194 191,191,194 195,195,197 202,202,203 209,211,209 212,213,213 214,215,215 151,155,150 63,69,43 68,77,49 62,74,46 49,58,38 55,66,39 45,56,38 36,45,32 29,34,25 54,66,38 40,50,31 27,31,22 40,47,31 40,48,29 31,35,22 31,35,23 54,66,31 39,46,28 50,56,40 111,115,105 164,166,167 80,77,60 84,82,62 65,65,48 56,57,48 
189,193,198 188,192,197 196,201,204 201,206,207 195,199,203 195,198,203 192,194,194 82,88,55 140,143,131 189,190,195 188,189,194 169,171,176 185,186,191 184,185,190 182,183,188 180,181,187 183,183,190 188,188,194 192,191,196 196,196,199 197,197,199 197,198,200 202,203,206 207,207,210 212,213,214 115,119,112 79,87,55 61,67,43 56,64,37 45,51,33 35,43,27 37,46,31 40,49,34 42,51,31 55,68,38 39,46,31 35,39,30 36,41,29 37,42,28 31,35,25 29,33,23 41,47,28 43,49,34 52,58,38 113,116,106 139,142,136 109,111,98 86,86,66 63,64,49 74,77,57 
187,192,198 189,194,198 195,200,204 196,199,205 199,203,207 200,203,208 175,178,171 50,60,25 99,107,85 196,197,202 192,193,198 181,183,188 182,182,189 179,180,187 177,177,185 177,178,186 119,121,119 116,118,118 150,152,152 131,134,128 186,188,190 167,169,173 196,197,202 203,203,207 205,205,209 133,136,128 70,77,50 52,58,34 60,69,38 53,60,34 32,37,24 30,35,24 27,33,23 27,30,22 34,41,25 34,39,29 27,27,22 34,36,26 50,58,39 30,33,24 32,36,22 37,42,27 53,59,40 72,77,57 75,80,59 84,89,62 77,80,60 79,83,59 79,84,59 83,90,58 
191,195,201 195,199,204 196,200,205 196,199,206 199,202,208 199,202,207 181,183,182 46,56,30 77,82,56 187,189,193 190,191,197 159,163,160 143,146,136 177,177,186 177,176,186 154,154,160 104,105,101 63,66,56 72,78,66 69,75,54 81,88,66 80,88,64 163,164,163 164,167,163 172,174,177 78,84,60 64,71,45 41,44,27 54,58,32 32,35,23 34,40,26 35,39,26 27,31,22 32,40,26 53,67,35 32,38,26 27,29,20 39,44,30 31,36,24 50,56,37 49,54,37 52,55,39 46,53,35 72,75,53 84,85,69 90,89,79 83,81,74 84,85,72 84,85,70 83,92,57 
201,205,212 197,200,208 198,201,208 200,204,211 166,171,173 156,160,163 172,177,172 51,64,35 64,73,43 101,106,99 183,184,192 103,110,87 95,101,73 178,178,189 176,175,186 97,97,94 59,62,55 42,44,37 39,45,36 60,65,44 63,70,41 55,65,36 79,87,59 82,92,62 87,97,75 82,86,65 77,81,53 50,54,31 41,42,25 39,41,26 33,37,24 27,31,23 34,39,27 25,28,22 38,43,24 33,36,25 35,38,26 49,55,33 50,57,36 64,74,43 52,58,37 47,51,38 55,56,43 64,65,48 112,110,105 164,158,160 169,163,168 163,156,160 130,128,118 63,72,42 
134,143,141 187,191,199 197,201,208 140,145,136 80,88,67 65,76,58 89,100,76 57,67,32 46,58,29 72,78,65 128,132,135 86,93,62 47,56,27 163,164,170 171,172,185 89,89,85 44,46,39 64,70,38 36,41,34 52,57,39 57,66,38 46,55,33 55,65,36 71,86,44 78,83,47 73,78,52 69,76,48 60,66,35 38,42,26 47,52,29 39,41,27 32,37,24 45,53,36 23,25,20 39,44,27 48,56,39 36,40,26 54,62,40 35,39,26 48,52,42 117,119,118 67,66,62 49,49,39 51,54,42 71,70,61 116,112,108 163,158,161 158,152,156 109,107,98 58,62,42 
57,71,55 91,101,102 187,193,203 79,89,78 43,53,47 59,69,62 74,83,54 59,68,37 47,57,28 56,67,42 102,106,107 84,90,60 43,53,24 129,131,128 159,161,173 122,122,128 48,51,38 58,68,33 34,41,31 44,50,34 43,52,33 28,35,26 55,66,36 58,69,38 75,83,43 70,79,46 75,82,43 63,72,40 49,54,33 30,33,23 34,39,26 28,31,22 35,42,26 23,24,18 50,58,34 40,46,31 43,48,31 32,35,24 25,25,22 95,94,88 167,163,158 81,80,72 37,37,30 48,45,38 68,67,59 77,77,66 91,88,82 89,85,85 89,90,77 64,71,50 
85,90,73 106,106,111 123,126,129 79,85,81 37,48,44 68,74,60 65,75,52 61,73,36 47,59,32 48,59,29 67,73,67 72,81,45 37,48,26 64,71,54 85,89,73 86,91,73 63,70,37 54,64,35 35,41,27 49,52,47 37,43,31 32,38,30 39,48,29 52,60,35 70,76,45 70,81,51 60,65,44 73,80,57 58,65,38 41,46,28 34,39,24 34,40,24 27,31,22 28,31,23 37,44,26 42,50,30 46,52,35 28,30,20 33,38,25 39,46,30 63,59,57 49,48,43 35,34,31 55,51,48 65,64,58 56,56,46 65,67,50 58,58,47 78,78,69 51,55,39 
59,73,43 101,102,99 64,69,63 87,76,74 81,71,63 67,71,55 86,93,87 53,66,28 46,58,30 58,64,44 105,104,95 85,88,60 35,45,22 62,57,43 76,75,48 70,75,37 66,73,36 47,56,32 47,52,37 84,81,80 68,68,61 61,63,59 66,66,65 76,66,58 73,64,47 57,65,43 48,49,36 62,69,48 66,69,49 53,56,41 45,52,32 49,51,40 19,19,17 71,68,70 58,55,58 75,80,46 79,79,79 30,34,21 36,43,28 44,51,36 100,99,101 39,38,36 37,39,31 70,68,61 90,87,84 77,70,65 56,55,40 59,58,47 100,95,93 95,92,89 
36,51,57 90,102,76 93,105,68 91,101,62 98,108,66 96,105,66 101,112,63 58,70,29 30,39,22 40,49,27 103,109,72 73,81,47 31,40,21 69,76,45 79,85,48 80,86,42 63,72,36 48,57,31 63,64,50 77,69,65 71,67,55 83,80,68 98,92,82 88,83,68 91,83,69 75,74,56 78,71,60 57,61,43 75,75,54 63,63,53 57,65,40 52,54,38 22,24,19 65,63,58 64,58,55 76,79,59 59,65,51 36,43,25 36,45,23 71,72,64 109,106,109 30,36,28 28,34,25 41,46,34 56,65,45 86,79,71 67,67,50 69,69,58 85,81,75 81,73,64 
8,32,100 71,88,84 101,117,69 103,116,69 103,115,70 104,116,70 102,115,67 66,77,33 36,46,25 36,47,27 86,95,54 87,97,50 43,53,20 78,88,43 90,98,46 80,89,43 88,95,51 83,90,46 81,90,49 95,98,71 108,100,93 122,113,112 131,121,118 125,115,112 100,98,81 94,92,68 96,91,68 96,89,70 89,85,63 90,83,71 49,51,35 69,64,44 29,31,23 55,54,36 56,55,38 58,68,42 46,54,34 46,54,31 49,61,31 121,116,115 92,90,90 27,32,26 26,31,25 39,38,32 42,51,37 98,90,79 97,80,70 78,59,53 59,46,43 53,44,43 
3,27,94 48,67,84 100,116,73 99,115,73 101,116,75 104,119,74 108,120,74 97,109,59 61,73,35 54,65,31 89,101,53 109,120,66 66,74,28 107,117,64 101,111,59 83,94,47 99,107,57 98,106,57 96,104,57 92,101,57 92,94,67 100,98,82 120,109,111 130,117,117 124,111,112 111,99,101 104,95,86 105,109,75 103,106,71 103,106,72 97,97,72 70,69,47 57,53,44 60,48,36 63,56,42 69,72,47 54,64,34 53,66,33 48,57,33 68,71,50 79,79,68 52,50,44 39,35,32 52,43,39 53,54,48 104,88,82 81,68,61 60,58,47 57,52,45 77,67,56 
39,62,108 40,61,94 106,119,74 101,115,72 104,118,74 107,121,71 110,122,72 112,125,70 101,108,60 83,96,45 109,122,64 106,118,62 91,97,49 102,112,59 98,108,56 94,103,53 92,100,52 89,97,50 91,96,52 96,98,68 105,106,78 102,97,79 119,108,109 127,114,114 131,118,118 132,118,118 122,108,109 105,96,89 99,104,70 96,104,66 101,105,73 68,71,42 95,82,71 107,86,80 98,82,75 71,65,51 57,65,37 56,67,30 54,61,36 79,74,62 78,81,62 74,80,55 78,80,58 79,80,58 76,83,57 93,82,70 69,58,47 66,46,43 61,55,44 59,51,43 
14,40,95 31,53,101 110,128,68 109,125,66 108,123,66 109,123,64 110,124,65 111,123,65 105,110,65 108,119,61 100,112,55 97,109,55 93,104,51 87,98,50 83,92,46 80,89,44 80,89,43 84,88,48 89,89,59 95,98,64 88,90,56 102,92,90 123,112,112 130,116,116 140,127,125 144,133,131 145,133,130 137,123,120 117,104,93 97,96,65 95,87,60 98,85,67 93,77,61 82,63,50 124,108,95 122,109,94 104,97,75 73,78,49 78,79,62 108,101,94 89,84,71 88,81,68 80,70,56 74,64,48 73,67,48 90,72,62 72,44,45 66,35,38 58,47,41 50,42,35 
35,58,102 27,49,105 109,123,67 107,121,60 110,123,63 113,124,66 107,118,61 97,105,52 94,98,52 95,105,51 94,104,53 91,99,52 85,93,48 82,89,47 80,90,44 81,89,44 87,92,53 94,96,63 93,93,59 95,93,60 89,79,73 95,85,94 109,98,101 118,105,107 122,109,109 120,107,107 118,104,103 117,102,99 113,98,93 103,90,78 98,94,67 94,87,62 93,80,65 95,83,62 88,85,53 78,77,45 73,72,42 65,67,39 86,85,64 128,117,112 146,133,127 166,153,149 157,141,133 156,142,136 139,128,120 104,78,71 110,96,92 101,87,83 80,71,66 74,63,57 
27,54,103 27,49,106 111,120,84 122,127,75 119,123,73 118,121,71 118,122,71 114,120,67 107,114,62 101,107,58 96,102,55 89,97,50 87,97,50 88,97,48 85,95,46 84,85,55 98,95,65 92,96,66 87,89,59 86,78,66 89,78,89 94,83,91 103,93,97 114,102,104 118,105,104 122,107,104 119,104,102 116,100,98 112,97,94 110,95,89 109,93,86 107,91,80 103,92,73 99,89,68 99,85,71 105,91,71 103,89,66 93,85,59 86,86,57 126,127,114 86,88,64 98,96,73 118,109,92 136,126,114 140,131,120 106,85,80 154,143,136 154,148,143 133,128,121 99,91,82 
22,48,99 49,68,97 107,116,77 121,129,71 122,129,72 115,124,67 113,121,66 107,112,62 105,103,61 104,98,62 90,91,51 91,99,51 92,99,51 84,90,46 92,93,71 98,99,71 95,98,65 84,93,59 76,77,58 84,76,83 88,78,89 93,83,90 102,91,97 107,96,101 113,101,102 121,105,104 123,107,104 120,103,100 114,98,96 114,97,94 112,97,90 113,96,90 112,95,89 116,97,88 110,97,80 101,93,71 104,91,74 112,96,79 106,92,76 120,111,101 95,89,70 94,93,67 86,86,62 85,81,60 78,76,54 81,68,54 80,79,57 92,97,72 80,84,58 67,63,47 
103,109,66 113,123,60 95,107,59 111,120,62 111,122,64 101,109,57 98,105,54 90,98,49 91,97,49 96,100,53 99,99,57 95,92,57 86,87,52 92,90,67 92,96,60 89,91,55 83,86,53 78,75,51 84,75,75 88,78,91 90,79,90 95,84,92 100,90,97 103,93,99 106,95,98 111,99,100 120,104,103 125,107,105 125,107,102 120,102,100 115,99,95 116,98,95 117,99,94 118,100,94 119,100,94 120,101,94 116,99,89 114,96,86 106,93,80 105,96,80 104,97,81 99,91,76 100,91,77 94,86,70 89,86,67 88,80,63 83,79,60 79,79,57 81,82,56 83,81,54 
109,118,57 109,119,58 92,102,54 99,105,53 95,101,52 97,102,53 96,100,53 93,100,51 91,101,47 94,105,47 91,99,47 91,89,59 100,102,79 97,101,65 93,99,60 91,99,64 88,86,61 88,76,77 86,76,90 87,77,92 90,80,91 94,83,92 96,86,92 100,90,96 102,92,96 107,96,98 115,101,102 128,111,110 131,113,111 127,109,106 121,104,99 120,102,100 118,100,97 118,102,98 119,102,97 120,102,97 121,103,98 119,102,98 122,104,100 121,103,97 113,102,90 107,99,83 96,91,73 93,90,71 96,96,74 102,97,80 100,96,78 100,95,78 96,93,71 91,83,62 
113,121,63 98,105,64 82,90,52 100,110,50 98,109,51 95,102,48 91,97,49 90,99,46 91,101,50 89,94,48 94,89,72 100,104,71 89,95,53 92,96,57 89,99,61 82,90,59 80,81,65 82,73,84 82,73,86 87,77,89 92,81,92 94,84,92 96,86,94 97,88,94 100,91,94 105,95,97 108,96,97 117,104,103 118,104,103 121,105,103 119,103,101 120,103,100 123,104,100 122,104,101 121,103,100 122,105,101 122,104,102 121,104,102 121,104,101 122,107,103 123,107,104 123,107,104 122,106,104 112,98,93 101,94,77 95,93,71 92,96,71 95,102,76 93,102,75 98,107,78 
89,93,55 99,105,52 91,98,54 99,106,49 93,97,46 92,97,48 96,102,52 95,103,49 91,92,52 98,90,76 109,108,77 98,94,51 98,97,62 90,101,64 80,86,53 74,75,57 80,74,76 80,71,84 82,73,85 88,78,90 91,81,91 92,83,92 92,83,90 95,88,93 98,90,94 102,93,96 103,94,96 107,96,97 110,99,100 116,102,101 119,104,102 119,103,101 121,104,101 124,105,101 125,106,103 125,106,104 123,105,104 122,106,103 123,105,103 122,107,103 122,107,104 122,107,105 122,107,106 122,107,105 122,108,105 123,109,107 122,107,103 117,102,95 105,96,84 98,96,76 
96,103,48 98,108,48 88,98,54 95,105,49 95,104,46 98,106,48 97,105,50 95,95,57 108,100,96 114,107,82 104,95,60 108,99,83 96,101,65 80,84,47 82,80,48 83,73,72 81,72,84 84,74,86 89,78,90 91,81,92 91,81,91 92,82,91 90,82,87 95,88,92 100,91,95 102,92,96 102,93,95 104,94,96 107,96,98 110,98,99 115,100,100 119,104,103 120,104,102 122,105,102 122,105,103 126,107,104 128,109,105 125,109,105 123,108,107 124,108,106 123,107,105 122,107,104 123,109,106 122,108,105 124,110,106 125,111,107 124,111,107 125,110,109 124,110,109 124,111,109 
100,112,50 102,117,50 92,104,56 84,98,44 94,103,49 95,103,49 95,93,58 109,101,87 113,111,86 106,95,69 97,95,71 94,96,61 88,91,51 90,82,48 88,78,62 82,73,85 83,74,87 83,75,87 88,79,90 90,80,91 91,81,92 90,81,89 95,87,92 96,87,90 97,89,93 100,90,95 102,92,96 100,90,93 104,94,97 105,94,96 109,97,98 113,99,99 116,101,101 117,101,100 121,105,104 124,107,106 123,107,106 122,107,106 124,108,106 126,109,107 126,109,108 124,109,108 124,109,107 124,109,107 123,110,107 125,111,107 123,110,107 124,109,107 124,109,108 122,110,108 
91,106,45 91,106,47 83,96,39 87,96,41 88,94,47 94,89,66 109,105,83 109,108,72 100,96,62 101,93,64 93,91,58 89,89,52 87,79,49 89,77,66 80,71,81 80,72,84 84,76,89 85,76,89 89,80,93 90,81,92 89,81,90 88,80,89 94,85,90 98,89,92 98,90,94 100,92,97 100,91,97 101,92,95 103,93,97 104,94,98 106,95,97 107,96,98 112,99,99 118,101,100 118,102,102 120,104,103 120,104,104 122,107,105 122,107,105 122,107,106 121,107,106 126,110,108 122,108,105 125,110,106 124,109,107 126,112,108 124,110,107 122,110,108 124,109,108 121,108,107 
82,95,41 90,102,47 89,96,47 87,93,45 91,84,67 99,91,84 104,98,72 94,89,58 101,93,64 99,95,59 99,98,59 94,88,52 85,73,62 84,75,86 82,74,86 84,76,89 85,76,89 89,81,95 88,80,92 88,80,91 93,85,95 89,82,91 94,86,91 93,87,90 96,89,93 100,93,97 100,91,96 103,94,98 102,92,96 102,92,97 106,96,99 107,95,99 108,96,98 111,97,98 114,99,101 113,100,101 116,102,101 118,103,102 119,104,104 121,107,106 118,105,104 121,107,104 121,108,104 128,111,107 128,111,107 128,111,108 126,110,107 125,112,109 126,111,109 124,110,109 
80,90,43 89,98,47 91,93,52 102,94,90 108,99,102 128,119,116 103,91,72 99,89,79 111,97,79 107,104,64 106,100,62 98,88,63 85,77,83 84,76,89 84,77,89 87,80,92 89,81,94 89,81,92 91,83,94 89,82,94 91,82,93 92,84,93 92,85,92 94,88,92 98,91,95 98,91,95 98,90,95 101,92,98 101,92,97 101,91,95 104,93,97 106,95,98 108,97,99 112,99,99 109,97,99 111,99,100 114,101,101 115,102,102 114,100,100 114,101,101 114,100,100 118,102,101 119,105,104 122,109,106 121,108,105 122,109,107 125,111,108 126,111,109 127,111,110 128,112,109 
83,90,46 91,91,61 112,104,97 114,108,109 120,111,112 137,121,117 118,101,95 98,85,65 108,103,64 106,100,60 95,81,55 88,76,63 86,77,87 85,78,89 88,81,92 89,82,94 88,80,91 85,77,88 90,82,93 88,81,92 89,82,91 91,84,93 91,85,92 93,89,94 97,91,95 99,91,96 100,92,97 101,93,98 101,92,96 104,95,99 105,94,98 105,95,97 106,95,98 106,95,99 110,98,101 108,96,99 112,99,101 110,98,101 118,101,103 114,99,100 113,100,101 114,99,99 115,100,99 119,104,102 117,104,102 122,107,105 121,108,105 121,107,105 122,110,107 124,111,107 
89,84,61 114,107,101 106,98,92 112,104,100 88,80,73 116,105,106 103,89,80 111,105,70 110,108,60 100,89,54 95,76,72 86,78,88 88,81,91 87,78,89 89,82,93 87,79,89 87,78,88 88,80,90 89,80,90 88,81,92 88,81,90 92,84,92 88,83,89 95,90,95 96,90,95 98,92,96 99,92,98 104,97,102 101,93,97 104,95,99 103,94,97 104,95,96 104,93,97 104,94,98 109,98,101 111,99,103 107,95,100 106,94,100 110,94,96 117,101,102 116,102,104 113,98,100 114,98,99 117,104,103 118,103,102 123,107,104 118,105,103 120,106,105 120,108,106 123,111,108 
112,105,99 108,105,90 97,89,74 89,77,65 77,69,61 85,77,63 110,103,76 118,113,69 103,94,57 100,82,66 86,77,84 83,76,85 87,79,89 86,79,88 88,81,91 89,81,91 89,81,90 92,85,94 89,81,91 91,84,94 91,84,93 92,85,93 88,84,90 93,90,95 95,91,96 97,92,98 98,91,98 101,94,98 103,94,97 104,96,99 106,97,100 105,96,98 106,96,100 105,95,99 104,94,98 107,95,100 108,96,103 104,93,100 108,94,98 110,96,101 108,96,99 112,98,102 112,98,99 115,101,101 117,104,104 119,104,103 122,106,106 117,104,105 116,104,102 120,106,104 
112,107,92 91,86,64 96,87,74 80,69,57 98,90,80 123,119,81 121,115,75 114,100,64 103,85,63 85,77,82 82,75,84 87,79,88 87,80,89 86,79,88 86,79,88 89,82,91 90,83,92 88,82,92 89,82,92 90,82,92 93,86,96 91,85,92 89,85,91 95,91,96 95,92,97 96,93,98 95,89,95 100,94,99 103,96,100 104,97,101 109,101,103 108,98,101 106,96,100 107,97,101 106,95,98 106,95,100 105,93,100 107,95,101 102,90,96 106,94,99 105,93,98 106,93,96 109,97,99 113,100,101 111,99,101 113,100,103 114,100,100 108,94,96 115,102,101 119,104,104 
78,68,54 71,62,51 87,76,60 117,102,89 126,121,93 122,117,70 108,98,57 102,89,59 91,81,86 89,81,91 89,82,90 79,72,81 83,77,85 90,83,92 89,84,92 91,85,94 92,85,95 87,82,91 90,84,92 91,83,93 89,84,92 90,85,92 91,86,92 95,91,97 96,93,98 97,92,97 95,92,98 96,92,98 101,97,101 100,92,96 104,96,100 105,96,100 111,100,104 108,98,102 105,94,100 108,95,101 109,97,102 105,94,100 106,95,100 105,94,99 102,92,96 104,93,95 109,96,99 106,94,98 108,96,99 115,99,101 110,95,96 120,107,106 110,98,98 108,96,98 
85,75,64 99,87,73 140,126,112 125,120,91 116,113,68 110,104,58 100,92,52 99,87,71 91,83,92 90,82,91 85,77,86 85,78,87 87,81,90 91,85,93 96,90,97 89,82,91 88,81,89 88,82,89 89,83,91 87,81,89 91,85,93 90,85,93 91,87,94 94,91,97 97,94,99 95,92,98 97,94,100 98,94,99 96,92,98 102,94,99 106,97,103 107,99,104 104,94,101 107,98,104 107,97,103 106,96,102 106,95,101 106,95,102 105,94,100 103,94,99 104,95,100 102,92,96 104,93,95 103,92,96 105,93,98 112,98,99 114,100,102 106,95,96 58,56,56 98,89,90 
84,74,65 114,104,90 116,111,86 115,114,79 109,105,67 98,93,57 105,94,69 101,92,93 90,84,92 91,83,92 90,83,91 88,81,89 92,84,93 89,83,90 93,87,94 88,81,90 88,81,88 87,81,89 86,80,89 90,84,94 91,85,94 91,86,93 93,89,96 93,90,96 92,90,95 94,91,98 96,93,100 99,95,100 99,94,100 99,91,95 105,98,103 98,92,99 102,93,100 110,96,102 110,98,103 106,96,101 105,95,101 105,95,102 104,93,99 102,93,99 102,94,101 102,93,98 105,95,98 105,95,96 101,91,95 99,87,90 103,92,95 98,88,89 84,61,62 96,87,86 
107,95,83 230,224,200 224,223,199 233,226,212 231,224,208 233,226,208 236,230,214 205,202,196 92,84,92 86,79,88 91,83,91 93,86,94 93,85,94 90,83,92 90,84,91 88,81,90 86,81,87 91,84,91 89,83,91 90,84,92 91,86,94 95,90,96 93,89,96 95,93,99 92,90,96 93,91,97 95,93,100 96,94,102 100,96,104 101,96,101 104,96,102 99,92,99 103,94,100 109,97,102 108,98,105 102,94,99 105,96,102 103,94,101 102,93,100 103,92,97 101,93,100 99,91,95 102,93,97 104,94,96 97,85,88 89,79,81 98,88,93 97,87,89 56,52,53 104,94,93 
119,114,81 233,226,205 231,224,204 233,224,205 221,196,148 233,225,204 237,233,220 205,202,196 87,80,89 92,85,91 94,86,92 94,86,94 93,86,94 88,81,88 87,81,88 87,80,87 89,85,92 87,82,90 88,83,90 90,85,93 94,88,96 93,86,93 94,89,96 91,88,95 92,90,96 94,91,97 92,91,100 98,95,103 97,94,102 100,96,102 106,97,102 99,93,100 92,84,92 94,86,93 101,94,100 103,94,100 101,95,101 102,94,100 102,93,99 109,99,104 102,92,96 104,94,98 106,96,99 103,95,99 104,94,99 105,94,98 103,96,101 100,89,94 56,55,55 104,93,94 
120,111,72 231,221,192 221,217,205 208,202,189 181,170,146 225,218,199 239,236,226 206,202,196 88,82,90 88,81,88 91,83,90 91,85,92 90,85,91 90,83,91 87,81,90 90,83,91 86,83,90 86,82,89 90,83,92 91,85,93 91,83,92 93,87,95 95,89,96 92,87,94 94,91,98 95,92,99 96,92,100 95,92,99 98,94,101 101,97,104 103,96,102 88,79,88 91,84,91 92,86,96 95,89,98 99,91,98 101,94,100 104,97,102 104,96,101 106,96,101 106,98,103 104,96,101 104,93,95 105,95,99 102,93,98 100,92,96 105,96,100 105,93,96 46,44,44 103,92,95 
110,98,65 235,229,214 225,219,205 210,203,188 207,203,192 222,217,201 240,237,228 206,204,197 97,91,97 92,86,92 91,83,90 94,87,94 93,88,95 88,83,89 91,85,93 85,80,88 80,76,83 87,83,90 89,84,92 91,85,94 97,87,94 88,82,90 87,84,90 95,90,96 97,93,98 95,92,99 97,92,98 100,95,100 107,100,105 100,96,103 100,96,105 99,93,101 103,98,108 97,89,100 101,93,100 104,95,101 104,97,103 103,96,102 103,97,103 103,95,101 104,95,102 104,97,102 120,106,107 113,97,98 105,96,99 102,93,97 100,91,95 104,94,98 55,53,54 100,90,93 
105,97,64 238,235,227 234,225,204 232,227,212 230,227,216 232,227,213 240,237,228 205,202,196 94,89,96 89,83,89 88,81,87 90,84,89 93,87,94 90,85,93 86,81,88 84,79,87 84,79,87 86,81,88 94,88,94 97,90,97 95,88,95 93,86,94 94,91,97 95,93,99 100,95,101 103,99,106 100,95,103 102,95,100 102,96,102 100,96,104 99,95,103 99,95,102 105,98,107 104,95,102 101,91,99 104,96,102 105,98,106 102,95,101 106,100,106 103,96,102 103,95,102 120,115,119 119,114,118 36,35,35 39,39,39 53,57,61 113,114,103 75,77,61 42,42,42 101,92,95 
84,73,48 116,115,111 114,112,106 112,111,105 113,112,109 112,111,108 113,112,109 104,102,100 89,84,90 93,87,94 91,85,92 90,83,90 89,82,89 87,81,89 87,82,89 86,81,89 81,77,85 83,78,86 85,78,84 99,92,99 89,85,93 93,87,94 97,90,97 94,92,100 108,105,110 113,112,116 102,97,103 123,110,106 103,94,99 98,93,100 100,95,103 98,93,101 105,101,108 106,99,106 104,95,102 101,93,99 105,96,102 105,96,101 101,95,102 106,100,105 105,99,105 108,102,107 106,100,105 55,53,55 58,55,56 64,62,63 93,88,78 75,74,64 58,55,56 101,90,94 
88,73,57 64,64,64 66,66,66 39,39,39 30,30,30 30,30,30 30,30,30 34,34,35 94,88,93 88,84,90 87,82,89 91,85,92 87,81,87 87,82,88 89,85,91 82,78,84 82,77,85 86,80,87 81,74,82 93,86,94 92,85,93 94,86,93 103,94,100 90,86,93 91,88,97 96,92,99 99,95,101 112,103,105 102,92,97 102,94,101 109,102,109 102,94,102 104,98,105 93,88,97 103,96,104 103,97,103 106,98,104 92,87,90 77,74,76 76,74,76 78,76,78 66,63,66 77,75,77 73,71,73 72,69,70 65,62,64 67,64,65 80,76,78 77,73,75 66,61,63 
