37,44,26 25,26,24 36,43,26 31,35,25 25,27,24 34,40,26 36,44,25 38,46,26 45,54,22 57,69,19 36,40,25 26,27,25 41,46,27 48,54,32 46,51,35 67,71,52 69,74,42 66,69,43 63,64,58 50,49,36 63,67,47 60,63,45 58,61,47 61,64,41 57,61,38 76,79,58 76,82,54 65,67,54 65,69,48 74,77,59 70,75,59 54,64,40 53,62,37 115,118,112 128,132,134 108,115,103 44,52,26 160,163,157 216,218,215 213,215,212 208,210,207 209,211,208 211,213,209 208,210,205 202,204,200 200,202,198 198,199,196 192,194,191 189,191,189 186,188,187 
37,39,34 36,37,35 34,34,33 36,36,35 39,40,37 37,39,33 36,36,35 36,37,35 33,33,31 32,39,23 27,30,24 32,37,27 31,33,28 32,36,29 52,58,26 72,77,47 65,69,44 70,72,54 69,70,53 58,60,49 64,67,57 60,64,52 56,60,42 47,47,36 57,63,42 81,84,57 74,77,58 60,63,51 76,81,66 77,82,60 69,75,56 57,67,41 47,57,28 51,61,35 86,92,84 62,67,54 51,55,40 115,117,108 206,208,206 205,209,206 201,205,201 202,204,201 210,213,208 207,209,204 201,203,198 197,199,196 192,195,191 189,191,188 184,188,186 185,188,186 
43,43,42 72,73,70 88,89,87 91,92,89 85,86,83 93,93,92 81,82,80 92,92,92 69,69,69 29,33,24 25,30,24 26,28,25 32,34,30 25,26,22 44,47,29 71,75,42 53,52,36 70,73,54 70,73,46 66,70,48 76,81,50 57,60,42 72,75,57 84,86,65 77,82,54 75,78,55 60,61,50 52,52,47 65,68,57 71,76,50 56,60,45 47,52,37 44,51,27 37,46,24 36,44,28 31,35,24 37,43,22 63,69,49 123,128,111 197,201,198 184,188,181 202,205,201 195,198,192 206,208,203 198,200,196 194,196,192 190,192,189 185,189,185 184,187,184 184,186,185 
36,36,36 34,34,34 36,37,35 38,40,35 35,35,34 35,36,35 37,38,35 36,36,35 33,33,33 25,29,24 28,32,25 28,31,28 28,30,27 29,32,24 53,57,36 52,55,34 40,41,32 67,70,46 63,66,44 58,59,46 53,53,40 49,51,41 68,72,51 78,82,54 77,82,49 72,74,53 61,64,57 51,54,49 66,71,49 60,64,44 50,56,41 39,43,32 37,42,25 33,40,24 29,36,22 28,31,20 37,42,27 63,68,53 59,67,50 148,150,145 135,140,124 141,144,132 142,143,135 194,196,191 197,199,195 192,194,191 187,191,187 185,187,184 184,186,183 184,186,184 
34,35,34 52,52,52 60,60,60 60,62,58 58,58,57 33,33,32 34,35,32 35,35,32 32,32,32 26,29,24 31,37,26 31,37,26 32,36,27 31,33,26 43,48,27 39,41,28 46,48,34 79,82,51 64,66,38 50,52,43 44,45,39 54,58,44 58,61,40 79,83,59 72,75,46 67,72,50 79,84,66 70,77,55 55,58,43 49,53,42 46,52,35 35,38,29 32,37,24 35,43,21 26,30,21 27,31,20 33,37,27 38,45,26 116,119,110 72,77,52 77,83,58 75,78,64 74,78,67 187,189,185 184,186,181 192,195,191 187,190,186 184,187,183 184,186,183 185,186,183 
27,29,27 28,32,25 42,52,24 30,35,27 28,31,26 24,26,24 27,29,27 29,32,25 26,28,26 24,26,23 27,30,25 37,44,29 42,50,29 36,41,29 35,41,25 55,59,37 53,57,44 61,63,40 62,66,34 61,63,41 58,59,37 62,64,49 50,52,39 61,63,49 61,64,42 63,67,51 54,57,42 58,62,50 52,55,47 49,54,38 41,48,28 33,36,27 32,37,24 34,40,24 42,48,37 28,32,23 31,33,28 44,47,40 47,51,33 38,44,21 55,66,27 68,79,33 88,94,85 154,155,152 135,137,130 186,188,185 187,189,185 183,187,184 186,187,184 189,189,187 
26,28,25 22,24,23 36,44,24 26,30,25 25,28,24 26,31,25 27,32,26 27,32,23 31,38,24 27,31,24 26,28,26 29,32,27 33,35,29 37,42,30 51,55,35 49,52,39 55,59,42 59,63,43 60,63,37 53,53,48 64,65,51 62,66,44 43,44,37 41,42,33 43,41,37 50,54,38 50,52,41 53,56,46 43,46,35 50,55,31 40,43,29 29,31,25 33,40,24 32,38,22 39,45,27 33,38,20 28,32,25 44,47,38 35,41,24 40,47,24 38,45,19 41,45,32 134,134,131 90,93,83 140,143,137 194,196,192 188,192,187 187,190,186 189,191,188 192,192,190 
26,30,25 22,24,22 29,34,27 24,27,23 61,73,29 51,62,33 33,40,27 38,46,27 27,31,25 39,47,29 28,32,26 28,31,26 33,37,28 36,38,33 46,50,31 44,49,33 55,58,41 54,56,36 53,54,30 40,38,35 45,43,47 54,55,39 37,36,28 40,41,31 36,35,36 44,47,33 47,51,32 53,59,42 37,40,30 49,53,36 45,49,35 40,45,35 28,33,21 38,46,20 40,49,20 78,84,64 96,100,96 71,74,66 45,50,28 38,43,29 56,59,55 69,71,69 71,72,67 86,90,84 205,210,204 188,191,184 189,192,187 193,196,192 194,196,192 194,194,192 
30,35,29 28,32,25 32,39,26 33,40,27 48,60,27 47,60,27 37,47,26 32,38,27 28,31,26 25,28,25 53,63,34 52,59,29 66,74,33 34,35,30 55,62,37 50,55,34 47,50,39 54,56,44 65,68,42 59,62,45 63,63,45 41,41,35 51,54,39 57,61,42 53,55,35 47,48,31 57,60,42 57,61,46 49,51,32 27,28,24 36,39,31 32,35,24 34,41,25 44,55,21 41,51,20 47,56,24 129,135,127 58,67,37 41,50,23 40,44,35 55,58,49 61,62,53 69,71,65 90,96,76 121,124,108 125,128,116 140,143,133 176,177,170 199,200,198 197,197,195 
29,34,28 35,42,31 30,33,29 28,31,26 24,29,25 25,30,26 26,29,25 34,43,27 29,34,27 32,39,27 37,43,27 50,60,27 83,97,34 66,79,29 55,65,33 53,56,40 37,39,36 40,42,34 43,46,33 50,52,43 70,68,57 36,35,32 47,49,35 82,85,59 60,66,41 42,47,29 41,42,34 41,40,31 43,45,37 34,35,38 39,43,35 36,42,27 34,42,23 41,47,34 33,38,22 34,40,19 62,71,49 42,51,23 71,76,65 143,145,139 57,64,47 55,59,38 53,62,37 44,50,35 38,46,30 58,62,51 87,90,72 135,139,126 202,204,201 196,197,195 
39,49,30 30,35,29 37,42,33 31,35,29 38,48,33 28,33,27 31,36,29 31,38,28 31,36,27 30,32,28 36,43,28 78,90,31 60,69,25 45,54,28 51,60,31 35,40,30 33,36,28 33,35,24 32,33,29 38,39,33 45,45,48 48,46,39 66,71,46 77,81,54 58,62,42 47,50,42 28,29,27 35,35,29 50,50,55 95,96,104 31,32,30 31,35,24 30,37,24 26,29,20 34,40,24 48,54,35 46,54,28 91,100,71 158,167,141 86,98,46 70,83,37 39,45,30 38,46,29 32,38,28 38,43,33 61,68,41 66,76,43 168,171,162 176,178,172 191,194,190 
75,90,33 61,72,32 32,37,29 30,35,30 29,34,28 44,57,32 36,42,31 35,42,31 27,30,27 26,28,26 30,32,28 62,75,27 41,47,29 44,50,34 50,61,31 36,42,28 51,53,35 45,47,36 43,44,42 32,33,29 79,80,86 52,52,40 61,65,41 74,78,41 70,76,47 66,70,44 27,24,26 40,41,36 36,36,42 37,38,41 28,30,25 29,32,24 31,38,23 22,25,19 27,31,21 34,41,20 37,48,21 44,55,18 59,77,22 53,70,16 70,86,22 37,44,26 36,44,26 46,56,29 49,57,29 57,64,36 57,63,47 137,139,128 168,172,166 200,202,198 
53,67,30 52,62,34 41,50,33 25,29,28 32,38,31 35,42,33 33,39,31 38,45,35 32,36,28 29,32,29 34,38,30 43,53,30 54,65,32 53,65,31 48,55,32 46,54,36 43,49,33 43,47,34 50,54,54 36,37,36 56,55,64 51,55,34 68,73,46 66,67,47 69,71,45 70,74,37 41,43,34 86,86,106 34,34,33 37,40,33 24,26,23 23,25,21 28,32,21 31,37,23 23,25,19 31,34,21 45,54,22 49,58,20 52,65,27 40,50,21 56,73,22 45,56,30 43,51,28 45,56,30 51,62,30 50,58,32 37,44,32 56,66,36 184,187,180 212,214,209 
41,52,32 44,56,34 46,56,37 32,37,34 42,48,43 47,53,43 38,45,34 34,40,31 32,37,28 41,52,30 48,63,30 54,67,29 33,38,32 38,43,32 37,41,32 41,48,32 34,38,27 38,43,35 38,42,34 79,76,96 58,58,64 59,62,51 39,41,31 41,43,32 64,65,35 74,81,45 43,50,30 75,80,80 50,51,55 46,52,39 23,24,21 24,26,22 26,29,23 32,38,23 31,37,21 31,36,22 42,48,23 42,50,23 43,53,25 33,39,24 51,64,25 45,56,28 42,50,29 51,63,34 41,49,33 41,48,34 49,57,44 47,56,36 135,140,127 227,227,221 
44,58,31 48,64,32 44,54,36 39,43,33 46,52,41 55,68,41 48,60,40 35,40,35 37,45,32 42,52,32 48,62,31 42,52,32 51,61,36 46,54,33 37,43,32 36,44,31 33,37,30 29,32,27 44,45,51 59,59,73 59,62,61 52,55,43 58,58,71 38,41,32 67,69,24 57,61,41 65,73,40 49,53,30 38,42,33 42,47,33 23,24,22 28,30,28 30,33,26 28,32,23 37,44,21 37,44,22 41,49,24 42,52,24 41,52,24 44,55,25 44,54,27 46,57,29 40,50,32 42,51,32 50,59,38 39,47,35 43,48,36 45,55,35 100,106,91 236,237,230 
44,56,32 43,54,28 43,54,35 43,52,32 45,55,33 49,59,40 46,57,38 40,50,37 33,39,34 34,39,35 39,45,37 37,42,33 43,52,34 40,48,34 28,32,27 25,30,22 32,36,35 34,40,33 45,48,50 52,53,63 57,62,46 39,42,34 44,48,35 46,47,40 58,64,36 44,48,29 46,50,36 65,72,40 39,45,31 33,38,30 50,55,58 59,63,64 40,44,40 25,28,21 30,34,23 38,44,26 44,50,26 48,59,26 64,80,23 41,51,26 60,82,23 70,93,27 36,45,33 36,41,34 42,51,37 38,46,36 37,43,36 36,40,29 70,77,68 201,203,199 
34,40,26 51,62,38 61,77,43 56,69,39 40,52,27 50,64,40 43,54,33 59,69,57 44,52,44 36,44,34 33,40,32 35,41,30 41,50,37 34,38,27 30,35,28 29,37,29 24,29,22 47,53,39 45,50,39 53,57,50 66,73,42 59,68,43 51,59,38 46,48,44 39,44,31 40,47,34 31,34,25 51,56,39 38,43,38 53,59,59 63,67,71 93,98,100 28,30,24 26,28,22 32,36,24 37,42,25 45,51,27 46,55,28 55,67,28 56,68,25 34,41,23 47,60,30 34,42,27 38,43,39 45,54,42 46,58,44 52,65,49 45,56,40 67,74,68 214,214,211 
35,43,30 42,53,33 41,53,30 63,78,40 34,44,26 36,42,28 43,56,32 43,55,33 51,63,44 55,73,30 45,57,34 30,36,27 35,41,35 41,48,29 47,55,43 30,36,24 33,38,28 74,82,46 69,79,40 69,79,43 60,67,39 51,59,38 50,57,36 46,53,38 35,38,28 50,54,49 28,30,25 45,51,44 51,57,54 69,75,83 76,80,88 121,125,129 49,53,46 29,33,25 30,33,22 37,42,25 45,50,27 48,57,27 46,58,26 59,72,26 51,66,30 36,45,30 47,60,43 37,45,34 46,58,42 42,52,37 36,43,33 41,48,41 76,86,78 126,134,130 
39,51,32 40,51,30 54,71,37 44,57,32 37,46,25 49,65,31 45,61,33 31,39,26 29,37,23 45,58,35 34,41,28 28,31,25 39,48,32 40,48,34 69,81,53 56,65,34 47,58,31 61,67,41 52,60,35 61,71,40 57,62,40 68,80,50 55,63,42 43,50,29 54,64,38 41,48,27 32,34,25 49,52,50 47,54,44 69,75,76 146,148,156 98,103,110 38,48,31 34,37,30 43,52,34 37,44,29 49,56,36 61,69,39 43,55,24 39,52,22 53,68,30 39,46,28 25,31,22 42,50,40 32,40,30 44,57,42 49,60,44 35,44,33 90,99,92 130,135,137 
46,60,38 57,71,44 69,90,47 57,71,44 42,55,33 47,60,40 45,55,35 41,51,34 41,54,32 28,31,23 34,42,30 32,39,26 41,54,43 64,75,52 77,90,54 62,73,41 52,62,37 63,74,41 48,55,40 55,63,44 53,60,36 61,69,48 48,57,36 44,52,31 54,64,36 66,78,41 39,48,27 35,39,27 40,45,33 51,59,50 62,74,56 56,64,56 44,52,43 48,61,39 44,51,33 47,54,34 45,53,29 61,70,39 56,71,32 35,47,21 51,65,30 51,65,37 42,52,38 39,49,35 44,56,41 41,52,37 47,58,42 52,67,50 89,100,88 89,99,90 
51,62,39 47,60,35 60,75,50 57,70,54 43,52,36 51,64,41 42,49,32 49,64,38 34,44,28 49,62,34 35,44,29 44,55,39 39,48,37 81,95,67 58,70,44 67,76,46 65,77,43 65,78,43 51,57,44 47,52,42 53,60,37 48,55,39 52,60,40 42,53,26 47,55,33 39,44,29 42,46,30 36,42,25 33,38,27 38,42,32 51,64,41 36,50,28 42,50,32 49,59,40 45,52,38 53,64,40 40,46,27 40,47,26 63,75,39 35,47,18 50,67,28 35,44,27 40,53,37 49,62,43 38,52,35 45,59,41 42,52,39 46,59,44 55,70,48 60,73,57 
50,62,41 58,75,39 37,43,29 32,38,26 39,47,25 52,65,35 64,78,49 41,48,30 37,45,29 38,47,32 40,50,35 36,45,32 34,37,28 44,49,42 72,85,58 58,67,45 71,83,41 61,72,45 50,58,44 51,57,50 48,54,41 44,53,28 47,51,39 53,63,37 46,54,31 44,52,28 35,38,26 38,42,28 40,46,34 39,45,33 60,78,47 47,62,41 37,47,27 38,46,30 36,46,27 58,68,48 51,62,36 47,57,33 60,73,34 50,63,30 54,71,28 61,78,39 61,77,44 48,59,35 57,73,47 55,69,46 43,55,41 48,60,45 42,51,39 58,72,51 
46,53,36 40,46,30 25,27,17 31,35,20 32,38,19 48,57,33 48,62,27 48,60,36 48,60,35 47,53,36 31,34,27 46,58,43 45,54,39 49,54,40 77,89,69 58,65,46 53,61,44 51,58,43 77,84,94 71,74,85 44,48,44 61,73,43 39,44,30 46,52,31 60,70,45 36,38,25 38,42,28 37,39,26 43,49,33 50,55,47 66,73,68 35,43,29 40,48,31 42,51,33 45,53,38 52,64,37 48,60,29 47,57,35 56,68,35 38,47,25 41,53,23 63,81,33 62,80,39 65,84,44 41,52,34 55,70,49 50,64,44 49,62,43 42,52,39 54,67,47 
54,64,32 41,45,25 35,42,29 45,56,29 45,54,24 48,60,28 53,70,30 46,53,28 43,54,31 44,50,26 20,18,19 36,38,27 67,78,38 69,82,51 58,69,56 55,65,46 50,58,48 58,64,54 105,111,119 76,81,87 70,74,76 65,75,63 60,66,63 51,57,36 50,56,25 27,28,23 41,45,30 42,46,30 41,49,33 45,53,39 72,73,76 42,50,32 49,55,36 45,51,29 43,48,33 51,61,37 57,67,49 46,53,34 35,44,22 31,39,21 33,41,23 56,74,29 56,74,32 59,78,34 75,94,48 46,56,42 37,47,34 42,52,39 34,40,30 44,52,37 
50,59,42 44,52,27 51,58,31 50,61,27 57,72,26 60,73,29 49,60,27 46,55,25 36,41,22 38,41,21 19,15,17 54,59,36 92,103,55 97,114,69 65,81,50 67,81,55 64,76,58 65,81,57 78,92,76 93,108,87 85,94,87 64,73,55 89,97,94 61,70,42 53,60,28 21,20,18 37,42,25 43,46,29 50,57,38 45,52,38 108,105,105 66,69,50 37,41,24 46,52,35 34,41,22 41,48,29 47,56,38 50,60,34 38,46,23 38,45,28 35,43,22 39,48,27 44,58,29 51,68,29 60,76,42 36,44,32 45,55,39 56,67,49 35,40,31 42,49,35 
69,81,37 86,97,46 68,79,35 50,62,20 55,69,24 57,69,30 51,62,35 55,65,38 49,56,32 86,95,51 23,19,19 64,68,41 97,107,61 111,129,94 90,110,73 84,105,70 70,90,65 75,98,72 78,99,75 73,91,74 93,108,95 95,112,84 72,88,64 81,95,55 65,73,37 21,22,20 62,71,41 44,52,39 54,65,47 57,68,53 106,110,109 94,104,82 36,44,22 56,61,43 50,53,39 40,48,28 34,43,23 41,48,30 44,54,26 26,29,16 40,47,28 36,44,24 33,43,22 41,48,27 66,81,44 54,65,34 37,42,27 49,59,43 56,64,49 37,42,28 
84,96,44 86,97,43 69,82,29 77,91,33 89,102,37 78,91,42 47,52,40 51,61,48 57,68,46 85,94,51 23,19,20 49,50,32 80,89,49 120,137,97 103,118,98 103,122,86 110,129,90 69,86,75 88,103,90 89,98,93 94,111,104 86,102,82 78,94,76 85,99,57 78,85,45 22,23,21 83,95,60 69,81,60 70,81,58 80,97,71 94,105,84 75,85,66 73,88,55 56,73,44 62,76,47 126,124,124 38,39,32 74,75,66 55,59,41 34,34,24 34,37,22 29,34,17 32,36,19 44,53,29 49,58,31 34,38,24 46,52,30 46,55,36 48,57,38 50,57,38 
91,109,60 91,106,59 95,111,62 102,119,64 108,125,69 114,132,81 117,134,88 118,135,91 110,129,86 94,108,55 21,18,19 59,65,32 89,106,42 113,136,70 132,155,108 144,160,117 144,159,114 146,163,119 143,160,118 139,159,118 138,158,121 139,159,115 142,162,114 108,123,70 56,62,33 22,22,20 87,98,54 124,134,96 117,127,94 107,124,83 118,131,99 117,131,97 114,131,93 104,116,86 106,114,81 146,147,135 32,30,30 115,110,114 55,51,49 73,73,62 71,70,58 37,37,26 42,47,31 52,61,35 45,45,33 42,37,37 89,97,70 57,64,51 86,90,95 55,57,58 
124,135,89 126,135,92 126,137,93 126,137,92 125,136,90 118,134,86 115,132,83 113,130,82 110,131,77 106,123,75 18,16,19 85,99,65 128,150,94 131,152,95 139,157,101 140,157,104 138,155,100 135,151,99 135,150,100 135,148,98 133,147,97 129,145,91 119,136,80 101,117,65 85,99,55 19,18,19 80,96,52 111,136,77 123,147,85 120,139,84 136,151,96 133,145,97 138,145,110 138,144,113 135,139,110 138,141,112 63,62,52 108,115,81 68,71,48 92,92,68 93,91,71 42,39,35 87,82,78 85,82,76 75,70,68 39,36,36 102,103,88 61,60,52 76,72,72 52,50,51 
102,118,73 102,118,74 102,117,76 106,120,76 109,122,80 109,125,78 111,125,78 113,128,80 113,131,80 73,79,52 18,16,19 87,99,67 124,142,91 125,145,90 124,144,90 124,143,90 123,141,88 122,141,85 122,140,84 118,137,82 116,134,79 115,134,76 114,134,74 113,132,76 109,129,74 23,21,21 80,91,57 109,131,74 101,122,67 102,120,66 113,130,70 114,130,73 112,125,73 110,126,71 106,124,68 103,120,67 69,78,46 32,34,24 101,110,67 106,115,70 97,106,62 37,37,26 74,81,54 79,79,64 93,87,76 55,47,48 141,134,133 131,124,123 115,107,105 103,99,91 
84,97,57 91,98,64 95,100,64 96,104,63 95,104,63 94,103,61 91,104,57 92,107,59 95,111,62 51,51,34 21,17,20 90,103,63 105,123,74 102,120,69 100,118,69 100,114,68 96,108,69 93,110,63 92,112,59 94,116,59 92,111,62 82,102,49 84,105,48 80,100,47 81,100,48 32,33,25 54,64,36 83,104,52 73,92,48 70,84,45 80,102,43 80,101,44 83,105,48 77,96,41 68,87,38 61,78,37 46,60,30 39,48,28 75,95,51 78,98,52 80,100,53 34,29,23 69,80,46 69,71,47 66,75,42 64,50,46 103,100,90 109,107,94 128,123,114 146,137,136 
88,87,58 85,84,55 82,84,51 82,89,53 75,82,46 76,89,46 78,96,49 85,101,53 86,104,56 64,71,45 22,19,20 85,107,55 82,103,49 82,101,53 85,106,60 92,106,65 89,101,62 84,97,57 75,90,47 70,88,42 71,87,43 73,88,47 68,85,44 73,93,45 70,89,44 34,38,26 48,55,35 80,103,52 64,78,43 58,67,44 76,94,44 76,95,43 75,97,41 69,92,38 63,82,35 60,78,36 53,65,36 44,52,32 65,81,39 66,83,42 70,85,46 51,44,36 69,76,48 81,75,54 93,85,68 95,86,73 107,99,94 98,92,84 104,98,86 108,102,90 
87,96,59 87,100,60 92,102,65 88,102,61 89,107,63 89,108,60 89,109,59 87,106,57 87,107,57 61,72,43 24,20,22 88,110,58 81,104,54 85,109,58 82,107,57 87,109,65 89,106,60 87,103,59 83,97,54 84,96,56 79,96,53 78,97,52 78,97,52 71,89,47 85,106,56 44,52,33 48,54,37 82,105,54 74,91,54 65,77,48 80,102,49 77,99,45 72,94,41 69,92,40 68,90,40 66,86,37 54,67,33 56,59,38 63,70,45 58,57,43 65,71,52 60,62,47 61,59,47 76,72,56 97,88,81 122,116,117 106,104,86 103,97,79 110,101,91 113,104,95 
84,100,57 81,98,54 80,99,54 74,95,50 68,88,47 73,95,48 82,103,55 79,93,57 67,78,50 59,64,44 27,21,22 91,113,65 92,114,68 99,122,75 95,119,71 98,120,76 89,112,65 98,118,69 99,117,68 95,111,68 94,112,67 94,113,65 89,109,61 88,107,64 85,101,59 54,62,39 54,54,41 80,95,60 53,58,41 76,90,58 74,95,49 68,89,41 70,91,44 69,90,42 64,83,39 59,78,38 50,54,29 64,57,46 86,74,68 90,77,69 74,68,55 58,59,43 88,78,74 95,89,84 120,112,115 104,98,91 94,90,76 108,99,91 111,101,93 122,114,105 
73,96,49 70,92,46 74,96,55 78,100,58 75,94,54 70,88,46 76,93,53 66,71,50 57,60,42 52,49,39 54,45,41 92,114,69 91,111,70 92,113,66 94,118,70 92,116,68 93,115,70 84,104,58 88,107,60 89,108,61 88,106,60 89,109,58 89,106,62 89,107,62 89,107,59 61,64,44 62,60,44 66,75,49 52,52,41 67,78,51 72,94,50 69,89,46 60,77,37 55,69,34 70,76,47 60,57,42 57,49,38 67,55,46 84,78,65 87,79,68 93,81,71 93,85,78 104,95,95 111,102,103 94,91,81 89,84,75 97,89,85 103,93,90 98,91,86 111,104,98 
68,89,46 69,90,47 77,91,53 71,91,49 76,97,54 75,95,54 72,81,55 72,77,56 69,73,52 61,53,44 62,46,41 90,109,67 89,108,66 85,107,62 87,111,63 88,110,62 90,109,67 92,111,64 90,107,62 85,104,57 82,100,51 71,87,46 69,80,45 71,81,49 75,85,53 61,58,38 60,46,37 61,63,45 59,60,48 61,65,51 74,74,56 72,70,52 79,79,58 68,63,49 90,85,61 90,79,69 69,59,50 71,65,52 74,75,54 75,75,56 87,80,78 109,102,106 109,103,100 92,85,73 90,85,74 98,89,85 100,88,85 96,88,82 103,95,88 104,98,87 
71,79,52 60,69,41 75,80,49 63,68,42 63,73,46 75,76,60 64,62,52 63,58,53 63,61,51 57,38,32 67,30,28 67,74,46 68,76,47 59,68,42 62,68,45 70,78,52 78,86,60 68,73,52 77,80,57 75,72,54 69,68,51 88,78,72 83,70,66 72,59,51 66,52,43 60,42,36 57,30,31 66,58,51 53,52,43 68,70,56 103,92,84 97,87,79 94,87,73 91,82,71 96,84,71 99,85,74 96,82,72 82,71,62 94,84,77 109,102,105 108,100,103 108,105,97 83,82,59 80,78,57 79,74,61 87,80,73 96,87,78 104,96,89 102,95,86 99,90,81 
98,91,73 89,81,68 101,94,73 88,83,67 84,80,65 81,75,64 78,70,66 66,59,55 64,57,51 59,41,37 65,43,37 84,78,63 94,96,65 90,80,67 88,75,70 87,78,64 101,100,73 80,65,62 84,68,65 97,86,69 91,78,68 106,89,84 99,83,76 97,90,68 82,67,63 62,49,46 52,35,32 72,67,54 58,55,47 67,68,55 101,93,83 100,90,82 102,91,81 101,91,83 86,75,67 105,91,87 117,107,105 115,106,106 109,101,103 115,108,110 92,92,77 76,80,55 78,76,63 84,78,70 82,74,68 95,86,80 97,87,81 108,98,90 99,93,77 96,91,77 
89,80,67 106,100,85 106,98,80 89,86,69 89,85,70 76,73,62 70,64,58 75,71,61 68,63,51 57,43,38 63,50,43 83,77,63 96,88,74 101,88,80 104,92,85 109,98,92 109,99,85 102,86,85 103,88,84 110,97,87 101,85,80 97,79,72 108,91,86 103,90,75 92,77,68 69,57,50 65,49,44 72,67,59 68,63,55 68,68,54 100,89,81 105,95,87 116,106,103 123,115,114 121,114,114 119,113,113 119,115,111 115,108,109 103,97,89 79,78,60 81,78,62 89,82,77 93,86,82 86,78,74 92,81,78 92,83,78 91,86,80 91,88,77 89,91,66 97,90,85 
95,86,71 97,90,71 100,88,76 98,90,73 89,79,67 86,77,72 73,62,57 72,62,56 65,59,48 62,51,43 85,76,66 87,74,66 94,78,69 89,72,66 111,97,92 111,99,91 108,91,86 110,96,94 119,105,99 108,89,80 99,82,77 107,92,83 119,101,93 107,89,79 84,70,60 77,62,55 67,54,49 71,64,55 106,92,84 84,76,65 131,124,123 135,128,130 110,107,110 102,103,93 99,101,76 95,94,73 88,86,62 86,81,64 82,77,61 84,77,68 79,74,70 85,78,75 90,83,80 87,79,71 86,80,72 99,87,85 95,89,81 94,87,71 99,92,75 137,129,129 
121,112,110 117,108,103 103,95,87 94,82,76 100,89,82 109,99,95 104,90,85 69,57,52 68,57,50 84,72,61 97,86,74 106,91,84 110,93,87 107,91,85 115,97,94 106,91,86 107,93,89 116,102,98 110,94,89 118,101,95 114,97,89 106,91,82 108,93,84 104,90,83 95,82,76 97,86,81 92,81,77 86,75,70 107,99,93 110,104,95 123,119,110 128,119,118 107,101,93 84,86,63 80,78,57 79,76,53 85,79,68 91,85,74 83,77,68 91,83,78 92,84,82 96,84,81 95,83,80 87,77,72 92,83,78 101,92,90 99,91,77 95,88,65 91,82,76 111,101,102 
108,104,105 117,115,109 115,112,112 118,114,117 123,118,119 111,105,106 93,86,84 98,92,92 105,97,97 118,108,108 133,123,124 144,136,139 154,144,146 149,139,142 141,131,134 132,121,127 142,128,131 141,127,125 133,118,114 131,118,113 143,132,126 143,132,133 131,121,121 128,119,121 123,116,113 118,111,107 114,109,104 120,114,106 109,113,96 92,88,63 102,93,81 99,96,84 102,95,86 97,88,79 91,86,72 102,92,83 90,82,76 96,85,80 95,83,76 84,77,70 89,81,74 82,75,69 88,78,74 102,87,82 90,81,75 98,87,83 96,90,70 100,92,83 57,42,42 101,94,94 
106,107,92 107,111,94 103,109,91 104,107,91 108,107,97 110,105,99 111,112,101 109,105,100 115,111,104 121,115,113 121,114,115 121,113,116 130,120,123 126,116,118 121,111,115 124,111,112 131,115,111 132,116,113 126,113,109 136,123,120 113,111,95 112,104,93 121,113,107 127,118,113 99,97,78 108,104,81 97,91,73 91,87,66 110,105,97 107,98,88 117,105,100 102,95,86 102,95,88 96,90,83 105,98,95 101,91,87 104,94,90 97,87,81 102,90,83 111,94,91 87,79,71 95,83,77 93,84,79 98,89,83 96,89,76 97,90,75 103,94,87 124,119,121 84,74,75 110,103,104 
79,82,55 232,230,221 237,233,223 233,227,210 231,222,201 232,225,207 229,220,198 192,188,173 96,96,69 103,99,80 111,105,90 117,112,93 140,132,126 123,121,106 140,128,125 128,120,110 116,114,95 114,108,92 102,103,77 106,103,81 110,100,82 101,89,76 101,92,75 104,92,76 97,88,73 94,84,73 101,92,81 111,104,97 108,100,92 108,101,93 120,107,104 104,97,90 120,107,106 115,104,102 112,100,99 98,91,82 109,98,92 97,88,82 97,90,80 97,87,81 88,81,69 92,86,70 97,86,72 91,89,66 92,87,66 94,89,79 102,92,92 104,95,97 65,62,62 123,114,115 
86,78,65 239,236,228 235,229,214 232,224,203 217,191,138 231,225,207 223,215,195 194,187,172 112,103,96 105,97,84 111,100,88 108,96,85 110,100,91 109,98,88 112,99,91 104,94,82 113,99,87 112,101,92 104,96,85 107,97,90 107,99,92 112,103,96 102,93,84 102,91,81 129,114,111 106,98,90 106,98,92 101,94,87 108,100,94 107,99,91 122,110,108 111,101,95 102,93,86 118,105,104 121,108,104 113,103,102 98,90,83 92,86,74 93,83,76 89,84,71 92,87,68 93,84,65 98,89,68 93,88,71 104,95,92 113,103,105 101,91,94 120,110,111 59,58,58 125,116,116 
97,90,86 237,234,227 232,223,197 226,220,201 195,182,151 233,225,207 234,225,205 202,195,178 107,99,96 104,99,93 116,107,103 110,105,101 112,108,104 121,114,110 116,108,103 114,101,93 118,109,105 125,115,112 117,107,105 114,103,100 124,118,116 106,102,96 109,101,97 113,103,96 119,109,105 115,106,101 139,124,121 112,102,94 127,115,109 107,101,92 109,101,94 104,98,88 95,87,80 110,104,99 109,101,95 94,89,81 107,100,91 102,95,83 99,93,74 96,94,74 99,96,76 116,105,94 124,114,114 105,96,98 102,93,95 110,101,103 125,115,117 123,114,115 49,48,48 122,112,113 
99,94,88 238,235,227 234,227,207 232,221,193 220,214,200 223,216,199 225,216,196 200,193,177 107,100,97 103,101,95 108,104,99 111,103,97 116,109,106 115,109,106 110,104,98 117,109,107 135,122,122 121,112,109 126,116,112 134,125,124 140,130,131 110,103,98 107,101,95 121,111,105 107,99,92 109,101,94 113,104,95 111,104,93 113,103,94 111,104,94 111,103,95 121,114,107 104,96,90 114,105,102 108,101,95 104,95,85 103,95,79 95,92,70 90,88,63 90,83,62 107,100,90 140,134,139 141,134,137 111,102,106 130,120,123 125,115,116 123,114,116 126,117,119 64,61,62 122,113,114 
100,93,88 238,235,227 237,233,221 232,223,197 219,214,203 202,198,187 196,194,181 184,178,162 105,101,96 106,104,98 103,100,95 103,100,94 122,113,108 112,108,104 112,106,102 115,108,105 129,118,117 130,121,118 140,128,126 146,133,134 136,124,123 126,118,115 106,101,92 116,110,102 108,101,92 116,104,94 105,96,86 102,95,86 122,114,104 126,117,110 133,124,122 116,108,100 122,113,109 112,100,92 108,104,90 98,96,72 97,94,73 102,91,74 122,110,102 147,139,140 152,143,147 138,131,133 122,114,117 36,35,36 39,39,39 53,57,61 113,114,103 75,77,61 42,42,42 133,124,125 
95,89,84 116,115,112 115,114,111 113,111,107 112,109,103 109,106,98 111,109,105 104,101,95 107,103,98 113,107,105 111,107,103 120,110,109 132,119,120 109,106,101 118,111,108 127,116,115 119,109,104 129,120,117 128,118,114 126,115,112 132,120,118 127,116,114 123,114,107 113,108,101 118,114,107 129,123,117 124,115,109 111,104,92 103,95,83 115,107,97 123,115,110 105,97,88 109,103,96 110,102,87 100,91,71 100,94,75 113,104,100 114,106,104 117,109,111 130,122,125 118,109,114 129,120,122 122,113,115 62,59,61 65,62,63 69,66,68 103,98,88 85,84,75 68,65,65 137,128,129 
105,99,95 64,64,64 66,66,66 39,39,39 30,30,30 30,30,30 30,30,30 39,38,37 115,109,106 113,106,104 117,110,108 129,117,116 129,118,118 118,111,105 121,111,100 116,107,101 120,109,105 129,120,118 128,117,111 124,110,98 124,113,107 117,108,105 123,116,109 129,118,112 115,108,96 115,109,92 116,106,92 115,105,90 114,104,86 106,96,83 123,113,98 108,97,78 112,108,91 129,118,113 133,122,121 122,114,115 143,134,134 102,97,99 80,77,78 85,83,84 85,82,83 76,72,73 88,84,85 82,78,79 83,80,81 79,76,78 84,81,82 97,93,94 95,90,91 83,79,80 
