40,45,29 54,61,42 46,49,37 87,92,84 98,104,93 185,185,183 178,178,176 175,175,174 174,174,172 193,192,190 169,170,170 54,61,54 42,44,41 55,58,50 44,47,40 76,83,69 49,59,30 62,72,46 60,75,28 51,64,24 58,65,47 120,122,112 189,191,196 190,193,195 189,192,194 186,190,192 184,188,190 180,185,189 180,185,188 178,183,187 181,186,189 180,185,189 180,184,188 181,185,188 187,188,190 190,190,192 190,189,194 186,185,190 182,180,186 189,187,192 194,192,196 192,190,196 194,193,198 197,194,201 199,196,202 197,194,201 196,195,201 194,193,199 193,192,198 192,191,195 
37,38,34 40,42,38 37,38,35 49,50,48 51,52,51 70,70,70 69,69,69 69,69,69 63,63,63 170,169,167 178,176,173 166,168,168 66,72,69 84,86,84 48,48,43 57,64,52 39,50,24 65,75,48 38,52,24 54,69,22 41,51,26 118,121,112 181,182,183 193,195,197 188,191,194 185,188,192 179,184,189 183,187,190 180,185,189 176,182,188 177,185,188 179,186,190 182,185,189 189,190,190 190,190,192 189,189,193 190,189,193 190,189,192 191,189,193 195,193,197 195,193,197 195,192,199 197,195,200 195,193,200 193,190,197 194,191,198 190,189,195 189,188,194 189,188,193 184,183,187 
46,47,44 74,76,71 91,92,88 100,101,99 110,110,110 115,115,115 107,107,107 107,107,106 83,83,81 92,94,82 121,123,115 191,189,189 141,142,143 78,81,76 48,55,36 61,68,55 36,44,25 51,61,42 29,40,22 40,52,24 45,55,35 90,93,83 173,174,176 189,192,195 185,188,193 181,186,191 183,188,191 187,192,194 186,190,193 181,188,191 181,188,191 183,189,191 187,189,190 190,190,190 190,189,192 192,191,195 194,192,195 192,191,194 194,192,196 195,194,198 194,193,199 196,194,201 196,194,200 193,191,197 190,188,193 189,186,193 188,186,192 189,188,193 186,185,190 181,181,185 
41,42,37 36,37,32 45,46,43 57,57,57 70,70,70 69,69,69 54,54,52 48,48,46 45,45,43 97,97,92 101,103,97 150,150,145 147,148,147 76,85,69 40,51,28 51,64,33 51,59,39 72,80,63 23,28,20 39,48,30 50,65,29 74,83,61 191,192,196 185,188,192 182,187,191 182,187,192 185,190,194 186,191,196 180,183,184 174,175,175 186,190,192 190,193,193 187,189,187 188,187,185 198,194,191 188,187,188 192,190,193 193,193,196 196,195,198 197,195,199 197,195,201 197,195,201 194,192,197 188,186,191 188,185,191 187,185,190 185,184,190 188,188,192 189,187,192 186,185,189 
39,41,36 55,57,52 65,66,61 87,87,88 87,87,87 68,68,68 45,46,43 41,41,39 59,58,58 173,167,164 156,150,151 103,99,96 107,113,101 113,119,107 31,40,26 36,45,29 53,61,49 88,92,81 35,40,29 60,66,52 36,47,25 145,148,143 183,184,187 188,190,194 183,187,192 187,191,196 170,172,174 150,139,131 140,125,114 156,150,144 183,185,185 189,190,190 185,187,184 182,182,180 185,183,181 185,184,185 193,192,195 196,195,199 197,196,201 198,196,201 198,197,202 199,197,202 194,192,197 188,185,191 182,180,185 187,187,192 189,188,192 191,190,194 192,192,196 189,188,193 
46,56,32 54,67,36 54,62,32 143,137,138 139,131,134 130,120,118 107,98,96 149,141,142 138,128,131 181,176,173 171,162,163 172,164,165 129,123,124 61,73,52 46,55,38 32,38,27 36,41,36 73,80,62 32,38,27 81,82,74 30,38,25 100,104,91 167,168,168 184,186,189 185,188,193 180,187,193 171,170,170 135,119,106 128,112,99 146,137,127 152,147,140 164,162,158 176,179,177 174,175,175 175,176,176 180,180,181 196,195,196 196,195,199 196,196,199 197,195,198 195,194,199 198,196,201 196,195,198 190,188,192 187,186,191 188,187,191 185,184,187 190,189,192 191,190,192 187,186,187 
36,46,22 51,65,34 57,67,34 110,113,84 161,154,150 116,112,100 151,141,139 184,175,177 176,167,168 161,150,152 154,143,144 163,154,153 166,157,157 100,100,94 41,51,32 38,44,30 36,41,33 37,45,29 31,37,25 38,50,25 39,47,33 64,72,52 170,171,171 184,185,187 179,181,183 141,133,128 136,122,112 147,136,125 149,136,125 130,118,105 144,136,126 152,147,141 171,173,172 164,165,165 172,173,174 180,180,181 196,195,196 196,197,199 196,196,199 185,185,186 184,183,187 194,192,195 195,193,197 190,188,191 187,187,192 171,168,171 149,147,147 174,173,175 169,163,168 162,157,160 
41,52,23 47,57,28 53,64,31 57,67,38 117,116,93 105,102,87 135,128,121 175,168,166 180,171,173 167,153,156 160,146,147 156,143,144 161,156,151 155,149,149 52,58,44 46,56,31 61,73,51 53,65,36 33,40,23 43,48,36 41,50,34 52,64,34 140,138,130 145,134,128 137,122,113 152,139,129 153,140,130 155,144,134 152,140,128 139,128,114 146,136,124 141,128,119 145,135,127 161,157,155 176,178,179 187,186,186 201,200,199 200,199,198 193,193,194 185,184,186 180,179,181 187,185,188 173,172,176 195,194,195 173,174,180 147,143,143 126,128,122 123,122,114 119,118,105 105,106,85 
42,50,26 45,55,28 50,61,29 48,58,30 58,66,33 66,74,40 113,107,95 130,126,116 163,156,155 179,170,173 179,168,169 180,171,170 138,135,130 89,93,77 86,95,63 57,71,43 44,54,35 38,49,28 37,52,25 43,60,26 33,44,24 50,59,33 116,108,92 148,133,122 151,138,128 153,139,129 153,141,130 154,141,132 152,139,127 150,138,125 151,141,130 150,140,130 159,150,143 170,168,164 193,193,192 200,199,197 203,202,200 198,198,197 178,179,182 165,166,169 161,162,165 175,172,178 158,158,164 154,156,160 132,133,136 134,137,133 111,111,99 94,96,71 115,118,104 88,95,60 
44,49,26 43,51,24 44,51,25 53,62,36 55,61,32 43,51,23 95,95,75 92,92,77 161,155,154 186,178,182 160,148,151 181,172,171 186,180,179 127,128,117 80,90,66 65,74,51 54,61,42 36,45,29 46,64,28 29,40,23 48,63,27 70,75,50 109,107,86 156,143,133 153,138,126 155,142,133 156,144,134 156,146,137 155,143,132 155,145,134 158,150,138 149,140,131 163,154,147 177,175,172 200,199,199 202,201,201 179,178,181 175,175,179 153,155,160 141,140,144 159,158,165 162,163,170 150,149,155 127,125,126 116,115,113 99,100,80 100,104,81 71,73,35 76,77,41 68,76,38 
44,51,26 44,52,28 39,48,23 49,61,34 57,66,35 42,48,23 52,63,31 99,101,91 200,199,201 198,197,199 192,191,193 166,163,158 183,178,174 157,154,144 78,90,57 62,75,48 55,61,42 40,47,31 31,42,25 27,32,25 45,57,30 36,43,28 85,87,69 143,130,119 82,60,47 154,142,132 149,136,126 146,135,125 155,143,132 150,139,128 156,144,134 152,144,134 168,160,154 149,149,144 145,151,144 208,208,208 199,199,201 175,175,180 119,122,117 133,133,135 139,140,146 147,146,156 161,162,168 105,107,96 113,110,110 89,93,76 74,80,45 63,67,38 57,65,33 49,57,25 
42,51,26 49,61,33 40,50,25 41,51,25 48,59,32 43,52,27 54,67,31 137,136,133 192,188,193 187,184,188 185,183,186 180,179,182 142,136,134 151,149,140 67,77,54 52,69,39 62,83,40 49,61,35 34,42,28 32,38,29 27,38,21 48,53,39 107,106,89 146,134,124 96,76,62 145,132,122 55,48,35 117,109,97 157,143,132 157,145,133 159,147,136 150,141,131 151,141,134 119,117,107 56,68,41 143,151,143 186,189,191 146,148,149 115,115,108 106,104,94 125,118,123 121,122,119 139,142,143 93,89,72 103,101,79 76,85,56 74,76,53 51,52,29 52,56,34 87,92,75 
48,59,27 45,55,28 39,49,27 42,54,29 46,57,31 40,49,26 53,65,36 105,107,93 166,158,162 165,159,163 167,162,166 170,166,169 135,133,132 106,109,93 84,89,76 44,54,38 40,51,34 51,67,33 45,61,29 29,33,22 25,32,22 42,54,30 93,95,76 149,137,127 97,82,65 144,133,122 96,91,79 120,114,101 141,129,117 150,137,125 136,131,119 155,145,136 153,144,137 109,106,99 61,60,46 92,96,62 93,96,60 107,106,85 103,105,92 110,112,104 89,89,59 93,96,80 85,88,82 99,99,90 70,74,46 57,64,36 60,65,46 57,62,34 84,91,71 62,72,42 
33,40,20 29,33,17 34,43,22 41,52,31 39,47,26 44,57,31 47,58,32 63,67,46 141,133,129 157,146,152 156,148,153 156,149,150 126,126,115 72,83,55 65,77,56 49,56,44 38,44,33 33,39,27 47,65,30 28,34,23 24,31,22 42,53,32 104,106,86 129,124,112 138,135,122 138,135,123 147,146,133 152,150,137 148,140,128 149,140,127 152,147,137 153,144,135 154,147,143 162,158,158 163,161,157 123,125,106 82,86,49 89,92,70 78,82,62 70,74,54 67,72,52 83,87,81 75,79,65 62,72,44 61,66,45 50,58,34 43,51,28 68,71,53 42,48,27 55,59,42 
29,34,20 30,35,16 35,43,22 35,44,23 31,37,20 39,51,29 50,61,36 61,67,39 68,75,45 71,69,52 62,56,53 104,101,88 84,95,63 71,85,57 51,63,43 35,43,31 39,43,35 30,32,26 45,65,29 34,45,27 27,36,23 42,53,36 113,119,97 148,147,135 144,141,128 147,146,133 152,151,139 152,148,137 148,145,132 147,143,131 150,146,135 150,147,136 183,182,179 195,194,196 198,196,198 130,131,118 75,84,43 74,78,53 72,75,64 130,128,136 106,105,105 73,75,65 56,64,38 44,49,31 41,45,26 38,43,24 53,55,37 75,70,61 60,58,45 111,110,120 
57,58,45 34,42,19 34,43,21 39,51,29 33,38,22 32,40,21 45,56,30 63,71,44 69,79,49 74,83,50 62,62,54 85,97,61 62,70,46 59,70,40 33,41,25 54,61,45 48,63,40 44,61,32 34,45,27 29,34,26 29,34,25 72,79,66 110,117,100 151,151,138 152,152,140 152,152,139 152,151,138 153,150,137 148,146,131 151,146,132 153,147,135 148,131,123 145,115,114 130,95,95 120,87,77 87,83,49 69,78,40 63,66,44 68,70,51 60,63,50 64,66,48 66,69,38 45,50,27 40,43,26 44,50,30 38,44,25 37,43,26 37,41,24 60,62,50 105,103,102 
60,61,49 36,48,21 39,48,24 38,48,26 32,33,21 35,43,21 41,49,26 56,69,39 72,74,50 67,80,45 120,124,110 62,74,37 58,65,41 60,68,39 74,90,59 55,69,46 43,57,35 39,47,29 33,41,26 29,34,25 26,28,23 45,57,37 120,127,105 156,158,145 156,157,144 156,156,143 157,156,142 158,155,140 157,154,138 153,144,132 127,116,106 84,68,61 93,75,70 76,56,50 65,51,44 80,80,64 58,65,36 69,74,42 52,56,31 53,59,31 56,64,31 57,66,34 33,37,20 43,47,28 43,47,26 49,59,28 35,41,21 46,55,26 110,110,101 64,72,41 
48,46,35 35,43,20 46,60,29 44,54,28 39,38,28 36,35,22 36,35,22 49,53,34 66,67,44 57,68,36 122,126,114 67,81,43 59,65,39 66,73,44 65,80,50 51,64,38 40,52,28 37,43,24 40,52,25 35,48,29 39,51,31 79,91,70 138,142,124 144,143,130 142,142,129 129,126,115 122,119,107 152,150,135 100,92,82 87,76,69 109,98,87 71,47,36 78,44,37 81,44,37 89,53,46 106,107,97 46,57,34 56,63,33 70,76,39 60,68,30 57,65,29 46,54,27 41,52,26 31,39,23 33,42,20 33,41,20 35,43,22 43,51,26 118,119,109 47,59,36 
33,33,18 32,37,17 36,43,22 36,34,23 40,33,28 40,36,25 32,30,22 45,48,32 81,78,66 47,51,29 115,119,109 62,76,39 63,73,40 61,72,42 37,49,26 71,80,53 47,60,30 36,41,27 28,30,21 26,34,19 32,44,23 51,63,42 59,63,48 100,97,88 161,162,151 87,83,74 67,63,53 166,163,150 63,51,41 47,34,30 132,113,102 95,55,41 106,58,47 105,57,47 105,61,52 109,110,104 56,66,34 84,82,55 45,49,30 56,63,27 54,59,26 36,40,21 37,46,20 36,45,20 22,27,18 35,42,23 72,83,45 61,72,37 66,73,53 44,54,33 
34,30,19 30,33,18 33,39,18 42,39,26 39,33,26 43,35,31 37,31,28 54,47,42 79,68,65 47,46,35 113,114,110 55,62,36 69,70,46 61,71,39 55,69,34 79,78,69 55,60,45 53,68,36 30,31,23 29,38,18 38,44,24 113,116,110 85,77,68 122,117,108 179,179,173 111,105,98 86,78,67 176,174,166 90,73,62 63,52,38 134,115,105 102,57,44 113,64,52 112,61,49 112,65,54 130,139,109 98,114,64 90,102,55 68,77,34 50,58,27 67,79,32 51,59,26 47,55,23 36,43,20 24,30,18 41,49,26 60,72,31 85,97,47 81,92,49 76,85,41 
33,30,19 34,36,19 40,45,23 37,40,24 40,42,22 40,38,26 36,33,27 52,44,42 74,62,63 57,53,54 115,112,117 58,55,49 66,71,46 73,86,40 55,65,35 82,86,66 64,76,42 60,69,38 27,31,22 46,54,30 65,76,37 123,131,102 99,100,69 122,123,96 153,156,129 111,111,84 95,95,69 146,147,129 107,92,76 80,79,52 109,90,75 92,48,35 101,54,45 96,49,44 96,73,43 100,118,57 88,106,48 90,108,45 95,113,47 77,93,38 75,91,31 79,95,36 84,101,38 90,104,36 78,91,37 65,76,31 63,78,31 69,83,28 91,106,36 77,93,27 
35,39,18 38,46,21 43,44,24 43,49,27 35,33,22 37,31,25 32,34,25 44,47,35 74,66,62 45,47,33 101,104,97 61,62,55 50,50,41 63,68,39 45,50,30 71,75,53 51,59,34 56,63,37 43,43,29 54,62,35 60,71,36 64,76,35 64,77,31 67,78,32 65,76,28 59,70,31 63,68,37 95,103,53 111,120,58 99,111,59 108,85,70 94,45,34 90,45,37 82,40,34 86,79,41 92,109,54 84,102,40 79,98,41 78,95,40 84,102,40 91,106,38 89,107,40 88,107,41 96,113,45 94,109,40 96,109,39 69,82,34 87,99,41 95,107,39 95,109,40 
39,41,22 39,46,21 57,63,31 46,55,25 39,35,23 39,32,25 34,33,22 35,42,26 46,47,31 45,50,27 77,78,66 68,67,55 50,53,33 60,62,41 49,53,33 64,71,46 61,69,42 66,74,44 69,66,46 62,64,38 61,69,34 63,72,36 64,72,36 64,72,37 64,72,35 67,74,40 87,91,54 99,108,53 100,111,53 77,88,45 107,84,72 89,45,36 80,39,35 67,32,29 75,62,35 76,92,40 88,105,43 77,94,40 78,97,42 77,95,38 76,92,28 75,90,27 66,84,29 85,102,36 100,113,41 97,110,38 89,102,32 105,118,40 99,111,35 99,112,35 
106,116,68 109,117,70 108,116,69 111,118,69 117,121,71 113,121,72 111,115,69 113,116,69 110,114,66 108,114,68 115,119,86 108,109,80 96,103,57 85,95,48 78,88,47 87,100,53 87,100,55 92,104,59 90,97,59 98,112,64 97,111,62 90,102,55 85,97,52 72,83,42 79,90,46 86,96,54 93,104,56 94,107,57 87,97,49 74,83,48 114,104,98 113,102,100 115,104,106 100,86,86 86,83,64 70,84,34 72,88,38 58,73,29 64,81,32 72,85,27 81,97,28 82,95,29 57,73,21 65,77,21 70,82,22 82,97,24 93,104,29 90,102,30 82,93,25 95,108,36 
89,96,56 92,99,57 93,101,58 96,103,59 92,97,56 92,96,54 94,100,55 104,110,62 99,102,64 91,93,55 107,108,75 116,119,88 96,104,53 93,103,53 93,103,56 90,99,53 84,96,53 78,95,49 82,93,46 79,92,44 79,94,46 92,103,52 96,108,51 70,80,40 73,86,41 74,88,39 73,87,42 77,86,48 77,85,46 93,97,71 125,116,113 133,124,123 136,125,127 119,107,111 95,86,86 72,85,43 59,72,29 54,69,29 52,68,24 50,63,19 54,68,17 87,101,32 57,70,21 67,81,23 73,86,25 51,64,16 82,93,28 82,95,25 81,95,22 73,87,22 
76,84,47 78,84,49 80,84,51 79,89,44 83,88,45 80,88,48 87,92,50 78,84,43 79,84,49 76,80,47 85,88,53 106,108,87 76,83,48 73,78,42 65,77,37 64,75,38 71,84,49 68,79,46 74,88,48 74,88,44 66,77,38 83,93,52 96,112,55 88,99,48 67,79,39 67,80,36 60,75,36 75,83,48 81,89,51 126,121,112 116,107,103 119,110,108 122,111,113 117,107,111 97,87,92 67,73,49 57,69,27 44,56,22 70,84,33 69,82,25 70,85,24 50,63,16 47,58,16 62,78,22 52,65,18 73,86,24 63,73,16 74,88,23 55,69,14 61,71,19 
75,79,48 69,75,46 69,77,41 80,88,44 78,83,41 86,95,47 85,94,47 76,80,48 77,84,46 78,85,45 79,83,46 112,116,93 75,80,42 67,76,36 57,70,34 56,67,35 60,72,37 68,81,44 70,84,46 51,60,35 75,85,43 76,87,43 80,99,45 91,107,55 72,88,40 66,74,38 70,86,39 71,81,46 90,94,62 142,131,129 131,120,118 143,132,130 145,134,136 133,121,125 109,99,105 76,69,65 66,74,37 54,66,27 46,59,25 51,64,23 56,70,26 65,79,26 58,72,18 56,69,17 54,61,17 74,86,26 89,104,30 50,62,15 40,53,13 76,92,21 
73,81,47 71,79,43 71,76,43 78,85,41 80,88,44 84,94,43 82,90,47 78,84,50 82,87,51 75,82,50 79,83,46 108,108,94 72,76,43 67,70,43 70,79,42 62,72,41 58,66,36 54,59,34 65,75,43 61,77,43 76,91,46 88,105,43 70,86,38 86,104,49 70,83,40 68,76,40 62,73,37 72,80,49 137,133,117 137,125,122 137,126,125 145,133,133 151,137,140 132,120,125 120,109,115 104,92,98 111,103,99 66,75,37 57,68,24 45,58,21 52,63,18 54,67,23 55,68,20 62,78,21 66,76,22 67,77,23 45,55,14 45,56,15 57,73,18 57,69,19 
70,78,44 69,76,44 74,80,42 77,84,44 76,86,44 75,82,47 77,84,46 77,83,52 78,83,51 80,86,51 75,80,50 113,115,99 73,80,46 71,76,44 66,74,40 63,69,40 60,69,41 51,49,33 55,58,35 61,73,42 64,75,38 74,86,40 80,95,46 72,83,47 74,79,43 67,70,38 66,78,41 94,92,71 170,161,157 132,119,117 146,134,132 151,139,139 155,141,143 146,132,136 134,121,126 119,106,114 107,94,101 94,83,78 92,83,65 58,67,25 52,63,17 47,58,19 56,70,18 56,67,18 71,83,21 65,75,19 66,78,20 68,83,20 43,55,14 44,54,16 
73,79,48 72,80,42 72,78,44 75,81,47 71,80,46 82,89,50 80,87,46 83,88,56 87,91,54 76,82,49 72,76,45 114,114,101 83,92,42 81,87,45 79,87,41 71,81,42 71,80,49 70,76,46 75,85,53 63,71,45 70,79,44 66,76,43 72,83,45 73,84,46 77,83,42 68,77,37 80,88,54 162,152,144 157,147,143 143,131,129 144,133,132 151,140,139 156,142,145 158,144,148 151,137,144 140,125,134 128,115,123 113,100,106 111,95,98 99,89,80 93,89,66 74,72,48 52,57,29 53,62,18 45,56,16 56,66,16 57,66,15 64,75,18 57,69,16 60,71,18 
71,76,48 77,84,46 71,77,43 74,83,48 72,80,45 75,81,47 76,82,47 80,84,55 78,82,51 85,89,53 79,82,54 112,113,98 85,91,45 76,84,43 77,84,44 75,85,45 75,82,47 72,81,43 74,84,51 69,81,47 73,78,46 67,75,42 72,86,48 72,86,44 77,83,46 76,72,45 122,121,100 190,184,180 144,131,126 146,134,132 125,115,114 149,138,138 161,148,152 155,142,147 145,132,140 135,123,132 129,117,127 127,113,124 116,102,111 103,92,94 116,104,104 135,118,120 129,111,111 108,94,87 72,71,48 61,70,19 64,74,17 64,74,17 79,87,28 60,72,21 
76,82,44 73,80,47 73,80,43 72,80,45 75,80,44 77,79,47 71,73,46 82,84,56 82,84,53 83,88,51 85,89,52 114,114,99 84,90,45 81,89,45 79,81,45 76,81,44 72,78,43 68,80,45 72,81,47 76,87,50 72,83,45 71,82,41 61,71,39 65,69,43 124,118,101 171,160,151 195,189,185 163,152,146 154,140,136 157,142,140 141,129,127 140,129,130 161,149,153 160,147,154 152,139,148 128,115,124 131,119,128 133,120,131 129,116,127 130,117,128 117,104,113 111,96,103 129,112,117 142,124,127 142,126,132 116,105,92 95,90,59 77,75,50 69,72,31 71,81,20 
69,74,44 72,78,44 66,73,45 64,70,40 74,76,44 76,81,45 76,81,45 79,84,46 76,79,51 78,86,51 75,79,43 111,108,96 74,79,40 73,76,43 68,67,37 68,67,42 64,74,40 71,79,45 65,72,46 71,73,47 67,63,43 73,75,48 84,81,56 109,99,83 165,156,145 198,192,189 169,158,151 155,142,137 157,144,142 163,149,147 161,149,148 165,154,154 167,156,159 164,151,157 149,137,145 133,121,130 136,124,134 136,123,134 128,116,126 131,119,132 134,122,135 123,111,122 118,104,113 117,101,107 149,133,142 150,134,140 148,133,141 145,131,136 137,124,127 122,113,109 
73,71,49 74,76,54 73,77,50 74,78,49 81,83,50 86,83,56 95,93,67 93,94,64 95,97,67 88,88,67 105,101,81 121,116,110 111,108,86 122,116,97 129,124,106 127,117,105 133,128,110 155,147,137 171,160,157 183,171,168 181,169,164 183,171,165 183,172,164 189,179,172 198,192,189 166,154,149 159,147,142 164,153,149 167,155,154 168,155,154 168,156,154 168,156,157 167,155,158 164,151,155 154,142,150 157,144,154 152,140,150 143,131,142 118,106,117 127,115,127 144,132,146 141,128,141 127,114,124 121,108,117 121,108,116 133,118,125 147,133,140 157,144,154 157,146,155 159,146,155 
182,172,179 183,175,182 185,179,185 181,175,180 182,176,182 188,183,189 195,189,195 199,195,200 196,189,191 195,188,189 199,195,197 172,169,174 174,168,174 206,203,206 206,203,205 205,202,200 205,201,199 164,153,150 205,196,197 204,196,195 207,201,201 206,199,198 189,180,174 168,157,147 151,139,133 150,138,133 147,134,129 140,128,124 142,130,128 139,127,124 138,125,122 140,127,124 129,117,118 136,123,126 149,137,144 139,127,135 111,100,107 143,131,142 126,115,126 86,75,81 87,75,81 86,75,81 89,76,83 93,80,87 86,74,78 85,73,76 85,72,73 125,111,116 156,142,150 161,148,153 
191,187,194 190,187,194 189,187,193 191,188,195 192,189,196 193,189,195 195,192,198 194,190,195 197,194,199 194,188,190 201,198,202 166,164,170 149,144,151 203,201,204 203,200,201 201,197,196 203,198,197 204,196,195 203,194,195 207,200,200 207,201,201 201,195,192 181,170,164 131,117,108 103,89,81 98,87,79 96,86,81 99,88,85 99,88,85 106,95,92 104,93,90 133,118,114 108,97,96 106,94,95 143,131,136 153,142,151 111,99,104 113,102,109 103,92,100 101,89,97 91,79,87 91,80,88 89,78,85 92,79,86 89,77,82 86,75,81 78,67,70 72,62,63 92,79,82 107,92,95 
173,160,163 172,161,164 164,150,151 161,147,148 162,147,148 159,143,143 163,147,148 159,141,138 161,145,143 166,150,149 164,151,150 152,144,148 138,130,136 174,164,163 167,155,155 166,155,154 163,152,149 167,157,157 166,155,154 165,155,155 141,132,130 134,125,119 118,109,99 107,106,83 98,91,79 105,106,82 101,102,80 102,105,81 98,105,78 101,99,84 122,113,104 105,94,92 119,108,107 139,126,127 155,143,147 163,151,159 149,138,147 119,108,116 96,84,89 100,87,93 102,90,98 90,79,87 93,81,89 103,90,97 104,90,94 89,77,82 83,72,77 87,75,80 75,64,68 73,62,65 
133,121,127 126,113,117 137,125,131 130,119,126 134,120,123 139,123,129 136,120,126 134,120,124 112,101,103 117,104,105 110,99,100 130,121,125 122,113,117 116,104,102 110,99,96 112,103,97 119,108,99 122,109,100 125,113,103 121,110,99 117,107,98 111,108,90 111,117,84 102,111,69 108,116,71 100,109,67 97,106,65 95,106,63 95,107,66 97,109,69 102,111,73 109,114,80 109,103,77 95,84,80 81,71,76 75,66,73 73,64,72 73,64,73 71,63,71 67,61,68 67,60,69 64,57,66 65,57,67 64,56,65 65,57,65 64,56,63 65,57,63 63,55,64 61,53,60 60,52,58 
87,76,73 90,80,74 92,85,71 95,89,76 108,104,86 96,88,77 98,87,80 91,83,76 95,82,81 93,82,80 92,80,80 108,98,99 114,109,111 91,82,74 111,103,94 113,108,88 101,100,77 103,102,77 110,106,83 110,107,82 113,109,88 101,106,73 96,105,61 102,108,67 98,105,65 98,106,66 103,112,69 98,107,62 96,106,65 95,105,66 96,108,67 95,106,67 96,93,76 77,69,75 77,68,75 77,67,74 79,68,76 75,65,73 75,66,72 70,63,72 69,63,72 73,64,73 69,61,70 72,63,72 69,60,70 68,60,69 68,59,66 64,57,65 66,58,65 62,55,61 
104,91,81 106,98,82 115,105,85 106,104,77 106,96,72 110,96,79 101,87,81 95,79,77 94,78,77 89,78,77 95,82,81 103,94,94 116,112,114 95,91,76 100,100,76 97,98,73 101,100,73 103,100,77 102,98,79 101,98,79 100,95,72 99,102,68 98,109,64 104,110,67 99,104,66 101,106,66 104,113,69 102,110,68 99,108,66 96,103,66 96,107,67 96,106,66 104,105,78 78,69,74 80,71,78 74,67,73 75,67,74 75,67,74 72,65,73 72,65,74 71,63,72 74,67,76 71,63,71 71,63,73 70,62,70 68,60,68 68,61,69 68,60,67 68,59,67 68,60,68 
103,95,79 116,106,80 103,96,71 111,103,78 107,103,80 101,86,86 98,81,81 93,77,78 88,77,77 94,81,82 97,84,84 100,90,88 119,115,112 96,98,74 95,96,70 96,98,70 100,103,76 104,101,82 102,97,79 105,99,76 99,95,72 103,105,70 96,105,61 103,106,63 104,106,65 104,106,69 101,106,66 97,101,63 97,99,65 99,99,68 93,94,63 102,101,70 103,98,78 80,71,75 80,70,76 77,68,74 76,68,74 79,70,77 75,66,74 74,67,74 72,66,75 76,68,78 74,66,76 74,67,75 72,64,73 72,63,71 70,64,70 71,64,70 65,59,64 69,60,67 
106,99,77 107,101,75 114,98,81 116,105,83 96,82,76 97,79,80 96,79,80 95,83,86 98,87,87 98,85,86 90,80,81 115,110,95 109,104,89 100,100,77 101,98,73 101,96,75 108,106,84 103,100,85 105,102,84 113,107,80 111,100,76 106,108,73 88,95,55 97,96,59 111,97,73 115,102,80 108,106,75 111,104,77 110,101,78 107,97,82 94,85,83 95,89,87 87,80,83 81,72,78 81,72,77 80,72,78 78,69,74 76,69,74 78,70,77 75,67,74 73,65,74 72,64,72 74,67,75 72,65,73 73,65,72 72,63,72 73,65,72 71,62,69 54,40,41 71,64,67 
100,94,69 108,103,81 117,99,86 110,99,91 100,87,88 101,86,88 105,96,96 103,93,95 101,89,91 102,90,92 108,96,98 100,96,82 108,107,82 100,95,79 106,99,85 111,104,87 99,98,80 109,106,89 102,92,79 105,98,82 107,103,77 100,105,67 99,99,64 109,105,76 88,79,79 88,79,79 87,78,77 91,82,80 87,80,82 84,78,82 86,79,85 83,78,83 80,74,79 80,72,77 80,72,77 80,72,76 77,71,76 78,71,74 77,71,77 79,73,78 73,67,74 76,69,76 78,69,77 76,69,76 75,67,74 73,66,73 75,68,74 71,63,69 82,72,73 76,69,74 
109,94,78 232,225,205 232,224,204 228,221,204 227,221,209 237,234,228 239,237,228 209,205,198 114,101,104 106,94,94 102,93,90 107,104,84 103,101,77 105,97,82 110,101,86 111,109,88 115,110,97 108,99,82 113,97,92 110,98,95 111,105,85 97,98,66 101,98,67 98,92,76 81,75,79 81,74,78 86,81,87 82,76,81 84,79,85 85,80,85 87,80,85 80,75,79 80,74,79 79,72,76 81,73,75 80,73,78 79,72,77 79,72,76 85,77,81 81,73,78 78,71,76 78,70,76 82,74,82 78,71,78 81,72,80 80,72,79 76,68,75 76,69,74 48,46,47 76,68,73 
113,97,81 232,223,199 228,220,201 223,214,194 213,189,145 232,227,212 240,237,228 208,204,197 99,89,91 107,98,95 109,99,95 114,112,92 106,97,87 111,99,91 119,112,98 114,110,89 116,107,91 109,95,87 118,104,100 108,99,99 110,103,89 103,96,72 97,92,76 89,81,79 82,76,79 83,75,78 81,76,80 85,79,84 89,84,89 94,88,93 90,84,89 88,83,87 84,80,85 85,78,82 83,76,79 82,74,80 82,75,79 84,78,81 82,75,79 85,78,81 80,73,77 90,82,87 80,71,78 81,72,78 76,69,76 76,70,77 80,72,79 78,71,77 53,52,53 81,73,77 
93,80,74 227,222,205 234,226,211 227,219,200 199,184,153 237,233,220 240,237,228 206,203,196 106,95,97 114,103,102 109,98,96 122,114,96 126,117,99 120,102,100 124,117,101 114,110,87 117,110,96 109,98,93 115,105,103 116,109,108 111,103,98 113,108,96 99,92,91 87,81,84 84,78,80 83,76,79 80,75,77 82,76,79 85,80,84 88,84,89 94,89,93 88,84,88 83,78,83 83,78,81 85,79,82 85,80,82 81,75,78 84,78,81 84,75,80 84,77,81 83,76,80 81,73,79 76,70,76 79,71,77 77,70,74 74,69,74 76,70,75 78,71,77 42,41,42 77,69,72 
95,82,81 232,224,203 232,223,206 233,222,199 227,220,204 239,236,225 240,237,228 207,204,197 109,99,100 115,105,105 118,109,104 127,118,106 118,108,99 120,108,101 116,118,93 111,107,84 112,105,97 113,100,96 117,109,106 122,115,114 118,110,109 106,98,95 86,82,88 86,81,87 84,80,83 85,80,82 84,78,80 83,78,80 84,80,84 84,81,84 85,82,85 82,79,83 82,78,80 83,78,81 87,81,83 83,78,79 84,79,80 86,80,82 80,74,76 83,77,80 78,72,76 77,71,75 77,72,77 76,71,76 73,68,72 76,71,76 74,67,73 78,71,77 50,49,49 72,66,70 
98,81,82 207,203,193 199,194,183 188,187,175 222,215,196 240,237,228 240,237,228 209,205,198 116,106,109 118,110,108 131,125,116 124,121,99 122,117,98 122,115,100 109,113,83 113,102,88 112,100,97 100,88,86 124,119,119 107,99,98 104,98,96 91,85,88 81,77,80 82,79,82 87,84,87 92,87,88 82,78,79 84,80,81 82,78,79 82,78,80 83,79,82 79,76,80 80,77,81 79,75,77 82,76,76 77,73,73 79,73,74 81,76,77 79,73,75 80,74,75 81,75,77 102,98,102 102,96,99 36,35,36 39,39,39 53,57,61 113,114,103 75,77,61 42,42,42 73,69,73 
97,83,85 112,110,104 110,108,103 109,108,104 111,109,102 113,112,109 113,112,109 106,104,102 124,116,118 127,121,117 127,125,103 118,117,96 119,114,99 114,111,100 103,103,82 115,106,99 117,103,103 115,105,104 120,114,114 97,90,86 85,79,79 83,78,82 81,77,78 83,79,81 99,96,99 102,100,101 80,77,78 82,78,79 82,79,79 79,76,76 78,76,78 78,76,78 77,75,78 81,77,79 81,76,77 78,75,75 77,74,74 78,75,75 77,74,73 78,73,73 78,73,72 90,86,87 86,83,85 50,48,48 51,49,50 53,52,52 83,80,71 65,65,55 47,45,46 73,67,71 
94,84,84 64,64,64 66,66,66 39,39,39 30,30,30 30,30,30 30,30,30 41,39,39 118,109,109 126,120,118 121,120,97 121,120,100 123,115,113 120,117,105 121,114,104 128,114,113 120,104,104 110,102,103 108,104,103 90,85,83 82,77,79 81,76,77 78,76,77 82,79,81 79,77,79 83,80,82 81,79,80 80,77,78 80,79,79 80,77,77 81,80,80 80,76,77 80,79,80 75,73,75 82,78,78 79,77,79 79,77,75 73,70,68 68,66,66 64,62,62 66,65,65 53,51,52 67,65,66 63,61,62 58,56,57 54,50,51 53,51,53 66,64,65 66,64,64 52,50,51 
