192,193,189 193,194,190 193,193,190 134,126,129 136,127,129 138,127,126 140,131,127 147,135,128 143,127,122 205,198,197 228,224,224 82,77,78 104,97,111 127,122,132 58,61,50 128,126,128 185,179,180 109,103,100 79,75,72 58,55,41 46,45,37 131,119,105 119,109,95 94,91,75 141,129,119 180,181,185 180,181,184 133,122,114 134,124,115 135,126,117 136,127,117 137,127,118 137,128,118 135,127,117 158,158,156 151,151,148 145,144,138 133,131,122 121,119,109 169,169,165 180,183,183 168,172,176 175,178,179 179,180,181 175,176,180 181,181,183 181,183,183 178,178,179 175,175,176 175,174,177 
71,71,71 73,73,73 72,72,72 61,59,60 62,60,61 59,57,57 60,59,58 63,60,59 65,60,59 165,147,141 175,164,166 48,47,45 101,94,107 149,139,140 78,75,61 103,95,80 153,137,125 135,121,108 80,71,58 55,55,42 53,52,42 120,111,100 125,114,102 120,112,100 143,130,119 177,175,177 179,179,183 134,124,115 136,126,116 136,127,118 137,127,118 137,128,118 137,128,118 137,127,117 127,122,110 129,126,113 129,127,115 131,132,119 129,130,118 182,184,181 178,180,180 169,171,173 167,166,165 155,154,150 156,154,152 184,184,186 180,182,183 179,179,181 179,177,180 179,180,182 
78,78,78 103,103,103 116,116,116 111,110,110 104,102,103 111,109,110 101,99,99 112,110,111 97,94,93 178,160,156 128,115,111 42,40,37 102,94,101 158,148,143 69,67,51 114,108,95 149,137,125 135,123,110 95,85,69 57,56,44 59,58,45 89,84,75 138,129,119 133,121,111 145,132,121 166,161,160 171,171,175 135,125,116 137,127,118 137,128,119 138,129,119 138,129,120 138,129,120 136,127,117 137,133,121 136,133,121 135,133,121 132,133,120 133,134,122 123,121,110 117,116,105 116,115,104 118,115,105 124,122,114 155,153,152 183,184,185 181,181,184 180,180,182 180,179,182 178,177,181 
73,73,73 72,72,72 73,73,73 64,63,63 61,59,60 61,59,60 61,59,59 62,59,59 63,58,57 152,137,130 69,64,54 40,39,29 87,76,70 150,137,130 66,61,44 104,98,82 152,141,132 155,145,136 130,119,110 83,78,68 60,58,48 92,89,77 139,132,122 132,118,109 143,130,120 161,154,151 172,172,176 136,126,117 138,128,119 138,128,119 138,129,119 138,129,120 138,130,120 137,126,117 138,134,123 137,134,122 137,134,123 134,134,122 135,135,124 130,130,119 127,126,117 128,126,119 130,129,123 132,130,126 165,164,166 183,184,187 181,182,185 180,180,182 178,178,181 175,176,181 
70,70,70 85,85,85 92,92,92 86,85,85 80,78,79 59,57,57 59,57,58 60,58,57 63,59,58 153,140,135 70,64,57 44,39,30 110,99,93 166,154,149 91,82,67 100,94,81 157,147,140 155,144,138 151,142,135 120,112,106 74,69,61 91,88,75 140,134,123 132,119,111 134,121,111 150,139,131 144,134,126 137,127,118 139,128,120 139,129,120 140,130,121 140,130,121 139,131,121 137,128,118 140,136,125 139,136,124 138,136,124 135,135,124 134,135,124 134,133,124 134,134,128 134,133,129 134,133,130 134,134,130 172,172,176 182,182,187 180,181,185 180,180,183 175,177,181 173,176,180 
182,182,184 184,183,184 178,175,175 160,154,154 146,138,137 146,138,138 147,138,136 148,138,136 150,138,135 161,151,147 59,56,47 45,40,30 121,111,106 167,156,151 127,112,103 105,92,82 159,148,142 158,147,141 157,146,141 151,143,138 95,89,82 82,78,66 143,137,126 137,125,116 131,118,108 148,134,123 146,132,122 138,128,119 140,130,121 141,131,121 141,131,122 142,132,123 141,133,122 138,128,117 135,131,117 134,130,115 131,127,112 134,134,121 131,131,118 133,132,121 136,136,130 137,138,133 137,137,135 137,137,137 176,178,182 178,181,184 178,181,184 178,182,186 178,182,185 178,181,186 
202,203,205 145,136,139 151,139,142 157,145,147 165,155,155 165,156,155 165,156,154 166,155,153 167,154,150 155,145,138 49,47,37 66,59,51 141,130,124 167,156,151 127,111,101 103,85,78 162,151,143 161,150,146 160,149,145 159,151,146 133,126,120 67,64,52 141,134,124 138,126,118 134,123,114 137,121,110 140,126,115 133,121,110 125,115,102 122,113,99 122,113,99 117,108,93 111,104,88 110,104,86 110,103,85 109,104,87 110,104,86 109,105,90 108,105,92 106,107,94 133,133,127 141,142,139 142,143,142 141,143,143 180,182,186 178,181,187 180,184,189 165,170,175 158,164,170 184,187,193 
200,200,200 162,154,155 165,156,157 165,154,154 167,158,157 168,158,157 167,157,156 167,156,155 168,154,150 152,142,137 54,51,42 78,70,60 156,143,139 169,159,151 127,111,103 94,78,71 160,150,142 150,140,135 148,140,135 129,119,111 118,109,99 72,69,59 92,87,77 108,101,87 105,97,84 106,97,84 106,98,84 110,102,87 117,109,94 120,113,98 122,114,101 127,120,107 131,125,111 132,126,113 134,129,116 134,129,117 131,126,112 131,130,119 133,132,124 139,140,133 141,142,136 144,146,144 145,147,146 149,150,153 182,185,191 178,183,191 150,156,159 97,110,93 104,114,107 143,151,152 
210,210,209 150,142,143 168,159,159 167,157,157 125,118,120 161,150,149 166,155,154 168,157,156 166,152,148 152,140,138 73,65,57 84,75,66 170,158,153 170,158,153 126,111,105 74,62,58 156,146,142 167,164,164 169,167,166 159,156,155 143,135,130 83,80,72 82,79,68 127,121,111 119,111,98 123,115,103 120,112,97 127,119,105 132,126,114 132,126,114 132,126,114 133,127,115 133,128,115 134,128,115 133,128,116 134,131,118 134,130,117 135,133,122 134,134,126 141,142,137 144,145,140 147,147,145 149,151,152 159,162,166 156,164,165 133,143,139 113,125,113 64,79,35 61,76,39 76,92,51 
161,156,153 126,118,116 132,123,119 129,118,115 127,115,112 134,120,118 141,126,123 147,131,125 149,133,128 141,128,120 62,57,46 115,103,95 175,164,159 171,160,156 127,113,108 73,62,61 145,137,136 157,150,147 156,150,147 161,156,154 150,145,140 91,88,81 71,69,57 129,125,114 127,122,111 127,122,110 128,122,110 129,125,112 133,126,114 134,127,115 134,128,115 133,129,115 133,129,115 134,130,115 132,129,115 133,130,117 132,130,117 132,133,122 135,136,127 139,140,134 131,131,126 130,130,128 145,146,147 163,166,168 73,85,57 81,96,66 55,71,33 63,77,32 55,67,29 62,75,35 
141,129,130 145,134,134 153,143,144 154,143,145 149,137,137 156,144,144 161,148,147 167,152,150 167,152,149 163,149,144 92,85,74 127,112,101 162,149,142 162,151,144 133,118,115 77,66,66 140,131,127 146,136,131 145,137,132 145,139,133 145,140,135 106,103,93 82,80,68 128,125,114 126,123,112 127,123,111 129,124,111 130,125,113 132,126,114 132,127,114 133,127,114 133,128,114 132,128,115 133,130,115 132,129,115 133,131,118 134,131,117 134,135,124 138,140,131 147,148,143 151,152,150 154,154,155 158,159,161 149,154,151 72,84,59 43,56,28 45,59,26 48,62,25 52,66,29 59,75,33 
155,146,147 151,142,143 155,145,146 155,145,146 148,137,137 156,144,144 159,147,146 167,152,150 168,153,150 168,155,149 114,103,90 142,128,122 147,132,125 152,137,129 138,124,120 79,71,69 144,133,129 136,126,116 138,130,120 135,128,119 146,139,135 128,124,117 110,108,99 131,128,117 128,124,113 128,124,113 129,124,112 129,125,112 130,126,113 131,127,114 132,127,112 131,128,113 131,129,114 130,129,113 131,129,114 131,131,117 133,131,117 135,134,123 140,140,132 148,148,143 151,152,151 151,153,154 149,150,151 76,87,60 53,67,31 50,61,44 46,59,26 41,54,22 46,58,26 42,55,24 
155,146,147 150,142,142 154,144,145 154,144,145 150,140,139 155,143,143 158,145,145 165,150,149 155,143,141 159,147,146 148,137,134 164,152,151 163,153,150 164,153,149 150,139,136 79,70,70 150,140,138 139,128,123 52,47,43 140,132,127 148,140,137 142,138,134 130,128,121 130,127,118 126,124,112 127,124,112 129,125,112 130,126,112 131,128,114 132,129,114 133,130,114 132,131,116 133,132,116 132,133,115 131,132,116 131,132,118 135,134,120 137,138,125 143,144,134 149,149,145 152,152,153 149,149,151 127,130,125 51,64,29 41,53,22 43,57,30 46,60,26 39,52,23 34,44,23 39,51,27 
153,144,144 149,140,141 152,143,144 152,143,143 148,139,138 154,143,142 155,143,143 165,151,148 158,146,144 161,149,148 162,143,142 158,124,124 159,127,127 155,122,122 149,131,129 85,76,76 137,124,119 160,149,147 126,119,120 156,148,145 150,142,139 142,138,134 138,135,129 131,130,122 129,127,116 129,127,114 129,128,114 131,129,114 132,130,114 132,130,115 133,131,114 110,114,106 132,133,115 131,133,116 131,132,116 132,133,118 135,135,121 138,139,126 145,146,136 150,150,145 152,150,151 144,144,146 137,138,138 47,57,31 38,50,22 47,63,27 49,64,28 48,60,29 47,56,30 47,55,29 
152,145,143 149,141,140 151,143,142 151,143,141 148,139,137 153,142,141 155,143,143 161,149,146 139,121,116 107,88,79 94,73,66 78,60,52 72,54,47 72,54,46 73,57,50 92,83,85 84,69,63 159,148,147 155,149,149 158,150,147 151,144,142 142,138,134 140,139,133 136,134,126 132,131,120 133,130,118 133,131,116 134,134,117 135,135,118 135,133,117 134,134,117 104,110,98 134,135,117 133,135,116 133,135,117 134,137,119 137,137,123 140,141,129 148,149,141 150,151,147 151,149,151 139,140,141 134,135,137 49,61,30 45,60,25 35,45,21 39,50,23 46,60,27 51,61,31 46,59,28 
152,147,142 146,141,137 151,145,142 153,145,143 147,139,137 153,142,139 154,142,141 160,148,145 157,140,139 137,118,112 114,94,88 84,66,58 74,57,50 47,36,32 37,30,26 94,86,87 71,62,60 161,150,149 144,137,135 128,119,106 147,140,136 139,135,132 112,110,100 118,115,98 131,130,118 134,133,120 127,125,109 112,111,93 112,111,92 137,137,119 121,120,103 100,99,80 130,131,111 134,136,116 134,137,118 135,137,119 137,139,124 141,143,131 152,153,146 151,150,149 152,151,153 133,133,136 111,114,110 48,62,27 41,54,24 43,55,25 37,47,23 36,46,23 54,64,32 52,63,29 
108,99,90 149,141,138 120,109,104 80,69,64 151,143,141 116,101,95 82,70,68 161,149,146 159,144,142 151,135,130 134,117,110 91,74,66 79,63,55 51,40,36 37,30,26 85,78,79 70,63,62 163,152,152 129,122,123 108,96,79 147,140,135 138,134,131 86,82,76 122,116,93 132,131,118 139,139,126 103,104,93 33,32,29 48,46,41 141,142,123 94,94,81 38,37,31 132,133,113 137,139,119 137,139,120 138,140,120 139,143,125 144,147,134 157,157,153 151,151,152 152,151,156 127,127,130 94,98,88 48,63,27 47,61,28 40,50,23 49,57,28 61,70,33 60,63,40 69,76,40 
125,116,111 144,134,131 137,125,122 82,71,68 154,145,144 137,122,119 84,71,71 162,149,146 159,144,142 156,139,136 148,131,125 99,82,75 84,68,62 58,48,42 44,36,33 89,82,84 73,67,67 164,153,153 136,129,130 128,115,101 153,145,141 140,136,133 93,89,84 155,146,126 145,142,132 147,147,137 114,114,105 33,33,31 58,57,51 148,148,131 99,97,85 48,47,39 141,142,122 141,143,122 141,143,123 141,143,123 143,146,127 150,151,139 162,163,160 154,154,156 155,153,158 120,119,121 86,90,82 34,43,22 36,47,25 36,44,27 46,54,26 52,58,34 67,71,44 73,78,42 
126,122,103 128,123,107 131,127,108 95,91,69 137,132,116 135,124,112 89,77,73 161,148,146 159,145,141 155,141,136 154,136,133 108,91,86 89,73,67 49,44,37 39,33,30 89,83,85 76,71,67 161,153,147 143,137,134 109,105,92 141,137,128 145,142,136 105,104,93 89,89,79 134,134,120 148,150,134 121,126,102 59,65,40 76,79,58 150,151,131 104,106,84 65,67,47 150,151,133 147,148,128 147,149,127 147,150,129 144,148,126 150,153,135 157,160,148 129,137,104 134,142,111 116,126,88 101,112,72 76,88,38 73,87,36 69,82,30 52,65,19 65,72,35 52,58,32 71,75,46 
87,104,48 86,103,46 81,98,42 81,96,39 75,88,36 65,78,31 76,77,48 150,136,135 127,117,107 111,101,89 151,135,129 116,99,97 94,81,73 52,52,36 66,70,36 98,94,87 89,94,66 71,86,40 101,110,83 68,85,32 67,85,33 67,87,32 80,100,45 82,101,39 79,100,34 83,102,35 73,95,30 75,97,32 84,104,35 74,93,31 75,95,31 81,103,34 90,108,43 84,103,38 86,107,39 92,112,45 100,120,49 93,114,48 94,114,50 95,114,51 92,110,48 85,103,49 86,103,50 78,93,46 39,48,27 34,38,24 22,26,19 28,30,21 42,42,30 61,53,47 
43,56,23 48,62,22 42,55,23 50,62,20 49,60,24 53,64,28 50,52,30 89,76,76 115,106,93 100,96,71 116,114,74 118,117,74 101,108,49 86,100,34 74,88,28 97,94,84 84,83,63 42,55,22 80,89,71 49,65,23 42,58,21 38,56,18 48,66,25 69,85,29 69,83,27 65,83,25 54,73,22 48,68,22 57,76,20 58,76,19 59,76,18 58,76,18 61,78,18 54,74,15 56,75,15 48,69,15 58,78,17 51,70,20 63,79,25 58,76,29 60,75,29 64,78,32 72,86,43 62,74,39 38,44,30 37,38,26 28,30,22 26,27,21 37,35,29 47,44,41 
45,58,21 44,57,21 43,54,23 49,60,23 52,61,22 71,84,34 79,91,40 91,101,49 100,112,52 89,102,35 71,84,28 71,81,25 62,72,24 50,63,20 57,69,25 98,95,87 91,87,68 44,56,24 71,80,63 62,81,34 65,86,34 57,76,30 49,68,27 68,83,30 65,80,27 62,79,25 47,65,19 48,66,20 54,72,21 66,83,22 61,79,19 58,76,19 59,75,19 55,73,18 63,79,21 51,71,19 62,80,23 59,75,24 55,71,26 53,70,27 62,77,31 59,73,31 67,80,40 78,78,49 74,69,47 72,65,46 68,60,46 53,46,35 50,44,37 36,37,26 
50,62,22 64,76,31 71,88,34 84,101,40 95,112,48 95,114,45 91,110,41 100,115,43 97,114,42 99,114,44 100,114,44 99,114,44 90,106,38 85,102,38 82,97,36 100,104,72 99,103,63 58,71,32 93,99,78 80,96,45 87,108,43 74,93,42 52,69,28 65,81,30 66,79,29 76,90,37 74,87,35 64,79,27 74,86,30 73,87,27 71,87,26 62,78,23 67,81,25 75,90,30 66,81,26 54,72,22 56,73,22 56,72,24 50,66,25 61,75,28 59,74,31 68,80,35 74,87,44 82,87,44 88,92,48 88,93,47 91,92,48 88,90,48 83,81,53 87,85,49 
88,106,40 91,110,42 87,107,39 86,105,40 91,108,41 91,109,39 92,110,39 84,104,37 85,102,35 102,116,42 105,121,44 99,116,42 100,116,44 98,115,45 96,115,45 100,120,48 98,119,46 102,124,50 113,128,83 93,116,50 97,120,49 99,120,54 107,126,61 117,137,66 116,136,64 106,128,66 106,124,66 105,121,62 116,133,59 119,136,59 130,142,71 123,136,63 108,123,52 105,123,52 106,123,54 96,114,52 103,120,55 75,89,38 84,98,43 86,102,47 77,90,38 96,109,50 91,101,49 100,104,59 99,102,56 106,109,58 101,104,54 93,96,49 97,101,54 94,100,52 
58,76,27 56,73,26 61,78,29 55,70,25 64,78,27 62,79,27 64,79,27 75,88,31 81,94,35 74,89,29 78,93,28 79,94,33 81,96,37 82,98,37 86,104,39 85,104,38 87,107,41 90,110,42 98,112,72 88,108,50 99,122,49 110,132,58 109,130,57 106,128,53 100,122,48 102,123,50 90,109,49 105,122,63 109,129,51 107,128,53 112,127,52 126,136,59 133,144,68 103,123,48 112,129,59 108,125,52 116,132,63 117,135,59 112,130,58 111,128,55 109,128,57 102,121,57 107,126,61 110,126,55 103,121,54 113,127,58 113,127,57 119,130,65 114,126,62 112,125,58 
49,64,26 43,55,22 54,70,29 52,67,25 57,71,26 58,72,27 64,78,30 63,77,30 60,73,27 53,65,24 64,75,27 58,71,26 51,64,26 60,74,27 56,70,26 66,81,28 60,76,30 65,84,32 86,99,65 76,93,43 72,90,38 78,98,41 78,96,35 77,94,36 76,94,38 86,105,36 84,104,35 80,99,44 92,114,42 94,112,43 102,118,42 111,123,45 121,135,55 96,113,39 105,123,57 122,134,64 109,125,50 119,133,55 120,135,60 122,134,67 109,123,55 102,120,47 99,118,56 99,117,53 91,110,47 92,108,54 90,108,53 99,115,50 102,116,49 105,120,55 
51,66,26 49,63,26 49,62,25 56,70,29 53,67,27 58,74,30 52,66,29 55,68,28 58,71,26 60,74,29 51,63,24 54,62,26 52,65,26 45,56,24 47,57,25 52,63,29 57,74,30 51,65,26 80,91,59 70,87,40 56,73,32 50,63,31 60,75,27 69,88,30 66,83,30 67,83,26 62,78,25 60,75,25 74,90,34 74,89,29 82,96,32 99,110,40 99,115,44 92,108,42 93,106,40 91,104,37 86,104,37 89,106,40 103,116,55 100,113,59 103,114,47 91,108,39 76,93,33 81,99,33 95,110,43 87,102,36 84,100,41 89,104,40 97,110,44 105,117,50 
50,63,27 45,57,24 51,64,26 48,60,25 53,67,27 53,68,28 56,70,31 53,66,27 59,70,26 57,70,26 56,69,25 53,65,27 59,74,28 47,56,25 55,70,24 54,69,27 49,62,28 51,63,26 74,84,55 62,74,41 59,75,30 67,83,33 60,74,29 60,75,26 56,68,25 59,73,26 63,79,32 71,84,28 65,81,24 68,83,26 62,76,23 80,93,34 76,91,26 69,81,26 72,84,26 75,90,25 60,79,21 72,86,30 83,96,31 64,76,26 65,77,25 65,77,28 67,82,31 55,67,25 65,78,31 66,81,26 61,75,33 68,80,31 72,81,28 72,83,28 
84,90,62 49,62,29 53,67,28 50,61,28 59,71,29 51,64,26 52,65,27 54,69,28 63,75,29 57,68,27 59,72,26 51,64,27 51,64,26 55,67,29 56,70,27 50,63,28 54,67,30 46,55,28 64,75,51 63,75,44 58,73,30 67,86,28 63,78,26 72,90,27 71,86,28 66,82,28 60,76,33 68,81,29 65,78,25 65,79,27 70,86,28 73,84,27 75,87,28 68,77,28 73,84,26 71,88,23 68,85,24 65,79,25 73,83,28 67,74,24 74,84,25 65,74,29 45,54,22 70,80,32 76,86,33 55,69,33 44,56,23 57,71,25 67,76,28 61,68,24 
95,91,74 49,58,30 48,59,28 54,66,29 56,68,28 54,66,28 56,69,28 54,67,29 55,68,29 47,56,23 59,70,27 54,65,25 56,69,29 54,66,26 48,56,26 47,55,28 56,70,29 49,61,27 57,64,47 71,86,47 59,76,25 68,86,28 70,89,29 64,79,29 65,79,32 61,76,28 61,79,30 58,73,28 66,78,28 71,89,28 76,95,25 70,81,27 78,96,26 77,90,28 71,83,29 68,83,22 65,81,23 71,88,28 88,98,30 73,80,27 76,84,26 66,75,27 64,73,27 70,79,26 72,83,30 54,67,28 65,79,32 60,71,28 62,71,28 60,68,25 
116,98,98 57,61,38 51,60,36 54,64,33 53,62,31 42,51,24 50,62,27 50,61,26 49,59,25 59,69,28 60,70,26 58,70,27 55,65,27 57,69,27 48,57,24 50,62,29 40,50,26 49,62,28 56,66,43 70,80,50 57,69,29 58,74,29 63,78,30 70,83,32 59,71,34 60,75,28 65,82,33 73,86,50 57,66,27 55,65,27 78,90,32 86,99,32 79,97,26 77,93,28 73,87,26 68,81,28 64,80,33 66,80,26 81,92,29 76,85,29 77,87,25 77,89,27 60,70,23 62,72,26 66,78,26 58,70,28 62,74,27 57,68,27 54,64,26 56,64,27 
111,99,99 74,67,60 48,46,35 59,61,45 56,52,46 79,72,67 72,70,56 58,64,39 55,58,37 54,57,36 65,65,35 58,65,30 54,60,30 50,55,29 50,60,26 51,64,31 44,55,29 44,54,28 62,73,46 106,109,107 56,66,32 57,73,31 77,89,33 77,87,33 71,85,44 65,80,46 66,78,45 82,96,63 67,80,30 80,90,31 74,86,25 76,91,24 67,83,22 78,94,26 77,91,28 69,82,26 72,88,37 64,78,26 71,80,28 66,76,23 64,75,27 73,82,30 72,84,27 61,70,26 54,64,26 66,76,27 61,71,31 47,55,25 67,76,31 65,73,32 
72,67,47 74,67,57 66,59,53 65,60,50 80,71,59 83,77,66 83,77,69 78,69,66 72,67,62 85,77,74 92,86,86 97,90,89 96,92,90 92,86,83 86,82,77 75,75,62 69,72,56 65,68,50 69,70,59 110,108,109 58,61,32 56,66,33 75,84,35 75,81,34 58,69,32 56,69,36 51,60,40 61,70,34 68,79,28 79,85,36 89,96,36 78,88,26 72,83,28 73,82,27 79,93,27 65,77,27 66,79,26 67,81,28 78,91,30 70,81,25 65,78,26 66,76,28 63,75,25 69,80,30 56,65,26 62,73,25 61,69,28 59,70,29 72,81,32 59,66,30 
83,75,66 80,70,64 81,72,63 79,69,59 76,68,58 75,67,55 78,71,61 82,78,56 71,70,47 46,40,37 52,47,44 66,66,52 79,74,70 78,72,72 84,79,79 88,83,85 85,82,84 100,94,96 111,103,105 107,105,100 92,88,79 90,88,84 90,90,81 85,79,76 82,83,66 66,75,53 66,72,46 66,76,34 57,55,33 61,64,29 81,84,38 87,96,33 75,83,31 78,90,32 71,83,28 61,75,22 65,78,28 66,79,23 70,87,27 69,85,32 63,76,26 66,78,29 64,73,27 64,76,24 57,66,29 63,74,30 69,79,30 67,73,27 59,67,29 63,69,34 
90,84,77 93,82,80 85,77,73 82,73,71 77,69,66 83,75,74 107,100,99 83,77,63 69,62,56 74,67,60 78,75,60 77,73,60 78,73,63 72,67,56 65,60,50 66,62,57 66,62,53 63,60,49 67,64,56 96,95,91 79,78,69 78,76,75 86,86,83 97,97,98 101,98,104 99,99,102 100,97,99 95,93,93 95,89,93 94,85,83 88,88,67 87,86,56 71,77,35 69,80,31 75,85,33 65,77,27 60,69,29 50,60,25 61,78,27 67,83,31 74,89,38 68,80,26 71,82,27 70,83,30 69,79,29 68,78,27 69,75,29 80,86,32 72,76,35 66,71,27 
91,82,76 86,77,73 82,73,70 96,88,85 92,84,81 106,98,97 91,83,81 78,70,65 85,76,72 92,84,79 81,74,64 82,74,65 84,77,66 81,73,61 82,76,64 84,79,62 86,88,57 82,85,52 78,78,52 95,93,84 75,77,54 77,77,62 80,81,60 89,91,69 70,66,62 93,89,87 99,94,91 99,94,93 105,99,105 113,105,110 93,92,95 93,90,101 90,88,93 96,91,95 93,90,83 93,93,75 94,91,77 63,60,45 52,64,26 69,87,30 75,86,38 77,80,37 63,69,30 48,56,23 68,78,27 75,84,31 51,56,23 78,86,31 71,75,34 67,71,31 
90,82,78 83,74,72 86,76,74 95,87,83 87,79,75 93,85,82 85,77,73 88,80,76 97,90,86 90,83,78 87,80,74 86,79,73 83,76,68 89,81,74 83,77,61 87,83,53 85,85,48 77,75,50 76,72,57 86,85,70 81,79,57 78,74,67 80,79,61 96,89,67 90,82,77 84,78,69 87,81,71 83,76,73 85,78,79 86,78,79 95,86,90 97,91,90 100,90,92 92,85,87 103,97,101 116,116,111 118,114,124 99,96,100 75,77,70 66,77,44 93,96,83 95,88,95 83,77,86 70,74,53 63,64,52 72,71,50 68,64,49 52,51,32 60,63,33 59,65,32 
99,93,91 91,83,81 86,77,76 74,69,65 85,80,76 89,81,77 102,90,84 99,90,88 90,83,80 91,86,81 81,75,70 79,73,67 83,77,72 79,72,65 78,72,62 83,78,54 85,84,52 74,67,53 103,98,90 85,83,64 90,85,75 91,85,82 87,81,78 91,83,75 95,86,84 99,90,89 101,93,93 98,89,90 99,90,90 89,80,80 87,77,80 85,77,76 84,77,66 86,80,67 86,80,63 93,98,69 77,76,61 84,83,69 83,79,78 75,68,72 80,73,80 92,86,94 93,90,101 89,86,98 96,91,109 92,88,108 85,81,101 83,79,98 75,76,73 68,67,70 
95,88,85 84,77,75 86,79,77 93,86,83 88,80,75 91,83,80 96,88,85 97,89,87 100,94,93 81,77,70 72,69,61 90,84,79 74,69,63 89,85,80 79,75,63 83,78,52 84,81,53 82,79,61 92,89,70 85,81,67 86,82,78 105,99,99 119,114,115 104,97,96 99,90,90 111,103,104 103,94,95 106,98,98 94,85,85 97,88,88 105,95,96 94,84,85 111,102,102 92,82,77 84,75,62 95,94,68 87,82,61 92,89,62 87,80,64 76,68,65 70,61,67 76,69,68 78,78,63 79,79,72 64,63,61 81,79,78 89,85,94 89,84,98 86,83,98 88,84,100 
91,84,83 98,91,88 106,99,96 83,75,73 96,88,85 101,96,93 94,88,85 93,87,85 80,74,71 71,66,62 81,76,71 85,78,72 85,82,74 89,84,78 93,89,82 83,77,61 83,76,64 81,83,55 83,82,55 91,88,71 117,113,112 92,87,84 95,88,87 117,110,111 104,95,94 130,123,126 120,112,114 113,105,107 104,94,95 111,102,103 110,100,102 96,85,86 110,99,101 106,95,96 95,83,82 97,85,83 95,83,78 95,84,75 97,86,75 93,86,78 93,88,81 89,80,81 78,76,59 79,75,59 66,66,55 75,76,56 75,75,60 63,62,55 60,58,55 59,52,55 
96,88,84 96,87,82 86,78,75 97,90,88 119,112,112 98,91,89 93,86,82 86,79,77 84,81,76 95,92,89 83,78,72 97,93,87 90,86,80 76,74,67 102,99,82 88,84,75 91,84,68 88,82,55 84,78,60 121,118,115 105,102,99 90,85,83 160,156,161 133,127,130 105,97,96 109,101,102 117,109,108 105,97,98 111,102,103 111,100,102 110,99,101 117,106,109 101,90,92 102,91,91 101,90,90 87,77,78 97,86,86 104,92,89 94,82,75 95,81,72 95,84,73 89,77,75 89,79,73 82,74,71 81,71,64 82,74,62 77,68,59 77,69,63 77,70,67 60,56,61 
98,88,82 93,86,82 89,81,79 88,81,79 107,100,98 90,85,82 80,74,71 90,84,80 111,107,104 95,91,87 83,78,73 93,88,83 67,64,55 75,73,62 95,93,79 105,103,90 90,85,68 118,114,99 95,89,78 99,96,79 95,92,87 129,125,125 144,139,142 122,116,117 107,99,99 106,97,98 110,101,100 103,95,95 107,97,99 104,93,95 105,94,97 103,92,93 99,88,89 94,84,86 106,95,95 91,81,83 86,76,78 96,85,87 91,79,81 94,82,81 96,82,80 95,84,87 91,80,85 84,74,78 84,73,80 81,69,75 87,79,79 84,76,76 52,41,41 77,69,67 
78,73,69 86,80,75 98,93,90 89,82,80 117,111,110 94,89,86 83,79,75 109,106,103 114,110,108 91,88,83 93,90,84 81,77,69 75,72,62 93,92,81 93,92,80 87,85,73 79,78,65 89,86,71 105,102,96 85,81,74 127,125,126 132,129,129 120,116,117 97,92,92 106,98,97 98,89,89 108,99,99 108,99,100 124,114,117 98,87,89 96,86,88 100,89,91 98,87,91 127,116,120 116,105,108 91,81,84 117,106,110 106,94,96 88,77,79 109,98,103 89,79,81 96,83,87 90,80,84 108,97,106 84,73,81 83,72,79 86,75,84 90,80,88 84,70,71 79,71,72 
75,69,65 232,226,210 235,230,217 238,235,228 237,234,227 238,235,228 239,236,228 207,204,197 113,110,109 98,94,91 94,91,85 75,71,62 77,76,65 111,112,101 97,98,84 82,84,71 88,89,73 98,97,84 72,70,62 105,104,98 127,126,125 94,92,88 136,134,135 93,87,86 97,89,90 101,93,94 119,111,111 103,95,96 150,144,150 101,91,93 104,93,95 111,102,104 136,128,134 127,118,124 115,105,109 108,98,100 98,87,90 90,79,81 113,102,107 114,102,109 93,81,87 96,86,85 94,82,88 87,76,83 99,88,97 98,86,96 86,75,84 80,69,78 53,50,52 84,73,76 
81,75,71 233,225,206 232,224,203 226,219,201 218,199,159 238,235,228 240,237,228 205,202,195 76,71,66 81,76,70 65,62,55 77,74,63 90,90,77 110,114,99 104,108,90 87,87,77 94,99,72 93,96,75 82,84,72 95,96,89 102,101,97 106,103,102 105,101,100 106,102,101 104,97,98 100,93,92 108,101,102 129,121,124 147,140,147 103,96,99 100,90,94 102,92,96 105,97,100 135,126,132 123,114,119 115,106,110 115,105,108 102,93,96 80,70,74 93,83,87 118,106,113 98,87,90 94,83,88 111,100,109 100,89,98 93,82,91 103,92,103 89,78,87 54,53,54 75,66,73 
89,82,80 231,223,200 229,222,202 216,209,190 195,182,158 232,227,213 240,237,228 204,201,193 84,77,71 80,75,68 67,66,55 66,66,52 82,85,71 111,116,95 89,92,77 83,85,70 85,90,65 91,94,79 127,130,124 99,99,93 109,109,107 119,117,116 108,105,104 108,103,103 97,91,92 105,99,97 105,98,98 105,97,100 144,140,146 151,145,151 89,79,83 115,108,111 127,119,123 120,111,116 99,90,95 101,92,94 129,120,125 102,92,95 103,92,96 105,94,98 121,111,118 113,103,108 131,122,130 120,110,121 90,80,88 92,81,90 116,106,119 105,94,105 41,40,41 93,84,94 
89,83,81 228,223,206 235,226,210 233,224,203 225,218,199 238,233,220 240,237,228 206,203,195 88,81,75 88,80,73 80,74,64 73,74,58 73,75,60 85,84,76 63,63,65 86,94,67 88,94,69 79,79,79 107,111,106 76,77,71 144,145,144 107,106,105 103,101,99 127,124,126 108,103,105 100,94,93 87,81,81 100,93,94 154,151,158 107,98,103 102,93,96 136,127,132 99,91,94 108,99,102 124,116,120 96,87,89 94,85,89 106,97,101 119,107,111 81,72,74 78,68,71 108,97,105 129,119,129 114,105,115 76,67,74 102,91,99 123,113,127 101,92,103 58,56,59 90,80,89 
88,81,79 227,220,199 228,220,203 228,218,197 234,227,210 239,236,227 240,237,228 206,203,195 95,89,85 90,87,80 80,78,69 74,79,62 69,71,53 82,82,71 68,71,59 75,77,63 74,77,59 88,95,69 66,68,55 76,76,68 104,104,101 86,85,84 136,134,135 119,116,118 98,95,98 104,99,100 91,85,84 92,86,87 102,94,97 102,94,97 103,93,96 93,85,88 94,84,86 102,94,97 142,135,140 84,78,80 95,86,88 101,90,93 82,75,77 85,77,79 89,80,85 107,99,103 114,105,110 36,35,36 39,39,39 53,57,61 113,114,103 75,77,61 42,42,42 81,72,81 
87,81,78 104,103,99 100,98,94 94,93,89 108,105,96 113,112,109 113,112,109 104,103,100 93,85,83 81,81,64 75,80,56 70,74,53 77,86,51 71,71,57 65,66,60 71,71,60 81,88,64 72,76,63 70,72,59 71,71,63 81,80,72 82,80,76 98,95,94 94,91,91 101,98,98 108,105,106 89,85,85 91,86,87 114,107,111 86,79,82 94,87,90 104,95,97 97,89,90 92,84,88 124,117,122 118,110,112 98,89,92 96,86,89 96,87,91 105,98,101 95,84,89 96,88,91 115,105,111 62,59,62 62,59,61 52,50,52 89,85,76 67,66,58 52,49,52 102,95,106 
86,80,78 64,64,64 66,66,66 39,39,39 30,30,30 30,30,30 30,30,30 38,37,37 101,95,89 87,89,60 80,79,56 70,68,47 80,88,54 61,59,51 73,78,54 77,84,55 87,97,64 76,82,68 86,88,77 96,96,88 97,94,86 80,78,74 81,79,76 77,76,74 77,75,74 87,83,84 96,92,94 96,91,92 108,100,104 111,107,113 115,108,112 97,91,94 95,88,90 95,88,90 171,168,175 101,94,95 129,122,125 103,99,102 89,86,88 90,87,89 66,62,63 69,65,68 85,82,85 90,86,91 70,65,68 56,53,55 61,57,59 71,66,70 67,63,66 59,56,60 
