29,33,26 22,24,21 26,29,24 26,30,24 31,36,28 36,43,27 26,29,22 27,31,24 31,35,28 30,36,24 30,39,21 58,70,21 47,58,21 49,58,25 50,62,31 123,123,112 217,216,218 222,221,227 219,219,225 218,216,223 218,215,222 217,214,222 208,205,214 202,199,207 206,204,210 216,214,220 223,222,226 236,237,239 85,93,99 69,76,61 96,106,74 60,68,59 54,61,45 47,53,37 51,58,39 31,32,31 26,29,27 19,20,22 19,20,22 21,20,24 23,22,27 22,22,24 35,38,36 31,32,35 21,21,23 30,28,32 16,16,18 24,24,25 23,24,24 27,26,27 
34,35,33 35,36,35 33,34,32 34,35,34 38,39,37 34,35,33 35,35,34 36,37,36 31,32,31 28,32,25 27,32,21 32,39,19 53,64,28 42,50,23 37,48,24 62,67,43 126,122,122 224,225,230 222,222,227 222,220,227 221,218,225 216,212,220 210,204,214 203,199,208 206,203,210 218,216,221 224,223,226 221,223,228 62,68,78 92,102,75 81,91,60 62,69,56 71,79,55 57,62,39 58,65,40 36,39,33 23,24,24 18,19,22 21,22,25 20,21,24 20,19,23 18,19,20 27,28,30 27,27,32 23,23,25 18,17,20 17,18,19 33,29,32 22,21,23 24,26,22 
42,43,42 71,71,70 88,89,87 91,93,89 84,84,83 93,94,93 79,80,79 92,93,92 68,68,68 22,24,21 22,24,20 31,38,24 33,38,24 42,53,23 39,47,23 50,58,30 117,117,109 228,229,234 224,222,228 223,219,226 220,215,222 218,213,220 211,206,214 207,201,208 207,203,210 212,209,215 222,220,224 165,168,184 84,91,107 86,97,69 73,81,58 66,75,53 67,74,47 58,62,46 61,68,48 46,49,46 31,30,26 19,20,22 22,24,24 22,24,25 17,18,20 18,18,21 16,17,20 40,33,42 44,39,42 40,35,39 19,18,21 23,22,25 19,20,21 22,22,22 
37,39,36 37,40,34 36,37,35 35,36,34 35,35,34 35,35,34 34,35,34 34,34,34 32,32,32 28,34,23 27,32,22 30,37,22 30,36,20 33,40,23 50,60,21 61,68,28 90,89,88 222,221,225 218,216,219 218,213,217 218,212,219 216,209,217 213,206,214 210,204,211 209,205,211 210,207,214 211,211,216 95,99,118 51,59,57 78,89,57 73,83,53 54,60,44 45,51,38 59,64,38 43,46,49 41,47,34 28,29,28 20,21,24 22,23,24 19,20,23 19,20,22 15,16,19 22,21,24 40,34,41 109,87,104 48,40,48 20,19,22 29,25,28 23,22,23 30,28,27 
36,38,34 56,59,52 61,64,60 59,61,58 57,58,56 31,32,31 32,33,31 31,32,31 31,31,30 30,36,24 31,42,22 33,43,20 38,50,21 29,34,23 43,50,22 47,54,23 101,103,94 226,225,227 215,211,215 214,208,212 213,207,212 213,205,213 212,205,213 212,206,214 211,208,214 212,210,217 210,210,217 83,85,119 43,47,53 62,72,54 61,69,49 45,50,44 40,46,34 24,28,29 29,32,36 33,38,33 22,23,26 26,28,26 23,25,23 21,22,23 19,20,22 16,17,19 26,24,29 19,19,21 79,64,81 24,22,25 20,20,23 34,28,33 24,21,24 33,30,35 
31,38,26 35,42,27 30,40,26 38,52,26 40,54,22 36,46,25 28,32,25 31,37,24 29,34,25 24,29,21 34,40,27 36,45,28 32,36,25 27,32,21 30,35,23 43,50,25 177,175,177 230,228,230 216,212,214 212,207,210 211,205,209 211,203,210 210,202,211 211,205,212 212,208,215 208,206,212 204,205,212 115,118,150 72,80,77 58,68,53 62,69,51 44,51,44 35,40,41 30,33,30 25,28,28 33,38,42 20,22,22 37,42,26 23,24,26 21,22,22 19,20,22 19,20,22 19,19,22 17,18,21 29,25,27 18,18,20 23,22,24 30,26,32 30,26,30 28,26,28 
25,31,22 28,36,25 30,38,26 38,52,24 38,50,25 36,47,25 44,55,30 30,36,24 34,44,23 26,31,21 31,40,23 36,40,32 37,41,31 36,44,23 32,39,23 37,42,22 68,75,47 202,200,198 217,215,217 211,206,210 209,204,209 209,204,208 209,203,210 211,205,212 210,207,214 205,203,209 201,202,209 106,113,121 62,70,62 55,65,49 60,71,52 55,62,44 26,30,30 24,26,29 27,30,32 24,27,28 39,44,26 40,43,31 25,27,27 20,21,23 22,26,25 27,30,33 19,20,22 19,20,22 21,20,22 18,19,21 28,24,29 25,24,27 33,30,33 26,25,27 
26,33,20 30,39,26 31,39,25 36,50,25 41,57,22 27,32,25 32,39,26 24,27,23 23,26,22 26,29,23 25,29,22 31,39,25 33,42,22 35,44,22 37,44,26 31,34,23 59,65,40 101,101,96 221,219,220 215,212,215 215,210,214 211,206,211 206,203,210 208,205,211 206,203,210 205,203,210 203,205,210 90,99,100 51,59,54 39,46,51 52,64,45 47,54,45 31,35,35 20,21,23 22,24,27 19,20,22 44,50,30 34,37,28 23,23,24 22,23,25 26,28,26 31,33,35 18,20,21 24,23,24 16,17,19 20,20,22 21,21,23 21,21,23 40,36,41 47,41,47 
33,46,26 28,37,19 28,35,28 25,31,24 31,39,25 31,38,27 28,33,25 26,30,24 26,30,24 24,26,23 22,24,21 29,35,25 27,33,23 35,44,23 41,49,25 26,30,22 39,46,27 109,110,100 233,232,232 224,222,225 223,218,224 216,211,216 207,205,212 208,205,212 210,208,214 208,207,213 207,208,214 76,86,83 44,54,46 45,55,45 52,63,46 45,54,47 35,39,34 25,28,27 20,21,24 28,29,30 35,38,32 31,34,29 21,22,23 31,34,27 34,37,34 24,25,29 20,21,23 19,20,22 17,18,20 20,21,22 22,23,25 24,24,26 41,36,42 48,40,45 
26,35,18 26,38,10 31,36,51 22,29,15 29,35,24 30,37,23 35,45,27 23,25,22 25,28,23 23,26,22 25,28,23 27,32,24 26,29,22 33,41,25 31,36,22 33,40,23 36,44,25 42,48,29 152,151,148 226,224,223 225,221,224 220,217,220 216,213,218 213,211,217 214,213,218 215,214,219 224,223,228 101,110,108 48,61,51 53,66,50 62,73,49 41,51,38 39,46,37 30,32,31 26,29,28 42,48,31 36,42,32 43,48,43 21,22,23 30,33,32 31,34,35 18,19,21 19,20,22 20,21,23 22,23,25 28,29,29 19,20,21 18,19,21 33,30,35 54,46,52 
21,26,16 34,42,28 28,34,30 32,39,22 32,42,22 26,32,19 28,33,25 20,22,19 25,27,24 27,32,23 30,37,25 25,29,23 25,28,22 33,39,25 34,38,22 27,30,22 44,52,25 39,46,30 116,117,109 219,219,217 216,215,216 218,217,220 220,219,222 220,218,222 223,222,225 226,225,228 232,231,234 82,94,83 31,37,34 34,39,34 51,62,42 46,58,43 31,38,30 29,35,30 24,26,24 35,39,36 22,24,24 22,23,25 21,23,25 31,34,36 24,26,25 22,23,23 21,23,23 21,24,24 19,20,22 19,20,21 22,23,25 24,24,27 24,23,26 24,23,24 
21,27,18 19,23,13 22,23,27 29,37,24 65,83,28 38,49,32 20,22,17 21,22,14 30,34,32 27,31,25 28,34,24 23,25,22 25,28,22 24,25,20 26,29,23 24,27,22 30,35,25 37,44,29 75,82,64 203,202,202 216,216,215 221,221,223 223,223,225 225,225,227 229,229,231 233,232,235 239,238,241 116,119,117 27,30,28 43,59,39 67,83,46 44,54,37 32,40,31 24,29,26 23,25,24 30,33,32 19,20,22 20,22,24 29,31,29 38,41,47 33,38,32 24,25,23 27,28,27 23,25,25 20,20,22 17,18,20 17,18,20 19,20,22 27,26,30 29,28,31 
62,66,112 33,39,45 24,29,18 22,26,18 47,59,50 29,36,25 22,24,23 26,31,26 40,46,49 23,25,23 31,38,28 23,26,21 23,26,20 25,27,21 26,29,23 26,31,24 32,37,27 37,44,29 58,64,51 205,205,204 220,220,219 227,227,228 229,229,231 229,229,231 233,234,236 239,239,241 241,240,243 129,135,125 42,57,37 45,60,41 55,74,41 49,64,42 33,42,30 24,26,23 30,36,22 25,28,26 26,30,28 27,30,26 45,48,37 30,32,32 31,33,30 25,25,24 26,31,27 22,24,23 18,19,21 19,20,21 16,17,19 20,21,23 31,29,31 45,39,47 
23,26,18 39,48,56 29,35,31 22,29,16 27,36,25 48,58,53 20,22,21 25,30,32 45,48,57 28,29,37 36,46,39 19,21,16 20,22,17 23,25,20 25,28,22 28,32,25 37,44,29 32,38,30 47,54,46 192,195,193 228,228,227 186,193,190 134,151,139 235,235,236 240,240,241 243,243,245 244,243,246 116,120,108 60,83,41 51,68,46 48,67,37 56,77,45 39,51,36 40,45,35 34,40,30 25,29,24 25,27,29 24,27,28 38,40,33 30,30,30 23,24,24 28,32,29 29,33,30 23,25,24 20,20,21 19,19,21 19,19,21 18,18,20 20,19,19 26,25,25 
22,28,14 26,29,18 27,34,22 30,38,26 29,36,29 54,64,79 31,36,41 20,25,17 26,30,26 22,23,20 23,28,22 24,29,22 24,26,21 21,22,18 23,25,20 25,29,23 36,42,30 39,47,34 62,70,61 214,219,216 160,176,165 133,152,129 76,103,65 236,237,236 229,228,232 197,192,200 197,191,197 126,135,110 66,89,47 47,64,38 58,78,48 52,70,47 48,64,37 38,47,33 23,26,24 31,37,32 38,41,36 21,21,23 26,28,26 27,28,26 34,40,38 23,26,24 27,29,28 19,20,21 19,19,22 19,19,20 20,21,20 22,22,23 16,15,17 19,18,18 
22,28,15 26,32,21 25,30,24 38,48,40 31,40,35 40,46,49 35,42,39 20,23,18 29,30,30 26,29,24 22,26,19 21,24,17 20,21,16 22,24,18 26,30,20 24,27,21 29,35,28 36,44,33 51,63,48 150,161,157 69,96,70 62,89,51 74,103,60 174,176,174 177,166,177 177,165,176 143,130,138 116,125,103 56,75,49 45,60,36 57,77,44 46,62,43 50,66,38 33,39,31 22,24,24 38,44,43 32,35,35 24,24,26 36,33,35 40,46,33 44,48,37 23,27,25 21,22,22 19,19,21 16,16,18 16,17,19 19,20,20 22,22,21 19,18,18 16,15,15 
22,23,24 23,27,17 21,25,18 21,23,18 26,30,24 27,32,22 42,49,48 27,29,38 25,24,24 38,44,44 22,28,22 24,26,21 23,25,25 26,28,20 25,29,16 24,25,20 31,38,29 32,42,28 51,66,48 72,97,77 76,95,71 68,95,56 73,98,69 117,132,105 173,164,177 177,166,177 175,163,172 129,133,121 52,72,43 46,62,38 53,71,46 51,66,40 50,65,40 30,34,31 30,33,28 39,43,35 24,26,25 21,23,22 25,24,26 32,35,30 41,43,38 30,30,32 20,21,23 16,16,18 15,14,16 18,18,19 20,21,18 20,21,19 22,23,22 17,17,17 
46,51,76 22,27,18 29,39,29 35,47,22 29,35,18 24,31,21 30,34,31 35,39,27 16,16,15 18,20,14 17,20,17 25,29,25 30,34,37 28,33,27 21,27,14 22,24,19 26,33,20 31,42,26 55,77,42 58,85,60 77,99,56 65,88,52 68,93,64 87,100,74 156,147,154 150,139,146 139,127,133 108,113,96 50,68,45 35,45,32 66,84,47 48,62,42 52,67,48 29,32,29 25,25,27 26,26,25 24,24,24 27,29,29 25,27,25 26,26,25 26,26,25 31,32,33 22,22,24 17,16,19 16,16,18 19,19,19 20,20,18 19,21,18 19,21,19 19,20,18 
27,30,25 35,38,42 28,35,30 26,35,18 33,43,19 26,27,21 25,29,20 30,34,22 16,16,13 18,21,15 17,17,15 33,35,28 28,31,26 26,30,22 24,27,21 26,29,18 29,36,18 34,46,21 48,63,35 58,83,53 85,97,78 65,85,55 55,77,51 76,83,61 80,75,72 70,60,60 93,80,85 74,88,59 56,75,46 57,75,47 57,74,46 37,47,38 50,64,45 33,40,28 26,29,26 23,23,25 31,36,34 36,47,37 29,35,27 25,25,24 25,26,26 26,26,27 49,48,54 36,35,40 17,17,17 20,21,19 21,24,19 21,23,20 20,22,20 22,24,22 
32,38,18 27,34,15 24,28,18 25,35,18 30,37,17 42,48,23 26,30,19 26,27,16 17,16,14 15,14,14 23,25,17 34,37,25 30,33,22 25,28,21 33,37,28 23,24,18 28,35,24 36,48,27 38,53,28 66,88,54 90,103,85 72,76,68 66,87,66 74,79,61 106,106,94 90,81,84 121,117,112 73,95,62 47,63,43 48,63,44 50,68,47 32,39,31 30,35,28 41,53,34 29,39,31 29,29,33 38,55,37 34,47,31 30,35,31 22,22,23 38,39,44 39,38,42 44,42,49 93,91,107 17,18,17 18,19,17 20,22,18 24,27,24 27,29,27 25,28,25 
40,46,23 32,38,21 31,36,19 33,38,20 32,39,20 48,59,23 34,37,22 23,23,18 36,39,31 43,47,33 19,20,15 24,26,17 24,28,19 27,32,22 28,30,20 27,31,19 23,26,17 35,45,31 39,52,29 52,71,45 81,101,73 63,79,59 74,89,62 90,93,71 108,100,93 112,101,108 134,130,128 73,95,58 47,61,41 56,73,48 46,61,41 25,30,25 22,24,23 27,31,28 34,50,30 18,19,19 37,52,39 19,18,18 18,18,17 16,15,16 18,19,17 42,42,49 57,56,69 105,101,118 17,18,17 18,19,17 19,21,18 19,21,19 23,24,23 27,29,27 
29,36,17 31,37,19 41,50,24 41,50,20 42,52,28 68,82,43 48,56,27 21,21,18 27,29,20 38,43,26 23,26,17 33,36,22 23,25,19 26,30,17 28,31,20 27,29,20 28,31,19 31,41,24 83,94,89 46,63,43 79,97,65 75,82,63 54,68,49 76,80,62 115,106,101 135,123,133 134,132,127 52,68,42 53,70,45 25,31,24 33,40,28 24,27,24 22,22,23 25,29,24 26,31,26 19,19,20 18,19,17 18,18,17 18,18,17 17,16,16 24,24,24 103,103,123 103,104,119 71,71,84 18,20,19 19,21,18 18,20,17 21,22,21 22,24,22 23,26,22 
42,50,35 62,68,56 62,73,58 52,62,47 52,63,38 59,71,43 56,66,38 16,15,15 37,40,29 38,43,25 34,40,24 38,45,25 22,24,17 34,39,22 39,44,24 26,28,18 33,38,24 44,55,31 59,77,47 47,63,44 51,69,45 51,64,45 63,75,52 76,83,63 123,110,120 136,123,135 158,146,156 78,77,68 50,65,41 36,46,36 32,39,30 28,33,25 27,31,25 23,26,23 29,29,30 20,19,20 22,22,20 20,21,18 24,24,23 24,24,24 56,54,63 101,100,120 112,107,120 71,70,78 21,22,21 21,22,20 20,22,21 29,31,32 20,21,19 22,24,21 
121,121,137 150,147,166 80,82,96 66,72,75 63,67,74 60,67,63 80,83,83 22,20,22 74,73,72 44,43,40 68,68,71 106,96,105 90,83,90 84,81,75 71,70,62 39,38,33 49,47,52 93,95,105 104,106,105 121,119,124 91,84,90 78,76,69 103,108,71 78,82,68 123,111,120 109,100,111 154,141,153 95,97,91 49,61,42 36,42,33 34,36,32 30,32,28 42,45,45 36,35,36 59,58,66 53,52,58 32,32,33 64,62,70 97,98,108 33,30,29 126,121,138 153,151,173 106,99,109 58,58,65 15,15,16 19,19,20 32,32,33 68,69,82 83,82,89 55,53,54 
124,126,133 153,156,156 142,138,153 157,152,165 111,108,121 115,110,130 145,137,154 95,89,100 76,75,67 51,49,53 120,113,131 137,127,144 120,110,126 90,84,95 114,105,113 64,58,60 68,68,73 116,124,114 101,105,102 122,124,121 80,78,75 77,73,67 109,104,82 100,94,91 127,113,121 131,121,131 152,136,147 140,134,143 131,123,125 123,115,120 89,82,85 58,54,59 120,122,140 95,86,90 185,179,195 70,67,72 113,105,118 148,143,160 135,131,146 62,53,58 157,154,173 158,156,178 110,103,115 86,83,95 15,15,17 20,20,22 33,33,34 70,71,82 106,100,111 81,73,78 
148,158,117 148,157,116 146,156,113 145,154,113 105,114,88 115,120,93 132,141,103 99,106,77 39,44,31 28,31,24 112,117,94 111,116,85 115,119,89 47,45,42 133,129,123 52,46,49 115,111,127 140,135,147 121,119,124 102,100,98 84,81,76 71,70,61 88,82,73 87,83,73 85,88,68 120,113,111 144,129,137 169,155,166 175,162,171 142,134,147 101,92,98 60,58,57 146,141,146 113,107,110 173,167,182 29,26,29 128,118,130 139,132,145 143,138,151 117,109,122 155,153,172 155,151,171 103,96,107 84,81,91 18,18,20 25,23,25 34,33,35 71,70,81 101,95,106 82,73,79 
163,170,125 152,162,117 147,155,114 143,150,114 105,111,88 128,138,104 124,139,101 110,125,88 36,39,32 31,33,28 145,152,86 136,144,64 112,118,42 53,57,38 96,112,73 38,36,34 101,103,99 112,117,102 142,141,151 172,168,188 177,173,189 163,156,170 142,132,143 118,107,119 129,117,130 140,128,141 147,137,152 148,142,158 145,143,160 142,144,163 118,116,126 85,84,88 163,154,162 133,128,137 160,152,163 22,20,23 125,114,122 133,125,137 136,129,144 142,138,158 101,105,122 91,91,103 106,107,122 96,94,105 27,25,27 47,42,45 35,34,36 72,71,82 105,99,108 88,80,86 
137,151,103 134,147,102 133,145,102 132,143,101 130,140,101 132,144,99 134,148,101 138,152,105 17,17,17 32,36,29 97,116,52 60,70,23 46,52,26 40,45,34 84,104,61 62,54,54 76,81,62 89,89,90 97,97,101 125,123,136 166,162,181 176,173,193 181,177,196 183,177,195 167,163,179 164,157,174 165,156,173 167,157,174 169,161,178 154,146,163 151,145,160 104,103,112 154,157,173 142,145,165 149,153,163 25,24,22 110,100,106 128,119,124 152,146,159 157,152,168 129,126,143 80,77,85 93,96,107 85,83,91 35,33,36 59,52,56 34,33,36 64,62,71 78,73,78 76,71,74 
157,166,115 156,165,112 157,164,115 154,162,114 153,161,112 150,160,109 133,148,96 117,136,81 18,18,17 23,26,20 92,113,57 94,113,61 89,107,60 48,54,38 83,100,55 63,47,44 74,73,61 76,74,83 90,88,88 97,93,99 140,132,148 144,136,155 154,147,166 160,153,171 167,162,181 153,148,165 144,139,155 142,135,150 131,120,132 84,82,75 78,84,60 79,77,71 80,84,72 75,84,69 87,106,70 27,28,24 69,79,65 92,108,56 103,112,71 134,130,129 128,121,130 82,77,81 81,75,80 81,79,87 41,39,41 74,67,71 36,35,39 72,69,81 96,93,101 85,80,87 
155,166,115 153,162,111 152,161,107 149,159,106 141,155,104 134,150,98 126,142,94 132,143,93 27,26,23 54,61,41 109,127,75 96,112,68 84,102,58 57,59,39 69,72,40 73,64,57 84,80,84 91,87,96 93,90,96 98,96,108 125,118,135 148,144,165 159,155,175 159,156,175 159,156,176 148,143,161 127,122,136 116,112,124 109,105,112 106,97,95 57,51,38 57,45,39 49,54,40 55,61,43 74,84,58 40,40,34 68,84,55 71,97,56 68,83,32 75,88,50 88,97,79 74,76,64 77,72,79 76,75,82 48,44,47 88,80,84 45,37,39 81,74,84 104,96,104 101,94,101 
150,162,104 147,160,104 147,158,102 142,151,101 137,151,97 130,144,93 129,142,88 132,145,93 24,23,23 67,77,51 96,115,69 79,97,55 68,79,48 54,45,41 66,56,51 77,68,69 82,77,90 79,76,82 87,85,95 98,96,109 129,123,140 139,136,156 147,144,162 148,146,164 147,144,164 143,140,159 137,134,150 114,109,120 102,97,104 94,92,98 92,82,87 78,58,58 48,44,35 47,49,33 59,53,50 51,41,39 68,66,56 75,81,60 71,81,55 67,78,50 72,91,55 80,93,69 97,94,97 58,56,60 41,41,35 74,70,55 54,36,35 95,76,86 92,88,92 94,87,91 
147,159,101 146,158,99 145,156,98 145,151,100 132,146,89 125,143,83 117,137,81 104,123,78 15,15,17 68,77,50 85,100,54 85,95,47 81,77,62 64,53,52 84,77,73 80,75,87 87,82,88 87,85,89 87,86,95 104,101,114 120,117,139 131,127,147 133,130,150 128,126,143 135,133,151 141,138,157 137,135,152 132,129,144 120,117,127 102,97,103 99,94,99 93,90,101 81,67,63 53,47,38 54,46,42 51,39,33 52,42,39 56,51,42 61,59,48 67,67,53 72,75,56 74,81,56 77,88,62 40,48,47 24,27,20 46,40,26 63,29,28 93,50,49 82,75,77 84,72,72 
143,157,93 140,154,91 133,148,87 121,143,80 121,142,86 110,132,77 100,122,74 84,94,65 18,17,18 65,77,48 81,87,49 74,73,48 84,76,63 80,71,68 78,72,83 76,70,79 78,76,82 82,82,89 87,89,100 112,108,123 124,121,145 126,125,149 122,120,142 122,120,138 138,134,151 160,158,171 160,158,169 157,155,164 146,142,151 115,110,117 106,98,103 103,98,103 91,89,95 87,76,76 78,61,59 53,46,38 47,40,35 38,31,30 40,34,33 49,43,39 56,51,43 58,57,43 59,66,43 31,32,27 32,38,27 43,38,33 64,35,34 91,55,52 74,83,60 73,78,60 
136,153,87 128,147,83 122,144,80 115,138,78 106,128,79 101,123,76 95,102,73 67,56,51 27,22,22 63,63,52 81,75,57 65,60,49 66,61,57 63,58,73 72,65,74 71,69,78 72,72,81 82,81,89 94,92,100 114,110,127 127,123,144 125,122,144 120,118,138 120,118,136 160,159,169 134,133,141 125,124,130 118,117,122 165,163,171 137,134,139 100,99,106 91,87,92 89,86,91 92,87,90 99,92,94 84,67,64 61,48,43 49,43,37 46,41,35 46,39,36 45,39,35 53,48,43 57,53,48 66,62,61 40,38,33 52,45,46 73,60,61 96,83,88 68,77,53 72,76,51 
121,143,75 115,137,76 107,131,73 101,120,72 94,107,68 85,92,62 58,57,42 53,41,34 22,17,18 73,61,60 86,71,71 84,76,74 74,70,85 75,68,82 74,68,77 78,75,84 79,77,87 85,83,93 107,100,111 126,121,139 125,121,142 121,118,138 115,111,132 117,116,133 142,141,152 159,158,167 159,158,167 147,145,152 159,158,165 141,138,148 110,105,111 97,93,102 88,86,90 84,82,87 85,78,81 96,97,103 82,66,63 72,59,48 56,66,33 53,47,35 44,38,34 48,43,38 55,43,39 70,56,54 56,50,45 39,37,34 36,33,31 62,56,56 66,72,52 75,83,57 
112,133,78 105,120,75 101,110,75 73,69,56 81,82,64 76,68,59 78,69,75 65,54,54 27,22,22 54,44,49 72,63,67 83,78,92 68,62,75 74,67,75 70,67,78 77,73,81 82,80,90 89,89,100 121,118,133 124,118,136 135,131,150 125,121,141 114,111,129 114,113,130 120,119,136 127,126,141 138,136,150 138,136,149 121,118,132 117,114,126 130,125,134 93,90,97 88,87,93 78,77,81 72,71,73 75,73,74 89,91,101 86,72,73 72,53,44 54,47,39 59,47,44 55,45,41 60,39,35 56,25,26 52,43,40 57,50,46 59,54,46 56,53,45 54,58,42 56,66,40 
103,117,72 90,86,62 77,69,57 79,73,64 86,76,74 90,77,79 78,69,71 62,49,52 40,32,34 67,56,60 81,76,89 67,64,75 70,63,74 66,64,73 68,64,75 76,73,83 84,83,93 93,90,100 125,120,136 130,124,144 135,131,150 126,121,140 119,115,133 112,110,125 116,113,130 120,117,133 125,123,137 124,122,138 129,128,144 130,128,143 125,122,133 111,107,117 89,88,94 86,88,92 75,75,80 74,72,75 81,73,74 91,92,103 81,73,75 82,59,58 61,45,41 52,44,37 63,54,53 55,37,35 45,36,33 49,42,39 53,46,43 61,54,47 63,57,52 60,57,49 
93,94,65 87,82,50 99,101,58 96,92,64 90,81,77 84,68,72 84,70,79 85,68,74 74,62,70 77,72,86 65,61,74 70,67,74 65,62,74 71,67,78 74,69,82 85,81,93 86,82,94 102,96,108 114,110,126 138,133,152 137,132,151 125,121,139 112,108,125 113,108,123 116,113,129 120,117,133 122,119,133 118,116,131 120,119,133 121,118,131 125,124,138 134,132,145 108,104,106 102,100,107 88,88,94 84,84,89 86,81,85 84,76,75 92,93,101 84,81,84 92,71,69 69,54,51 67,58,53 48,42,37 45,38,35 50,42,40 40,35,32 58,47,43 58,51,48 62,55,51 
109,120,46 93,101,44 82,88,38 76,70,50 83,68,74 74,60,68 74,62,69 81,70,82 87,81,99 69,66,79 74,68,76 73,67,82 69,62,79 71,65,78 83,75,89 85,76,90 87,81,93 105,100,116 126,120,138 130,126,145 137,132,152 136,133,152 123,118,134 122,117,133 128,125,141 126,123,139 122,121,135 114,113,127 136,134,145 122,120,134 113,114,125 138,138,152 136,132,141 103,98,98 84,85,92 82,81,87 81,77,78 77,74,77 77,73,71 88,90,98 93,89,94 92,76,74 90,66,65 56,43,38 68,55,50 48,41,37 45,40,38 54,41,38 49,41,36 49,43,38 
88,93,39 72,69,42 63,62,38 66,57,49 70,55,60 71,57,62 75,71,69 84,79,97 62,57,73 76,70,81 70,66,77 73,68,79 72,69,78 74,70,81 80,77,88 84,81,93 87,82,94 101,96,113 120,114,131 123,119,139 123,117,134 130,124,143 119,116,134 124,120,136 128,124,140 126,124,140 111,111,124 116,113,128 124,120,133 134,132,143 120,121,130 150,150,161 150,147,160 114,108,109 98,94,96 87,89,92 83,81,85 79,78,79 77,74,75 75,71,70 89,90,97 87,88,96 90,76,75 88,63,61 59,47,42 48,40,37 54,45,38 48,42,36 60,45,44 54,49,39 
74,75,41 53,47,34 42,37,29 48,41,38 59,48,53 69,62,70 84,84,106 58,53,68 77,68,80 75,70,83 76,73,85 79,76,88 73,70,83 72,70,80 75,74,87 82,80,91 96,91,105 114,106,122 134,128,147 130,124,142 135,127,147 133,126,145 126,122,140 128,125,142 132,129,147 125,122,138 117,117,131 115,113,127 129,126,140 142,141,151 141,141,150 112,113,124 118,117,128 144,142,154 105,100,100 86,84,89 85,84,91 82,81,85 78,78,80 76,74,74 79,75,76 94,95,104 85,89,101 82,71,73 87,62,62 71,54,52 60,50,44 58,61,42 53,62,34 58,74,27 
62,59,37 45,39,33 43,35,34 53,44,43 76,69,70 85,81,103 55,51,62 69,57,69 73,66,77 77,72,85 77,73,84 75,72,84 82,80,91 77,75,86 79,79,92 87,85,98 105,97,114 121,111,128 141,135,155 141,136,157 138,133,153 131,125,144 120,116,134 126,123,141 131,126,144 134,130,147 127,125,140 130,127,141 146,144,154 133,132,145 124,123,135 147,147,158 120,120,133 130,128,141 129,125,132 91,87,91 87,88,96 84,83,90 75,75,79 76,73,75 76,73,72 71,66,65 88,88,93 83,87,101 78,72,76 88,67,66 83,57,54 61,52,38 43,42,39 52,63,33 
59,51,44 69,63,58 75,68,62 75,68,66 72,67,71 68,63,70 92,80,86 74,66,75 75,71,84 82,77,91 82,78,91 79,78,92 79,78,92 84,82,99 86,84,98 101,94,107 109,103,122 131,126,145 138,134,155 134,126,144 138,133,153 130,125,144 131,127,146 130,126,144 126,122,139 130,126,142 136,134,150 125,123,137 114,112,125 127,125,139 132,130,146 134,133,147 143,142,152 126,126,139 147,145,159 110,100,104 90,89,92 92,92,98 79,77,85 76,75,82 79,79,83 69,70,70 81,76,74 83,81,84 83,86,99 84,82,90 89,68,69 92,63,61 89,68,68 54,60,36 
68,68,51 237,233,225 236,233,225 238,234,227 234,214,205 235,215,207 237,233,225 204,200,196 80,76,91 81,76,90 79,75,87 76,73,86 79,77,89 88,85,99 94,91,102 108,100,113 135,128,148 146,144,167 131,126,145 131,124,143 135,131,150 142,139,159 131,128,147 128,125,142 128,125,142 129,126,142 132,130,147 126,124,140 113,110,124 126,125,138 129,128,143 132,131,148 117,117,130 119,118,128 139,138,152 140,135,147 98,92,92 109,105,115 96,90,98 97,93,94 97,94,95 85,83,88 97,89,92 82,75,73 73,71,71 86,91,105 86,86,94 85,73,72 57,48,47 73,58,47 
69,71,53 237,234,225 236,233,225 235,230,215 215,161,122 226,179,169 230,217,210 195,182,179 80,75,87 79,73,88 82,79,92 82,78,92 87,83,98 84,81,94 111,104,118 110,102,119 144,139,161 147,145,169 137,133,155 141,137,159 143,141,160 138,136,154 143,141,161 131,128,146 119,114,129 136,136,147 134,132,149 134,133,148 124,123,139 124,123,139 127,126,141 130,130,147 127,127,142 113,113,125 131,131,143 151,148,162 120,111,120 102,96,101 104,99,108 99,97,106 95,88,94 93,91,93 79,78,82 79,75,78 85,73,73 89,87,89 84,90,105 91,91,101 53,52,53 96,71,72 
89,84,89 236,233,225 239,236,228 228,222,208 197,176,155 214,173,161 207,165,159 178,143,142 86,80,89 81,76,88 87,84,97 91,87,103 90,86,100 83,80,92 103,95,111 120,115,135 147,143,166 146,144,165 142,140,160 144,142,164 142,140,159 142,139,158 143,140,159 126,123,140 124,120,135 128,127,144 128,126,141 131,128,145 122,121,137 129,129,145 120,120,135 130,130,146 133,133,148 128,129,146 134,134,150 135,134,148 150,146,160 109,100,102 106,106,116 94,92,96 103,100,99 94,94,103 92,92,98 85,82,84 82,73,72 83,76,69 85,83,83 88,93,105 44,45,47 81,74,75 
93,88,107 234,231,223 236,231,218 232,225,207 224,216,192 227,211,195 224,201,184 191,172,163 77,76,88 84,80,93 82,81,94 93,90,104 88,84,99 105,98,111 104,97,115 145,139,162 148,144,169 137,133,154 142,139,160 145,142,164 145,143,162 142,138,157 143,140,157 132,128,143 120,118,133 127,126,142 132,130,147 128,125,143 123,121,137 124,124,138 118,118,130 126,123,135 130,131,148 129,129,145 128,128,144 133,133,149 143,140,155 127,122,134 105,101,99 96,94,98 95,94,101 96,94,101 102,101,105 96,94,95 87,85,87 83,78,77 84,73,71 89,88,88 54,55,58 91,95,101 
56,50,59 237,234,226 235,228,211 232,223,198 223,225,201 231,225,209 233,225,208 198,192,180 92,88,102 94,92,106 96,91,102 90,85,100 82,78,92 125,116,133 124,120,141 139,134,157 146,142,163 134,129,149 146,143,164 149,146,166 145,142,161 140,135,153 137,132,149 128,125,139 118,116,128 131,129,141 131,128,146 112,108,126 125,124,141 122,122,137 118,118,133 132,131,146 135,135,152 132,133,150 125,126,142 131,132,148 130,129,145 153,150,164 111,105,110 104,103,109 100,100,109 120,121,127 120,119,125 36,35,36 39,39,39 53,57,61 113,114,103 75,78,61 42,42,42 93,97,106 
97,87,102 115,113,110 113,110,100 111,108,100 110,109,103 111,108,101 112,107,100 100,95,88 84,75,90 84,73,89 101,84,104 94,86,102 103,99,116 105,98,115 138,132,153 142,138,162 139,135,157 134,129,149 145,143,163 145,141,160 137,135,154 141,138,156 146,142,161 131,127,142 130,128,140 141,139,152 143,139,146 129,127,142 127,128,146 125,125,142 112,110,126 128,128,145 127,126,142 111,108,121 127,127,144 129,130,143 130,129,144 149,146,158 141,139,152 106,102,102 108,107,114 110,111,117 108,108,114 53,54,56 50,51,55 55,56,59 86,85,74 67,68,57 51,47,48 93,91,86 
78,66,76 64,64,64 66,66,66 39,39,39 30,30,30 30,30,30 30,30,30 37,35,37 94,80,97 97,80,98 88,72,89 88,84,96 135,126,148 111,105,124 148,143,166 147,141,163 143,140,159 148,144,165 141,136,153 135,131,149 141,138,156 140,135,153 137,133,152 122,117,133 125,123,140 136,133,151 137,135,149 131,131,146 128,128,146 108,108,122 88,88,96 87,87,94 88,88,94 90,89,95 91,90,98 90,90,98 90,90,97 83,82,88 99,98,104 81,79,82 80,80,84 64,65,70 75,74,78 71,71,75 69,70,73 57,57,58 59,59,60 72,72,72 67,64,65 55,53,49 
