25,26,20 47,49,36 41,44,33 37,42,29 42,50,27 39,44,29 46,55,24 39,44,32 22,24,19 18,20,16 47,54,43 29,38,23 45,58,25 67,76,54 30,36,21 37,40,32 55,61,47 66,72,52 55,57,39 61,61,56 49,47,41 49,46,38 58,55,54 40,38,30 47,44,38 59,50,43 84,80,62 82,82,84 82,81,74 198,199,206 218,219,222 205,206,213 226,227,225 223,224,222 217,219,217 209,211,211 201,202,204 193,196,199 191,193,198 189,194,198 187,191,196 187,190,195 189,192,197 192,195,199 196,199,203 194,197,199 137,138,113 91,95,47 84,89,49 82,87,57 
34,34,32 35,36,34 35,36,32 37,37,35 41,42,38 35,37,33 37,38,34 38,40,37 32,33,31 25,31,21 30,37,25 23,26,19 38,49,22 86,94,75 30,37,20 27,29,21 54,63,37 67,77,54 80,81,83 59,58,51 46,43,38 43,41,36 53,52,44 43,42,32 47,48,35 60,55,47 79,76,58 99,100,111 64,67,62 175,178,176 214,215,218 223,224,225 226,226,226 224,225,223 217,219,216 208,209,210 197,201,202 190,194,196 188,191,195 186,189,194 187,190,195 188,192,196 191,194,198 195,199,202 199,203,207 166,170,161 90,94,50 77,80,36 70,73,43 72,73,41 
44,44,42 71,71,70 89,89,87 94,95,90 85,86,84 92,92,92 81,81,80 93,94,93 69,69,68 31,38,23 28,35,26 33,39,26 32,40,21 59,69,43 41,46,34 34,37,28 43,51,30 43,52,25 93,94,95 60,58,54 31,29,26 34,34,26 85,82,86 55,53,50 40,36,28 53,51,38 68,69,50 70,76,64 69,75,63 91,101,68 176,178,173 227,227,228 230,230,229 225,226,224 217,219,216 206,209,209 194,198,199 186,190,193 185,188,193 185,190,194 188,191,196 190,194,197 193,197,200 197,202,205 202,208,212 147,152,139 74,78,42 73,73,40 69,70,39 72,72,50 
39,40,38 37,37,35 37,38,35 39,41,36 36,37,35 34,34,34 35,35,35 36,36,34 35,37,32 25,32,22 24,30,22 36,41,32 45,52,39 34,47,18 44,49,39 35,42,26 79,85,72 84,90,79 74,74,73 48,47,45 35,34,29 43,42,37 87,86,90 44,42,37 43,38,29 52,48,45 60,63,39 71,77,56 66,74,48 72,81,38 150,152,150 208,209,211 164,168,158 222,223,222 217,219,216 205,207,208 193,197,198 186,190,193 184,189,193 187,193,196 177,184,183 193,197,200 197,201,204 199,206,210 184,190,184 162,167,162 93,96,76 69,72,40 72,71,40 73,77,55 
36,37,34 58,60,55 64,65,62 62,63,60 60,61,56 31,31,31 31,31,31 31,31,31 33,35,31 20,23,18 21,24,19 34,41,32 46,52,43 32,42,23 69,76,68 55,63,52 87,94,81 148,152,155 82,81,88 73,71,90 42,42,43 46,45,40 60,60,46 54,55,44 47,47,27 47,47,34 56,59,43 50,57,32 56,67,31 96,108,43 98,106,81 89,96,69 110,115,107 205,207,209 217,219,216 204,207,207 180,185,184 187,192,195 185,192,195 149,155,148 132,139,127 179,184,183 195,201,203 205,213,215 117,124,101 77,80,60 84,88,66 81,84,41 79,84,46 63,69,42 
37,43,29 41,46,29 36,40,26 44,54,38 36,42,26 39,43,29 26,28,24 22,24,21 28,33,23 19,22,18 30,34,32 40,47,31 44,50,42 66,77,67 85,95,88 123,128,130 74,82,70 93,101,90 136,136,146 151,152,162 52,51,49 60,59,58 62,61,49 41,42,25 48,54,25 52,48,36 58,63,42 68,72,55 50,58,29 85,96,37 96,105,45 81,89,55 138,144,137 155,158,169 209,212,210 184,187,183 147,155,147 190,198,200 176,185,184 105,115,99 83,93,66 149,156,145 174,181,177 166,172,161 83,88,67 70,75,56 71,75,44 85,89,42 81,84,55 75,79,47 
33,38,28 35,40,28 30,31,23 34,41,30 34,40,27 30,34,26 27,30,22 24,29,22 24,27,24 29,31,27 21,25,22 68,79,58 67,77,69 94,103,101 146,157,156 182,184,189 88,95,85 86,95,83 97,100,98 89,91,85 41,41,28 47,47,42 46,45,35 45,43,32 39,43,23 51,48,37 58,67,31 54,61,34 50,57,26 61,72,29 71,81,37 71,81,43 74,85,49 203,205,205 217,219,215 137,144,136 103,114,102 161,171,164 141,151,139 79,89,71 70,82,59 122,130,119 141,147,138 124,130,109 74,78,54 68,70,47 75,79,45 81,86,50 70,72,49 66,72,47 
40,44,36 31,36,24 29,33,27 22,24,20 25,28,21 26,29,24 20,24,19 21,24,17 23,26,20 20,23,21 21,24,22 123,131,130 159,168,169 152,159,160 107,117,109 142,148,146 145,149,148 86,93,70 59,64,46 50,53,40 41,41,31 48,47,41 34,34,28 54,52,49 38,40,23 50,53,33 55,62,32 43,48,26 61,69,33 62,71,30 68,77,35 60,70,37 74,85,51 131,141,123 176,182,181 109,119,113 102,113,103 80,95,54 76,89,57 44,55,35 55,66,47 128,134,130 102,110,89 75,80,48 82,84,58 79,80,58 82,84,54 73,76,43 76,82,50 54,57,41 
73,80,81 50,53,52 29,32,26 21,24,21 17,19,18 24,25,23 30,34,31 29,33,24 21,26,18 18,20,16 28,32,29 61,71,66 92,101,94 101,108,101 45,57,29 76,86,67 139,143,143 70,74,61 47,52,42 47,49,47 41,43,34 59,59,41 61,63,47 49,50,34 39,43,26 48,54,31 47,55,27 48,54,27 61,68,31 77,88,36 60,69,31 62,71,37 84,94,66 86,100,65 104,119,97 70,80,69 60,70,57 53,68,36 53,66,41 81,89,81 84,92,84 124,131,121 121,127,109 76,80,54 52,54,40 74,80,48 81,84,57 70,74,44 73,76,51 80,81,72 
48,55,46 115,120,124 53,55,51 27,29,26 29,31,33 28,33,25 34,39,32 24,29,19 25,30,23 20,23,19 19,20,18 109,116,113 90,96,90 36,43,29 35,49,19 45,59,31 171,173,174 70,73,70 36,38,31 42,45,42 37,37,38 55,58,46 71,73,49 51,54,37 42,45,29 41,42,27 35,41,23 43,49,25 53,63,31 63,74,32 66,75,37 67,75,44 75,85,61 83,94,83 69,85,56 69,82,59 63,73,62 39,52,31 46,55,41 80,88,79 86,94,87 151,157,153 123,127,100 74,79,49 87,92,72 84,88,54 83,84,53 59,62,42 75,80,66 91,91,74 
43,49,33 74,76,74 30,34,26 22,24,22 66,72,76 76,85,71 26,31,23 22,25,20 33,39,30 20,22,19 21,23,20 36,40,34 47,55,43 24,31,19 47,57,42 30,43,21 89,96,88 79,86,83 34,38,31 45,49,48 51,53,54 53,56,48 50,52,43 48,51,44 40,43,32 34,36,27 31,37,20 41,49,23 44,51,23 51,60,28 79,90,40 76,84,68 75,88,52 77,88,63 85,98,72 70,82,61 48,56,47 43,52,36 47,57,46 107,115,108 107,116,107 127,136,119 106,116,76 91,97,61 102,109,84 82,91,62 72,73,43 73,80,53 88,92,65 68,71,40 
37,45,29 29,32,27 26,30,24 26,29,23 52,56,54 126,134,126 34,39,33 28,32,25 30,37,26 22,26,20 22,27,18 64,74,69 88,99,93 67,75,69 68,78,72 42,53,39 56,67,52 43,49,40 42,49,38 46,51,45 73,79,74 54,57,43 39,41,35 41,43,33 50,52,42 58,58,42 33,39,22 34,41,18 37,43,25 45,53,26 58,69,40 56,66,43 67,80,49 74,88,54 74,90,52 66,80,57 51,60,51 58,74,38 76,87,66 124,129,125 106,114,100 45,56,35 70,84,38 72,79,41 68,77,41 73,77,49 66,69,43 70,75,52 65,67,46 52,58,44 
31,38,27 29,35,26 25,30,25 28,31,26 25,29,24 69,75,64 49,52,44 27,32,24 28,36,25 23,30,21 41,50,38 80,92,76 119,130,125 109,121,117 112,123,120 83,97,82 45,56,36 31,37,28 40,46,38 48,52,48 59,64,62 44,46,36 35,37,33 37,38,28 54,53,43 64,61,44 45,50,33 38,45,22 41,48,28 47,58,32 58,70,44 55,63,45 50,60,41 57,69,47 59,73,43 71,86,61 68,80,63 54,67,47 113,123,110 124,130,124 48,55,40 38,46,32 60,75,36 56,65,34 62,68,39 70,74,43 67,69,48 82,87,74 68,71,51 70,74,52 
31,36,29 24,28,23 27,31,26 33,40,31 34,39,28 40,48,34 34,40,32 24,29,22 36,43,35 30,37,28 42,52,41 78,92,72 86,99,88 149,162,156 105,116,105 61,78,54 46,57,36 33,40,29 34,39,30 32,34,29 35,37,33 28,30,26 32,34,29 39,38,32 46,45,39 60,60,43 47,51,37 36,42,23 35,39,26 31,36,24 48,58,42 53,62,42 46,55,40 57,68,46 64,77,49 60,77,46 66,82,49 66,78,61 153,159,154 143,155,133 67,78,49 45,56,32 64,76,48 71,77,50 72,77,51 73,76,52 60,64,43 65,68,50 84,85,64 88,90,60 
44,57,38 41,50,34 35,39,32 41,47,38 25,30,26 32,38,30 37,43,40 43,51,44 33,40,34 24,29,24 31,37,25 59,72,48 54,65,49 83,96,81 63,76,56 42,54,35 36,46,28 35,42,30 33,39,29 41,47,35 33,36,28 37,39,35 35,33,29 41,39,33 48,48,42 68,70,55 41,45,33 31,35,19 37,43,24 29,33,25 48,57,44 52,59,46 45,52,38 43,50,36 43,50,34 46,57,38 57,73,45 60,73,62 201,201,198 111,125,94 68,83,49 56,69,45 88,94,69 97,105,72 82,88,68 62,69,50 55,56,41 59,64,42 66,71,44 81,87,55 
58,72,47 33,42,30 37,39,34 29,35,30 33,39,35 24,29,26 36,41,37 33,39,34 29,34,28 24,27,23 26,33,24 43,56,32 90,102,87 89,100,87 83,96,79 47,60,38 32,41,28 35,44,31 34,44,28 49,59,38 34,37,28 32,33,28 36,35,30 44,47,40 43,45,37 48,49,41 42,44,31 35,41,24 36,42,27 27,31,24 37,46,38 47,54,46 43,51,35 32,37,25 33,38,26 37,42,29 52,66,39 67,85,54 159,165,150 71,88,55 67,83,47 69,84,54 72,82,50 81,92,55 77,87,55 70,76,51 60,63,46 60,65,47 65,67,51 73,80,55 
40,50,39 33,37,34 41,47,44 38,45,39 47,55,50 37,42,39 27,32,27 39,46,40 38,45,36 24,28,24 31,38,28 42,54,33 55,67,44 92,106,82 120,135,107 52,65,41 39,48,32 42,54,32 49,64,36 49,60,33 27,31,21 23,26,22 56,64,48 71,76,62 42,44,39 62,68,54 56,60,48 58,67,40 41,48,25 40,47,35 33,38,32 44,51,37 50,60,41 44,53,34 39,45,27 37,46,29 47,65,39 54,71,43 58,73,54 39,54,28 65,84,46 62,76,46 74,84,55 67,78,48 74,84,58 69,82,54 72,77,57 65,72,46 70,77,58 67,71,51 
48,55,43 29,34,33 76,83,80 62,73,65 38,44,38 36,42,38 31,37,32 30,36,29 28,32,28 23,28,26 37,46,35 96,107,96 44,55,35 47,62,31 61,77,40 40,50,31 40,51,34 41,51,34 35,40,28 48,58,26 36,41,27 24,26,22 57,65,53 63,67,51 46,51,43 57,63,50 88,93,69 68,74,48 39,48,28 36,43,30 39,48,39 50,63,50 44,55,41 39,50,34 42,52,38 54,68,51 68,87,62 61,77,50 57,76,36 61,80,41 64,79,45 64,76,46 67,75,51 62,70,49 61,67,49 57,66,45 70,79,56 72,86,60 64,75,60 58,63,41 
37,43,30 42,49,37 61,68,66 44,50,44 36,43,36 33,37,33 56,62,60 31,35,30 27,33,27 27,35,30 53,65,56 83,94,81 33,41,25 33,42,23 39,53,28 58,78,43 45,56,33 36,45,28 32,40,23 45,55,23 36,40,28 25,29,24 48,56,46 55,54,50 37,40,34 68,73,65 71,72,59 74,82,67 31,36,25 29,33,26 33,38,27 42,52,44 50,63,47 47,61,47 40,52,39 50,61,47 55,71,52 79,93,77 67,87,52 54,74,41 55,70,43 61,73,48 56,64,44 62,67,47 66,72,51 60,67,47 57,63,45 61,75,51 57,62,50 50,60,41 
36,42,27 72,79,71 70,78,72 37,43,37 29,37,29 32,36,29 36,42,37 39,47,43 31,41,32 28,39,32 43,53,47 31,39,22 31,36,21 29,34,24 32,40,22 38,48,29 38,48,35 32,41,25 39,51,19 31,37,16 32,36,26 26,30,25 30,34,29 37,39,33 39,42,34 48,52,43 56,60,53 44,49,41 26,30,25 40,49,42 33,36,30 30,35,30 46,56,50 47,60,48 50,65,44 60,76,54 63,76,61 69,85,65 87,106,82 56,74,40 70,83,54 73,87,63 64,72,53 61,69,52 64,77,52 65,77,54 59,65,45 52,59,41 55,62,43 66,73,52 
38,45,35 104,112,110 102,109,112 97,100,108 30,34,27 53,62,55 73,78,83 44,59,47 47,66,54 25,33,25 44,53,37 36,44,28 23,28,18 26,30,19 32,40,17 36,47,21 41,49,35 37,47,23 46,67,23 33,42,21 35,41,30 29,35,29 30,34,28 40,44,35 42,47,36 46,51,42 49,53,47 50,57,52 23,25,22 34,42,35 38,44,40 27,31,27 35,45,40 49,65,54 47,61,50 47,58,51 46,56,46 62,81,57 65,88,54 61,82,50 67,81,53 60,75,56 55,67,52 50,59,46 55,67,52 58,72,52 56,59,43 67,73,50 62,74,49 55,68,44 
40,44,34 53,64,44 79,87,77 92,96,96 44,51,42 43,53,46 41,50,47 43,59,48 35,50,38 36,40,35 35,38,27 31,38,20 32,38,25 34,43,20 38,46,20 32,38,24 43,50,29 35,42,21 40,55,25 29,34,25 31,36,27 33,37,32 38,41,36 43,46,37 50,57,44 49,53,46 45,49,41 48,56,44 23,25,21 25,28,26 29,35,28 33,41,30 32,40,31 39,49,43 38,48,42 48,64,49 44,54,43 66,86,67 57,79,54 53,76,48 51,66,43 50,56,36 47,53,38 39,45,35 46,56,43 58,72,54 65,73,56 75,87,59 78,86,64 62,75,54 
35,41,27 49,61,46 43,50,42 52,55,50 66,72,67 48,53,46 40,48,42 32,36,28 37,42,28 56,56,54 34,37,25 29,36,20 36,41,30 39,46,28 45,53,33 38,45,25 44,57,24 45,53,30 39,51,30 32,39,27 29,32,26 28,31,28 36,40,34 50,53,48 52,58,50 51,56,51 43,48,42 39,45,38 22,23,23 33,39,34 36,43,35 29,34,26 30,34,28 36,42,35 44,56,46 49,66,52 59,79,51 46,66,40 49,73,44 42,61,37 50,68,43 48,61,44 52,58,37 44,53,41 53,69,53 56,71,54 63,75,61 60,69,55 65,73,57 68,74,61 
36,40,26 39,53,28 44,53,38 49,53,45 39,41,34 49,58,52 39,49,42 31,31,25 31,34,22 40,41,30 34,33,28 26,34,17 25,29,17 29,33,25 43,55,28 49,57,30 52,59,35 49,54,38 52,62,40 39,47,32 30,32,28 32,32,29 37,44,34 59,66,56 56,64,51 50,53,44 48,56,46 36,42,39 48,58,48 39,48,42 41,49,47 48,63,49 39,49,42 38,49,46 40,54,45 44,59,39 45,63,37 41,57,32 47,60,38 52,68,40 51,65,48 54,71,54 47,58,45 38,45,31 39,50,36 44,55,41 48,58,46 56,62,48 55,65,48 59,65,51 
40,48,28 35,46,25 44,53,38 46,49,42 49,56,41 43,50,39 37,44,31 31,33,26 32,35,24 40,40,32 38,37,30 34,41,20 28,30,17 29,33,25 51,63,41 62,62,51 71,66,63 67,64,61 46,48,43 32,34,27 30,31,28 34,33,30 48,56,38 61,68,52 55,62,51 46,46,42 36,38,33 37,41,35 44,49,43 37,41,40 48,50,51 38,49,44 47,61,52 39,50,42 35,46,33 35,50,27 37,53,28 42,54,30 88,93,74 57,72,41 48,62,45 42,52,39 36,44,34 43,49,37 38,47,33 45,52,36 50,58,45 53,64,47 49,57,44 72,76,58 
37,44,32 28,33,24 48,58,50 51,57,48 50,58,45 39,44,32 35,36,29 32,36,28 33,36,27 35,33,27 37,39,30 32,39,26 50,48,45 37,40,39 90,86,88 80,74,73 86,78,78 82,76,81 47,47,47 40,38,37 34,37,33 39,42,35 51,57,43 64,72,45 68,79,58 55,64,51 37,38,35 37,42,37 48,51,45 47,47,47 39,40,40 32,33,31 35,42,40 48,66,52 55,77,58 36,49,30 40,54,29 60,64,47 78,80,65 70,76,53 62,78,58 56,69,56 55,67,53 57,65,47 51,60,41 57,67,45 51,61,52 62,69,58 73,74,63 72,76,59 
52,58,54 45,47,40 36,36,35 116,116,122 58,69,60 44,53,40 39,46,32 31,35,23 30,33,22 46,43,39 40,39,37 48,44,44 60,54,55 60,59,61 127,118,120 98,88,88 90,81,81 98,90,96 37,39,35 39,39,35 39,40,36 43,47,40 51,57,46 52,59,45 51,59,44 66,79,59 38,40,35 38,46,41 47,53,41 65,68,62 53,56,52 42,43,41 39,50,45 53,76,58 53,69,57 41,46,36 76,74,64 77,72,67 89,90,84 81,87,77 83,91,79 53,67,56 67,87,63 58,77,60 61,76,55 52,55,40 42,49,39 55,66,54 62,66,49 65,66,51 
102,102,113 94,88,92 50,49,53 72,76,73 48,53,44 31,37,22 47,51,37 26,28,18 31,31,27 53,49,51 43,38,38 53,49,53 59,52,55 52,48,49 124,114,114 102,92,92 96,87,89 110,101,108 40,42,39 37,38,32 40,41,36 45,44,40 52,58,49 52,55,48 52,56,49 47,55,46 45,56,47 45,54,40 46,57,39 46,60,52 49,56,51 64,62,59 31,38,35 42,55,48 42,52,50 52,56,54 79,70,66 79,69,66 90,82,80 77,72,66 83,87,79 50,61,53 63,86,60 59,81,60 52,74,49 59,69,52 45,51,38 47,54,43 58,61,48 63,68,50 
76,72,76 84,79,79 79,74,73 92,90,92 46,47,47 61,61,60 51,49,47 36,38,31 49,49,47 59,56,56 62,50,44 71,62,60 83,85,86 72,67,64 87,76,68 75,65,57 74,64,54 95,84,78 44,41,39 32,35,26 55,65,50 45,48,43 50,54,45 51,53,48 53,49,45 43,42,38 45,45,45 39,35,30 54,60,48 46,66,53 43,55,52 59,63,54 41,34,31 42,41,39 40,44,42 57,66,59 69,73,61 57,50,47 76,68,66 63,53,51 55,56,49 59,59,54 38,42,38 35,47,38 56,71,53 57,72,53 65,80,57 58,72,53 48,56,42 53,65,40 
88,81,81 92,81,78 88,80,76 89,85,83 81,78,78 81,80,77 95,89,84 65,62,58 64,60,57 77,72,69 65,60,57 96,98,102 75,79,74 60,55,49 56,49,42 52,45,38 43,39,33 51,47,40 40,37,34 45,50,39 50,59,47 42,49,44 56,67,59 55,53,48 69,64,58 56,56,50 46,49,45 44,42,41 70,65,59 53,60,56 42,47,46 63,63,57 57,53,50 46,51,50 48,58,52 52,62,57 67,74,65 77,77,77 73,67,66 67,61,58 63,61,54 59,61,54 41,48,39 37,44,36 56,76,54 57,79,53 60,78,51 65,80,59 52,57,47 56,69,47 
94,89,90 119,116,118 117,114,115 118,115,117 108,105,103 90,87,80 107,103,100 80,77,73 67,61,59 75,72,73 59,58,57 57,58,58 60,69,65 58,66,61 65,62,57 66,64,59 66,65,61 74,72,67 70,67,61 56,58,51 57,59,55 52,59,55 50,55,51 51,52,45 73,71,65 62,62,57 65,60,52 45,38,34 66,58,52 70,65,61 61,63,60 58,70,66 62,72,68 58,72,69 63,83,74 67,77,68 77,77,69 72,72,68 80,79,79 64,69,66 52,66,57 48,60,50 42,52,43 37,49,37 44,62,37 58,72,45 40,44,36 46,59,48 53,59,48 59,67,51 
68,68,63 84,85,80 83,83,80 75,75,71 72,72,65 63,63,54 64,64,57 48,47,40 51,48,43 67,70,75 47,49,52 63,62,59 69,66,63 40,37,29 79,78,63 86,87,81 96,95,90 100,96,91 80,76,68 86,85,80 48,53,48 42,48,41 58,64,59 47,49,53 50,52,56 65,64,63 74,70,64 74,68,62 75,68,61 76,69,64 69,66,58 64,69,61 55,67,64 52,67,63 66,93,74 71,96,75 80,95,78 76,80,76 90,89,88 63,66,63 39,47,40 40,53,44 33,40,35 32,41,31 46,65,33 54,63,43 39,41,37 48,59,46 57,71,50 66,84,57 
75,61,64 78,67,70 70,63,62 71,63,63 78,70,68 87,76,75 85,73,71 87,77,76 87,75,74 76,62,59 60,47,48 67,53,49 78,64,57 53,44,41 89,83,81 95,91,87 102,96,93 108,99,94 106,100,94 97,91,86 49,50,45 53,56,50 65,70,62 41,39,36 52,49,42 65,61,53 67,63,58 72,68,61 69,66,59 73,68,60 54,57,43 51,59,43 46,53,44 41,53,49 52,65,61 53,73,62 64,87,70 68,87,75 88,92,87 86,85,83 44,46,40 28,34,28 26,29,26 34,41,33 37,43,30 37,39,32 41,46,40 50,64,54 60,73,58 62,77,58 
75,67,66 88,79,79 89,83,80 85,75,74 92,86,82 91,82,80 88,79,77 83,77,73 77,65,63 77,59,59 70,58,58 75,61,58 82,71,67 95,82,81 97,85,84 97,84,83 98,80,81 101,83,83 104,83,87 79,60,64 92,65,72 80,57,63 67,52,53 87,63,65 84,62,63 85,64,65 85,63,66 86,68,68 88,68,69 88,65,69 87,59,66 79,59,62 61,47,52 43,46,44 51,58,51 55,68,58 67,83,68 84,78,76 78,82,73 81,71,72 94,83,88 48,49,44 50,53,47 46,53,44 60,77,53 43,52,41 48,57,45 40,50,39 55,70,52 65,86,61 
84,70,70 94,84,83 90,84,80 91,82,80 90,82,79 87,77,75 88,81,76 85,82,75 85,77,74 86,68,71 82,73,71 97,90,86 93,87,81 97,86,82 94,83,79 91,80,74 97,85,79 106,96,89 105,90,87 91,79,78 102,79,82 69,53,56 98,85,82 92,74,71 88,71,68 92,79,71 87,70,65 86,70,65 82,64,63 82,67,65 79,58,59 68,60,60 55,45,47 43,44,42 63,62,56 60,64,56 78,74,70 82,73,71 76,77,70 104,88,91 82,67,73 80,56,58 75,55,58 58,43,46 57,69,52 48,67,40 52,65,54 45,51,45 47,52,43 44,57,43 
84,69,69 96,81,79 85,74,70 87,77,74 86,73,72 88,79,76 86,79,72 82,74,69 89,82,76 86,62,66 77,60,59 91,83,76 93,81,75 96,87,77 92,78,73 97,85,79 96,83,76 94,80,75 104,92,88 119,107,112 94,69,77 64,53,54 99,87,83 90,74,69 90,73,68 96,79,73 94,77,72 87,74,65 87,70,65 81,63,59 81,49,56 70,53,55 50,39,42 53,43,42 54,53,36 58,59,42 76,62,63 90,77,78 105,95,95 109,93,96 93,81,82 87,60,69 77,60,62 58,43,46 50,62,54 49,62,51 47,51,44 38,38,34 37,36,31 36,41,33 
88,80,74 93,86,82 92,83,81 92,85,79 92,82,77 88,79,73 86,76,71 88,75,72 89,78,74 89,66,69 86,68,66 88,75,68 75,66,58 72,65,55 76,65,57 97,79,78 96,79,78 104,84,84 101,83,83 110,87,91 100,68,75 88,55,62 90,66,67 92,68,68 93,69,67 93,62,65 89,63,63 84,56,58 86,58,60 78,53,56 93,48,60 72,49,52 71,48,51 73,53,52 53,48,35 59,55,34 65,51,53 69,66,60 85,76,68 98,84,84 98,85,86 89,56,66 86,68,68 58,47,44 48,37,35 47,53,46 42,38,34 39,35,31 41,36,34 45,44,37 
134,130,125 138,135,132 153,148,147 137,133,129 137,133,127 149,145,143 137,133,129 131,128,123 100,98,87 93,89,78 103,100,91 99,97,89 103,101,92 101,99,90 110,108,97 105,101,95 121,116,112 113,106,97 118,109,99 133,120,111 135,114,114 121,105,102 112,102,93 103,94,87 101,92,81 84,79,69 69,67,56 76,74,59 63,62,51 57,52,46 75,46,49 66,51,47 69,50,48 72,51,50 62,53,46 67,58,49 68,53,53 80,62,61 82,64,59 79,60,59 76,53,57 83,44,55 76,57,60 80,59,67 70,43,48 50,36,36 49,35,36 45,51,40 46,56,39 57,59,48 
156,155,155 156,155,151 163,162,162 163,163,162 160,159,157 173,174,175 152,150,143 167,166,164 127,124,112 105,102,91 135,133,125 137,134,127 148,146,140 164,163,161 128,123,116 112,116,99 153,155,149 178,172,169 160,152,145 155,144,138 159,148,143 177,166,161 186,179,180 187,180,179 164,155,150 153,144,134 132,125,110 148,138,129 140,129,116 116,108,96 134,123,114 136,125,112 140,130,112 162,149,139 145,134,123 114,106,95 110,103,97 112,106,103 102,96,92 94,89,87 86,82,79 92,71,74 86,80,77 73,69,64 72,65,59 64,57,51 57,55,50 49,55,43 57,68,56 60,66,53 
108,108,98 96,94,70 107,103,85 130,130,117 126,124,107 138,134,113 92,90,71 106,102,81 87,86,73 85,85,77 78,79,69 82,81,67 89,89,80 117,115,103 115,115,98 101,118,89 116,117,94 157,152,144 138,134,127 125,119,111 119,111,101 146,136,124 166,160,153 151,145,131 146,139,124 117,107,90 101,95,76 108,98,80 132,119,96 103,97,86 124,117,110 111,101,92 119,108,93 135,121,99 131,120,107 129,117,106 123,111,101 143,133,124 112,103,97 116,108,105 109,101,99 98,91,88 119,111,108 117,110,107 96,89,87 116,105,99 113,101,93 94,83,72 67,65,51 76,68,58 
111,109,102 122,119,110 139,139,128 130,132,122 159,159,156 168,169,167 147,147,143 170,171,171 167,168,169 162,164,167 165,167,169 149,150,150 161,163,164 157,165,159 147,156,146 129,141,126 175,175,174 185,183,183 197,194,198 196,192,195 203,199,203 195,192,194 184,181,180 170,167,165 176,174,172 156,152,148 127,122,116 140,134,130 154,149,142 119,115,111 138,134,133 124,118,114 120,111,103 117,107,95 116,106,97 120,111,104 113,104,98 127,120,112 102,96,89 107,101,99 110,105,102 105,98,96 115,109,108 122,117,117 98,91,90 99,92,91 125,119,116 86,80,75 82,77,69 80,72,63 
96,91,80 142,136,126 140,136,124 109,111,96 167,165,163 175,174,174 174,173,170 178,178,178 175,174,174 180,180,183 183,184,187 185,186,189 186,187,190 154,163,156 135,150,134 131,144,129 165,166,161 175,175,171 181,180,179 187,183,182 202,197,200 198,195,197 199,196,198 194,192,195 196,194,197 196,195,197 183,181,183 183,181,181 193,192,193 185,183,184 198,197,201 193,191,195 189,186,189 177,172,171 167,161,158 183,178,182 186,180,184 178,176,179 161,158,161 177,176,182 197,197,205 174,173,179 180,180,186 170,170,174 117,114,116 115,112,113 138,136,137 119,116,119 62,61,61 84,80,75 
102,98,89 109,106,96 102,103,88 80,80,68 104,100,90 112,108,96 112,108,96 120,115,105 127,122,111 126,123,110 121,116,105 127,122,110 136,131,121 121,129,112 106,128,103 116,122,101 120,130,102 130,135,105 125,132,104 143,144,123 147,145,131 167,159,153 160,152,144 171,165,160 170,163,160 177,172,169 178,174,173 168,163,157 155,150,140 149,144,135 159,154,150 167,162,158 181,177,175 179,173,171 188,182,181 199,193,196 201,196,200 205,202,205 201,199,202 203,203,208 201,201,207 193,193,198 191,191,196 187,188,193 179,179,185 178,177,182 186,185,191 164,164,169 87,64,65 140,137,139 
99,100,99 233,224,202 228,224,203 231,223,204 226,219,201 225,219,203 225,218,201 205,202,190 109,112,107 110,115,106 117,118,114 110,117,104 113,115,111 113,120,108 97,116,89 97,109,84 103,113,77 116,125,90 109,124,86 121,129,98 115,124,106 128,126,123 128,123,120 132,125,120 131,122,116 131,122,116 125,117,109 118,111,104 98,94,81 93,88,73 100,95,83 102,95,84 105,98,84 110,102,90 106,101,87 112,103,93 119,111,101 122,112,102 116,112,99 125,118,109 120,111,109 123,114,109 133,127,120 139,134,128 142,139,131 142,138,129 154,149,143 160,154,153 78,76,76 154,147,145 
86,93,75 233,224,201 227,225,204 231,224,209 221,197,149 232,223,198 234,227,208 203,203,192 76,94,64 90,106,74 92,104,71 90,107,72 81,89,66 96,108,76 98,116,80 103,116,77 83,101,62 98,118,71 95,116,70 108,119,77 96,108,72 99,108,81 98,103,86 100,97,86 106,102,91 101,98,87 102,101,93 102,100,94 108,106,98 101,97,93 107,105,102 109,105,102 107,106,102 121,118,121 121,120,118 120,117,114 131,127,128 125,121,118 118,115,109 113,111,107 109,105,99 102,99,94 101,102,91 102,107,90 109,116,90 103,110,85 104,110,84 108,109,90 59,58,56 96,92,80 
81,96,68 231,221,191 234,226,206 210,203,189 187,173,147 220,212,194 235,229,212 205,205,193 90,102,70 85,105,69 79,100,58 84,106,62 72,90,56 99,117,77 87,108,66 93,109,64 81,98,56 88,104,62 73,89,55 93,105,67 97,102,72 79,90,62 86,97,71 94,108,76 93,107,82 89,90,75 100,100,84 98,97,81 96,92,80 93,89,76 93,93,76 90,88,78 89,87,75 88,80,75 92,86,74 90,89,76 90,88,78 86,80,74 94,93,82 101,99,91 101,98,92 105,103,99 107,109,98 111,113,94 113,113,89 108,109,83 109,117,88 101,117,84 45,47,43 93,107,79 
90,97,76 234,228,210 230,224,208 211,206,193 201,197,185 203,201,186 234,229,213 205,205,193 78,99,61 79,101,57 79,94,61 89,106,70 92,111,72 97,118,72 74,89,52 96,109,71 80,108,65 82,93,65 76,90,62 91,100,64 85,94,64 91,99,71 93,109,74 91,105,76 94,103,79 98,103,83 102,107,87 97,108,84 99,104,89 92,92,80 93,91,81 111,118,95 103,104,87 98,101,84 101,99,85 100,101,87 100,98,83 93,91,77 99,102,85 96,101,81 88,83,73 98,92,87 96,92,79 97,93,74 91,91,70 105,106,76 103,107,76 96,103,71 56,57,50 94,103,72 
79,86,69 238,235,227 236,232,221 232,223,200 228,224,213 227,220,203 239,235,225 205,204,194 89,96,76 91,101,73 91,106,68 103,113,79 97,110,77 87,107,65 79,98,64 81,86,61 77,97,60 102,118,80 88,104,69 93,109,69 97,108,74 92,93,73 92,105,74 93,105,78 109,111,90 97,93,86 97,106,88 104,119,90 96,107,82 94,97,82 98,101,84 110,114,91 111,112,94 105,111,91 104,108,90 104,105,90 117,116,100 119,118,100 111,112,94 102,105,85 92,89,79 118,116,110 125,122,111 36,36,35 39,39,38 53,57,60 113,114,103 75,78,60 42,42,42 91,103,72 
82,100,70 115,114,111 114,113,108 111,107,97 113,112,109 109,108,104 113,113,109 104,103,100 99,102,83 87,89,76 97,108,77 93,104,75 110,117,84 92,109,68 84,94,67 100,109,83 91,110,73 105,116,84 91,106,66 96,112,78 87,97,71 98,108,81 90,94,78 108,118,88 109,105,97 110,109,103 93,96,85 101,105,89 102,107,88 107,110,93 110,114,95 108,113,94 106,111,96 108,111,92 112,111,93 113,115,99 116,120,102 122,124,105 129,126,108 121,116,104 125,120,109 128,126,114 127,122,112 63,61,58 64,63,59 66,66,61 93,91,73 74,76,56 52,53,44 92,104,68 
85,93,72 64,64,64 66,66,66 39,39,39 30,30,30 30,30,30 30,30,30 36,36,34 100,99,84 99,99,86 93,99,81 104,105,82 108,115,80 95,107,69 90,104,71 100,119,81 97,114,78 98,113,77 101,119,75 100,116,76 97,109,75 87,95,77 115,113,95 110,110,97 116,113,99 105,105,95 113,115,100 109,103,91 102,103,86 109,109,94 118,121,102 120,126,104 112,114,97 117,118,103 114,110,99 121,118,104 129,125,112 111,109,99 88,86,79 86,86,79 89,88,82 76,75,69 90,87,82 83,82,76 84,82,75 72,70,63 71,68,61 78,78,69 75,75,65 60,64,50 
