49,56,35 72,80,44 25,25,21 33,36,23 32,31,25 39,44,22 63,67,56 39,44,22 41,50,23 35,41,20 29,38,17 41,53,23 43,53,23 35,44,19 33,41,20 33,42,19 40,49,21 50,59,33 40,49,23 44,55,22 43,52,22 92,103,82 57,69,34 50,67,21 41,50,21 37,46,23 79,96,47 68,81,42 68,78,45 60,69,34 54,62,35 43,46,29 35,37,23 30,33,25 29,31,24 28,31,26 29,33,28 34,37,25 38,43,31 58,63,37 56,62,30 34,37,28 42,48,31 29,32,23 44,45,31 77,72,53 64,62,40 39,44,20 74,84,28 68,73,26 
40,41,39 41,42,36 34,34,32 41,42,38 41,42,36 38,40,33 36,38,34 39,40,36 33,35,31 40,45,20 32,40,19 43,56,28 50,60,28 35,44,20 30,39,18 35,45,18 36,46,22 39,49,20 52,63,36 46,55,27 46,56,26 82,96,56 53,66,30 45,57,25 51,66,30 41,51,29 63,78,30 62,75,42 60,69,37 52,62,25 59,67,36 42,44,30 45,47,28 37,41,26 29,32,22 25,28,23 24,27,23 29,32,25 46,52,37 47,52,28 41,45,24 32,36,28 35,41,26 37,38,24 36,37,24 49,54,37 51,49,33 28,29,17 45,52,20 46,53,16 
47,49,45 69,71,66 84,84,83 90,91,87 82,83,79 95,96,90 81,82,77 91,92,89 70,71,66 42,50,21 32,41,18 35,46,17 45,53,25 30,39,18 31,40,19 35,45,20 50,59,26 42,52,25 51,60,29 41,50,27 56,66,36 63,75,34 58,72,28 59,73,33 63,78,37 57,70,42 46,56,30 46,55,33 48,56,28 40,47,25 49,55,30 41,45,35 35,39,25 34,36,26 25,27,22 30,33,25 29,32,24 25,28,22 29,32,25 19,21,19 24,25,21 25,29,21 31,32,23 37,39,27 50,54,42 79,78,55 61,54,39 29,30,19 44,46,21 41,42,23 
39,41,35 37,39,32 35,35,33 36,36,34 36,37,33 38,40,33 36,38,33 42,42,40 37,38,33 34,41,18 35,44,18 40,52,18 38,47,20 30,40,19 28,34,19 36,47,20 35,41,20 67,86,25 44,55,21 47,58,30 52,62,28 79,92,64 53,67,29 52,64,31 64,77,44 43,47,31 43,50,27 65,75,36 52,59,26 52,62,32 48,56,28 36,41,33 32,35,25 25,26,21 27,29,22 27,30,24 28,30,24 25,25,22 26,27,23 23,24,21 25,28,21 27,30,24 27,31,24 35,37,24 35,36,24 62,67,52 50,51,35 47,46,27 64,62,40 45,44,31 
36,37,33 52,54,48 58,58,57 57,57,55 58,58,56 35,36,31 34,36,31 35,37,31 35,37,31 32,37,19 37,44,18 38,47,21 39,49,20 31,42,19 29,35,21 33,39,22 32,43,19 58,73,25 64,79,35 55,69,29 59,72,40 68,83,46 35,43,21 45,56,27 51,63,35 33,34,26 51,60,33 47,52,30 44,51,26 54,64,25 48,53,32 45,50,29 31,34,24 26,29,22 28,30,22 30,32,23 32,34,23 23,24,21 27,29,24 24,25,21 25,27,22 24,27,20 27,30,21 33,34,22 41,43,32 88,87,80 61,55,42 54,49,33 42,39,25 62,59,39 
34,40,22 39,47,26 31,34,21 24,23,19 31,35,21 36,42,22 30,34,20 36,44,20 33,40,21 40,46,23 42,51,24 39,51,22 39,48,21 34,48,20 30,35,21 32,41,21 39,50,21 65,80,38 61,72,37 72,82,46 57,69,35 57,69,29 48,60,25 49,57,33 50,60,34 31,33,25 44,50,29 42,45,32 60,72,42 48,55,29 46,53,31 35,38,27 31,32,25 28,31,24 31,34,24 28,31,22 31,33,22 26,26,21 29,34,24 23,26,21 26,28,23 53,53,47 56,52,43 48,45,32 48,47,31 40,44,20 93,85,72 42,39,28 28,30,18 40,47,16 
51,62,24 50,55,33 27,29,20 20,19,16 32,36,22 47,52,28 40,48,22 33,41,22 38,46,23 40,46,23 40,47,24 37,46,23 37,47,21 30,40,20 26,32,20 29,35,20 38,48,21 63,77,32 72,79,49 56,65,30 81,92,68 67,79,45 58,72,33 45,53,30 39,46,29 33,37,27 43,51,30 42,47,28 39,45,27 32,35,25 39,44,27 34,40,22 35,36,24 29,31,24 34,38,27 33,36,23 38,42,23 29,31,24 25,27,22 24,26,21 52,47,40 43,43,33 78,67,58 57,55,41 38,42,24 46,46,28 87,78,66 54,60,32 35,37,28 39,44,16 
29,37,18 30,37,18 28,29,19 24,21,17 33,38,21 42,50,25 45,52,32 39,46,23 32,39,19 32,38,22 44,52,28 50,66,34 52,70,39 31,40,22 35,47,20 35,45,20 51,64,28 66,80,34 96,108,71 72,85,41 65,78,39 68,85,34 34,41,25 42,53,28 37,43,30 35,40,26 28,29,22 37,43,29 44,52,31 29,30,23 36,43,26 33,37,24 34,36,25 34,37,23 37,40,28 35,38,26 36,37,28 29,32,25 32,35,21 28,31,22 27,30,22 40,42,35 79,67,58 64,58,41 63,62,42 55,54,40 59,68,43 58,77,24 43,48,27 26,25,19 
31,42,21 28,34,18 36,41,21 26,23,19 35,40,19 29,33,20 34,41,23 35,40,23 35,41,21 43,53,28 50,64,37 53,68,39 60,72,51 41,54,29 29,37,19 45,56,27 55,69,31 66,82,35 94,108,61 86,98,48 82,98,39 61,75,29 43,54,23 46,54,32 36,43,27 29,32,23 36,41,26 45,51,37 55,66,34 39,43,26 36,42,24 37,38,25 37,40,30 34,38,26 39,42,27 46,49,38 29,32,24 27,29,24 27,29,22 29,32,23 51,49,41 33,39,23 30,31,22 54,53,36 32,35,19 40,46,25 38,42,25 41,41,29 42,41,33 27,26,20 
57,66,26 37,46,21 50,54,33 28,24,20 35,38,19 32,37,21 37,40,21 33,40,19 36,41,21 54,72,39 52,71,37 48,66,34 44,59,33 31,36,22 28,35,21 49,63,28 47,59,28 50,63,26 74,90,39 74,86,37 88,107,41 79,96,42 62,80,32 54,67,34 35,41,26 32,38,26 25,28,22 38,45,33 43,53,34 36,43,25 40,47,24 30,30,23 35,38,25 36,37,26 48,47,36 58,57,39 36,39,26 28,29,23 24,27,21 26,29,21 51,68,30 46,53,23 34,39,26 58,62,41 39,41,24 35,39,22 32,32,24 27,26,24 32,35,27 30,28,21 
63,70,34 58,65,31 50,53,32 31,27,21 24,28,15 30,36,17 35,44,21 35,46,21 38,46,20 54,75,37 45,62,29 48,68,36 44,61,32 31,37,22 31,36,22 40,53,24 58,76,42 39,45,30 54,66,32 73,84,42 86,102,50 70,86,35 53,68,25 38,48,24 41,52,25 36,42,27 27,29,23 38,46,31 43,53,28 29,32,23 35,40,22 38,42,27 41,45,29 35,39,25 40,45,31 33,34,24 37,41,27 32,32,24 25,27,19 42,50,23 26,30,20 30,33,20 38,45,25 42,54,23 36,41,25 30,33,20 24,25,18 42,43,37 25,25,21 49,58,27 
85,89,53 64,72,32 75,76,47 36,39,23 42,58,23 43,55,24 53,75,31 57,82,36 53,72,32 45,63,29 45,65,30 49,66,38 36,54,27 32,42,24 38,50,27 34,44,21 50,68,34 52,66,38 48,59,31 65,78,48 64,78,41 68,84,34 56,72,27 36,44,23 35,42,23 27,30,22 26,29,22 29,33,23 33,38,23 32,36,24 35,36,24 45,57,31 42,50,28 44,49,29 39,47,31 29,32,23 45,48,34 28,30,20 39,47,21 53,62,30 34,40,23 29,29,20 37,40,23 26,29,20 27,31,19 27,31,20 35,43,31 30,31,24 42,45,31 119,145,64 
82,88,44 109,103,78 75,79,47 44,54,28 52,69,33 51,71,32 59,86,39 41,61,19 35,47,17 46,64,27 52,74,39 40,54,27 29,37,22 38,53,28 44,60,30 38,50,28 34,43,26 53,69,43 64,82,46 57,70,43 30,33,24 33,38,23 50,62,33 40,50,25 33,39,24 27,31,22 24,25,21 29,32,23 43,50,25 49,58,27 44,45,30 39,44,26 39,45,30 44,52,30 38,44,28 36,43,26 35,40,26 25,25,20 43,55,20 37,48,20 39,47,25 28,29,19 27,28,20 28,30,21 37,46,26 31,32,24 25,27,21 24,22,18 42,49,25 86,105,37 
99,96,72 125,116,103 119,114,99 44,55,22 48,62,30 47,68,28 45,68,25 42,62,19 40,55,22 48,68,29 41,60,28 31,45,19 31,38,24 26,29,20 50,71,34 53,76,41 36,46,31 36,45,31 46,56,38 58,73,44 28,31,24 37,46,26 50,67,26 44,56,25 32,38,24 28,31,23 25,26,22 37,44,26 51,62,28 42,44,28 42,45,32 29,29,24 54,66,34 41,51,33 49,63,38 31,36,25 26,27,21 36,41,19 41,48,19 45,64,22 38,46,24 47,48,38 31,34,24 32,43,19 38,46,27 32,35,24 44,41,33 29,28,20 77,76,21 92,113,41 
156,141,128 162,152,144 108,104,86 74,83,50 41,55,23 53,72,34 37,56,17 43,65,23 41,56,23 40,57,22 32,47,18 30,38,19 31,40,20 38,55,26 45,69,33 39,55,27 37,50,32 33,39,29 31,36,26 33,39,29 29,33,23 50,64,26 42,53,27 34,39,26 29,33,25 27,28,24 27,29,25 65,83,36 49,59,29 29,30,24 30,30,23 29,31,24 42,49,29 33,40,26 37,47,30 27,29,21 24,25,19 40,48,20 40,45,19 35,39,18 25,27,19 31,35,24 33,33,25 38,53,20 47,54,25 35,37,28 48,51,30 66,67,32 46,65,32 64,80,32 
148,131,126 168,154,147 144,134,121 123,115,100 36,43,21 36,51,20 31,49,14 39,55,20 34,40,20 35,48,19 33,47,19 29,39,20 35,49,20 38,57,29 38,58,27 40,56,31 29,35,25 25,29,23 28,32,25 26,26,22 26,29,23 42,49,30 35,43,30 32,37,24 29,31,25 27,29,24 28,29,26 66,79,35 53,65,31 28,30,24 37,40,28 33,34,27 34,38,25 34,39,24 29,32,22 29,35,22 25,26,21 29,32,21 31,35,19 25,26,19 25,27,20 38,44,24 39,51,19 56,70,31 48,56,21 51,60,37 59,70,45 56,70,48 46,59,32 35,42,21 
143,128,120 127,120,102 136,124,114 106,107,80 42,40,23 36,46,22 28,40,17 36,47,20 36,42,23 37,47,23 30,41,19 32,44,22 37,53,21 33,50,24 35,51,24 34,44,27 23,25,20 23,25,21 25,28,22 24,25,21 38,41,35 54,64,34 35,42,28 28,32,24 27,29,24 26,27,23 42,50,26 53,61,29 47,55,25 36,41,23 34,38,24 34,41,23 30,33,23 32,37,25 28,30,21 26,29,21 24,25,20 24,26,19 21,22,16 24,27,19 28,31,19 35,45,22 29,38,19 37,48,18 43,53,18 107,129,94 50,66,24 60,73,30 39,48,16 30,30,22 
90,89,56 83,84,44 80,81,45 74,86,27 43,44,20 29,29,21 32,42,17 35,45,16 39,48,21 32,39,21 30,36,19 28,32,21 37,50,22 34,48,24 32,40,24 30,36,25 22,23,19 25,28,20 49,52,42 49,50,46 29,34,22 56,69,30 48,60,29 25,27,22 26,27,23 26,27,23 24,25,22 27,28,23 30,33,22 25,26,22 33,37,26 33,35,26 30,32,24 44,49,29 39,48,26 27,30,21 24,25,18 22,23,19 22,25,19 22,23,18 26,29,16 33,35,19 41,41,30 55,69,26 81,103,19 139,165,114 77,93,34 71,87,25 33,33,24 30,29,23 
121,114,86 107,103,83 147,139,132 85,94,44 102,100,84 36,36,26 50,57,33 33,37,24 52,57,32 33,38,21 32,32,24 32,35,22 27,30,18 33,40,21 36,44,24 37,44,28 30,38,25 37,40,26 62,68,37 68,74,52 47,54,33 74,85,45 70,89,41 68,83,41 29,31,23 26,27,23 22,22,20 24,24,23 22,22,22 30,31,25 30,32,23 34,38,29 45,48,34 49,54,34 58,61,41 45,47,33 25,28,19 26,30,19 32,37,23 28,30,22 24,25,18 53,52,45 85,83,70 72,87,24 83,104,13 73,90,37 66,83,18 59,71,18 27,28,25 34,32,29 
166,150,144 168,156,152 159,147,144 128,124,111 152,145,141 67,61,58 28,30,19 28,28,21 30,30,21 66,64,57 99,95,88 91,98,72 29,33,21 59,66,38 61,65,46 73,80,56 58,69,45 79,83,63 121,122,104 152,133,101 66,71,43 131,118,80 170,164,147 185,176,165 168,159,147 59,61,33 47,44,40 52,52,37 25,24,23 59,56,52 96,93,88 42,40,38 135,128,118 108,100,91 95,92,80 131,122,111 32,35,20 29,34,22 41,48,27 35,35,29 32,31,27 66,65,58 63,71,46 71,87,34 92,89,72 69,66,52 54,59,31 51,51,35 30,30,27 66,61,54 
166,151,145 175,162,160 156,143,141 153,144,142 155,146,144 92,85,83 25,23,20 47,41,38 85,80,71 148,142,139 132,125,120 116,116,87 35,39,24 61,70,41 88,92,70 102,110,79 102,108,77 101,105,83 107,112,79 132,132,112 73,76,47 79,74,64 189,177,168 198,186,176 187,175,161 99,90,75 109,108,83 92,95,67 70,75,40 84,91,60 120,133,81 61,61,48 138,128,120 117,110,107 118,109,105 116,108,97 51,54,34 34,37,26 25,25,19 15,15,15 58,54,54 118,115,106 168,165,158 160,161,148 205,192,192 122,112,112 42,42,38 75,71,67 48,45,43 36,35,31 
167,147,142 184,170,168 165,154,152 153,143,141 146,137,133 101,94,91 22,20,20 81,75,72 133,125,121 128,120,115 109,104,93 92,100,61 31,36,20 101,121,59 84,96,52 109,125,69 102,114,67 90,102,60 82,93,55 75,80,52 50,52,38 33,32,32 73,68,65 74,67,63 64,55,45 63,56,46 49,43,34 54,46,34 54,52,35 67,75,47 87,102,61 72,79,50 100,104,74 83,95,65 94,95,76 119,117,101 74,84,55 25,28,22 19,17,17 22,21,20 82,75,77 174,166,169 199,190,193 206,198,201 198,189,191 172,164,168 110,103,109 74,70,72 76,70,78 138,126,131 
135,115,107 157,139,136 135,124,121 146,133,130 160,148,145 129,119,117 21,19,19 104,98,92 125,128,105 110,121,87 87,105,62 57,68,34 41,48,25 65,80,45 54,62,39 60,66,38 46,47,31 45,45,28 38,38,28 52,50,46 37,38,33 46,43,37 54,48,40 52,47,37 51,46,36 44,40,33 45,42,34 47,39,33 54,45,34 55,55,32 55,64,35 64,74,42 72,92,49 77,97,55 87,103,64 85,96,55 68,82,42 57,65,39 20,18,18 37,34,33 107,110,85 141,147,125 151,161,134 167,168,153 189,178,176 187,174,166 195,183,183 44,42,38 83,77,82 92,89,90 
153,139,127 167,148,140 134,135,114 134,135,116 119,126,96 95,109,67 31,29,25 87,97,55 108,128,69 103,125,62 83,103,49 54,66,29 51,63,33 52,62,33 53,54,37 50,50,32 43,38,30 36,35,29 35,34,30 50,49,45 45,44,36 62,55,49 65,57,51 65,57,49 60,52,43 57,50,42 46,44,36 50,45,37 49,41,34 61,49,37 52,47,30 60,65,33 62,73,37 59,71,38 53,64,31 39,48,22 37,48,22 47,59,25 13,12,14 76,94,53 112,141,76 105,133,70 100,127,69 104,132,73 123,143,91 102,127,72 149,156,123 124,135,94 101,114,77 67,71,54 
106,124,73 112,129,80 108,130,68 109,130,69 114,134,72 120,140,74 38,34,28 77,93,43 95,120,50 82,105,39 70,87,34 56,59,31 48,52,28 44,47,27 46,40,28 46,40,30 41,39,31 40,38,34 39,41,35 46,47,41 59,57,49 69,64,58 72,66,61 77,69,64 74,66,58 70,62,54 58,52,44 54,48,41 54,48,42 58,49,40 50,40,34 67,62,39 67,72,42 52,56,36 63,70,45 69,86,50 69,82,47 65,80,44 21,21,18 76,98,56 89,117,62 99,128,66 110,138,76 118,144,83 126,149,89 130,154,91 132,156,91 127,153,86 121,147,82 117,144,78 
124,144,82 118,135,75 101,117,60 117,129,70 122,133,73 114,131,67 39,38,27 56,68,32 82,105,38 77,95,37 70,81,37 57,55,31 42,42,23 46,44,29 46,39,29 46,46,30 47,47,41 47,47,39 50,52,46 63,60,55 81,74,71 87,79,77 85,77,74 90,80,76 85,76,70 77,69,61 69,62,52 53,48,39 55,50,42 55,49,41 63,50,40 50,41,32 65,59,40 55,51,38 57,60,38 66,77,47 68,85,48 65,81,48 41,45,31 79,101,57 85,109,63 86,111,61 85,110,54 105,132,70 113,139,75 120,144,82 128,151,90 131,154,93 139,160,96 143,164,99 
132,136,82 129,134,80 113,130,64 104,119,56 98,118,48 93,116,43 53,56,34 52,69,45 68,85,31 65,81,33 59,68,28 55,58,29 51,43,28 43,51,26 45,47,30 54,51,45 57,55,49 55,55,51 60,60,56 82,75,73 95,87,85 99,90,87 91,84,79 90,82,78 84,76,71 80,73,65 75,67,59 62,56,46 49,45,36 50,46,36 54,48,38 60,54,44 55,46,42 45,36,32 52,45,39 62,57,43 67,71,46 59,67,40 51,55,36 71,89,53 73,93,54 76,100,57 81,106,59 87,113,58 98,125,61 106,131,66 115,140,74 121,146,81 127,150,86 135,158,92 
123,140,67 106,128,48 96,119,39 94,117,37 87,110,30 83,104,33 53,54,29 52,58,31 64,77,29 58,66,25 52,60,28 49,52,28 48,42,28 44,55,27 49,52,39 54,53,46 54,54,48 57,57,53 67,66,60 88,82,80 91,83,82 90,82,81 86,79,76 90,82,78 87,79,74 81,74,69 75,70,62 75,66,58 52,41,32 43,39,32 46,41,33 49,45,36 57,49,41 47,38,33 52,41,39 61,53,44 60,58,40 48,48,32 59,54,38 68,81,50 71,85,52 70,88,51 68,87,49 71,92,54 73,97,48 86,113,56 98,123,63 102,124,64 110,132,73 118,141,80 
100,124,38 100,121,45 86,108,26 83,106,29 80,100,35 75,92,28 48,49,28 41,45,23 56,62,29 51,51,30 48,49,28 45,44,29 52,51,39 54,53,48 53,51,44 52,52,46 57,57,52 61,61,57 80,76,72 87,81,79 89,82,80 85,79,76 84,77,72 88,79,75 85,77,72 83,75,69 75,70,59 75,68,60 53,41,35 50,33,26 40,29,25 47,37,31 48,42,37 52,44,40 56,44,41 50,41,38 63,55,41 47,42,31 63,51,36 61,64,40 63,68,41 66,74,45 71,83,50 72,90,51 69,86,50 73,96,46 77,102,51 87,113,53 96,120,60 106,128,72 
87,106,33 86,107,30 77,95,28 70,85,28 69,83,25 64,74,22 55,50,34 44,43,26 47,47,26 46,48,28 49,48,31 53,49,38 59,55,52 58,57,49 53,53,45 55,56,49 59,60,53 69,67,60 85,80,77 92,86,83 93,86,82 89,81,79 86,78,76 89,80,76 87,79,75 83,75,70 78,72,62 79,72,62 80,69,62 54,40,33 51,36,29 50,36,28 49,40,34 45,38,32 53,46,43 60,50,45 40,32,28 35,29,24 65,55,44 60,60,36 61,65,40 64,66,42 70,79,51 71,82,53 78,90,54 76,94,57 70,85,51 75,97,47 85,109,48 87,109,59 
82,100,31 79,95,29 62,74,21 64,70,29 58,66,30 56,57,30 66,45,35 43,42,26 41,51,25 50,54,32 52,52,37 58,54,51 58,55,50 50,50,43 55,56,48 58,58,51 62,62,54 80,74,68 88,83,77 94,88,84 100,91,86 90,81,78 87,79,77 89,80,76 84,76,70 81,74,68 78,73,65 79,71,62 79,71,63 78,69,61 55,49,40 52,48,38 49,44,37 50,46,37 51,44,39 51,44,40 41,34,31 38,30,28 51,39,32 48,38,30 62,61,39 60,61,37 64,68,39 66,72,42 70,79,48 73,85,51 78,88,54 73,90,52 78,96,48 79,95,53 
57,65,26 60,70,26 59,66,24 60,62,30 47,48,29 52,48,29 69,39,30 41,49,30 42,55,28 50,49,37 63,59,56 58,56,52 52,52,46 56,54,48 58,59,51 59,59,52 70,68,59 86,79,74 96,91,86 95,88,83 92,84,79 92,82,79 96,88,81 95,86,81 84,76,71 82,75,68 77,71,64 81,73,66 83,74,67 84,77,71 62,57,49 53,49,38 50,46,38 49,45,38 53,46,39 54,46,40 45,40,36 50,43,40 42,33,31 50,37,33 63,53,41 55,52,34 56,56,36 61,64,39 65,71,42 69,76,47 74,83,54 81,91,59 81,91,58 80,95,54 
40,44,25 49,53,26 56,54,32 49,48,28 53,58,34 57,57,35 50,41,29 40,50,29 53,55,44 65,60,57 63,58,53 54,53,47 56,54,49 57,55,50 62,59,53 63,61,56 87,81,73 97,92,87 101,95,89 104,96,89 96,89,83 93,83,79 92,84,78 86,77,74 83,74,70 79,73,66 72,66,60 79,71,64 80,71,64 78,69,60 79,71,63 56,51,44 55,48,42 52,45,39 51,43,38 53,46,41 54,47,41 49,43,38 62,53,48 38,29,29 35,28,26 53,43,34 56,50,35 54,51,35 56,59,36 57,62,38 69,70,49 74,78,51 77,84,55 74,84,53 
49,54,31 48,51,31 53,56,34 52,54,34 57,66,38 63,64,37 47,41,31 58,51,42 67,61,59 62,57,52 54,51,45 54,53,46 57,53,48 61,57,51 61,61,53 67,65,58 87,82,78 104,98,94 108,100,97 104,96,90 102,94,87 104,95,89 96,87,82 87,78,75 81,74,70 80,73,68 79,71,66 85,77,71 83,75,67 85,75,68 82,72,67 71,63,57 54,49,42 51,47,40 51,45,37 52,46,38 53,46,39 57,48,43 49,42,37 63,52,48 44,34,30 31,25,25 63,50,45 58,51,38 61,57,38 62,59,44 59,53,38 63,65,43 80,79,53 74,83,53 
50,52,35 50,56,34 52,61,38 56,61,39 55,66,40 61,67,33 60,52,43 63,57,52 59,55,52 54,51,44 54,49,45 55,52,47 57,54,49 58,56,51 61,61,55 104,100,95 100,95,89 102,95,92 99,91,85 98,91,84 103,94,87 105,95,88 95,86,79 87,77,74 81,73,70 80,71,67 81,73,68 94,86,79 91,82,75 85,76,71 83,74,66 92,84,78 61,53,47 56,50,43 51,46,40 50,44,40 50,45,41 54,48,42 67,59,55 47,42,38 64,55,51 53,42,36 35,28,28 58,44,42 57,47,37 67,64,44 62,58,41 62,62,39 66,71,45 70,77,48 
57,53,40 58,54,40 63,57,43 63,56,46 58,62,41 70,60,53 63,57,55 60,57,51 55,51,45 52,50,45 55,51,46 58,53,50 55,55,50 57,56,51 74,71,66 98,92,89 90,86,81 95,90,87 101,94,89 100,93,88 100,92,87 102,92,87 99,89,80 89,81,73 86,79,73 85,76,71 85,75,71 92,82,75 93,84,78 99,91,82 100,93,83 84,76,72 80,70,62 55,49,44 55,49,44 52,47,41 50,45,39 51,45,42 53,45,41 66,57,52 55,49,43 67,58,52 49,39,35 40,31,30 46,35,33 53,46,36 62,58,38 66,66,37 68,72,46 65,66,40 
65,57,47 63,56,44 68,62,50 73,62,52 73,64,61 64,58,56 63,58,54 58,55,46 53,51,47 53,51,48 55,53,47 57,56,47 58,57,51 62,60,53 98,94,90 94,89,84 108,102,96 103,95,91 112,102,97 107,98,94 99,90,85 95,87,81 94,84,78 93,83,76 93,84,77 89,81,75 90,79,73 97,88,80 96,88,80 93,86,78 98,90,83 88,78,74 80,72,65 68,59,53 57,49,46 51,46,43 54,49,43 51,44,41 49,47,41 55,49,43 66,59,54 48,44,38 69,62,57 52,43,38 47,41,32 33,27,25 58,46,42 63,56,40 64,59,43 67,64,43 
61,71,41 66,79,39 63,63,40 71,64,54 67,61,60 66,58,56 59,55,45 56,53,47 56,53,50 58,55,50 58,56,52 58,57,51 61,61,54 75,73,66 101,96,94 101,96,91 92,87,83 87,81,79 98,92,87 109,100,96 104,94,91 93,85,81 94,86,80 91,82,76 92,82,75 90,81,74 96,85,79 97,87,78 100,91,84 92,84,76 95,88,79 98,89,81 84,75,71 84,74,69 66,58,53 56,50,47 58,51,45 52,47,43 50,46,43 52,47,41 53,48,42 65,59,53 43,39,33 64,58,53 49,51,38 47,40,34 38,29,29 49,37,34 49,41,30 71,67,45 
62,74,35 57,67,34 60,52,48 66,58,59 67,61,62 60,55,51 55,52,48 57,54,51 56,54,50 56,56,51 61,60,52 64,64,55 66,65,58 89,85,81 89,84,83 102,97,93 93,88,84 93,88,83 104,97,92 119,108,102 106,97,92 94,86,80 92,84,76 92,83,75 93,85,77 97,87,79 109,97,88 105,95,87 100,89,83 90,82,75 93,86,80 92,84,79 85,78,70 98,89,86 70,63,58 57,51,48 60,54,47 54,47,43 53,47,43 52,48,45 53,50,44 51,47,42 64,55,48 39,36,31 62,54,52 55,46,43 44,35,31 46,37,33 37,30,26 36,29,22 
56,64,33 54,52,44 68,60,58 70,62,63 61,56,49 59,55,50 60,56,51 59,56,50 59,57,52 60,59,51 61,59,52 64,63,56 74,71,65 85,80,79 96,91,88 102,97,93 95,91,85 106,101,96 105,97,92 116,105,100 100,91,85 94,85,79 89,81,75 89,82,74 90,83,75 100,91,82 107,96,87 105,96,90 100,90,84 103,96,89 97,89,84 84,78,73 87,80,75 84,74,70 93,85,82 61,55,50 60,53,49 57,50,47 51,47,43 51,47,43 55,50,46 56,50,46 56,48,39 54,44,39 31,28,26 65,56,54 54,46,42 40,32,27 44,36,32 33,26,26 
68,60,57 73,64,64 71,64,65 62,57,52 58,56,50 57,56,50 60,56,53 57,56,51 58,56,49 59,57,51 61,61,53 64,65,53 90,87,82 80,76,77 95,90,87 97,94,89 97,92,88 93,87,83 100,92,88 102,92,87 91,84,79 99,89,84 92,83,77 90,83,74 92,84,75 90,82,75 104,94,86 110,99,93 101,92,85 94,87,81 94,86,81 89,80,75 84,76,72 86,77,75 100,90,89 73,65,60 64,57,52 61,54,50 54,48,44 55,49,45 55,50,46 53,49,44 51,48,44 58,48,45 59,51,50 29,25,24 63,55,52 62,55,51 40,31,32 36,27,25 
72,69,67 74,67,68 68,61,56 62,57,49 58,55,51 57,56,52 57,56,49 57,56,48 58,59,50 59,59,53 60,60,50 77,74,66 92,87,86 78,75,75 83,78,79 84,80,80 87,83,82 88,82,80 96,89,85 98,89,84 93,86,80 100,90,84 99,90,82 94,85,76 91,83,73 89,82,74 99,90,78 98,89,80 92,81,76 94,87,81 91,84,79 87,80,77 81,74,71 91,80,71 78,70,69 79,70,69 64,58,53 61,54,50 65,56,52 60,52,47 60,52,44 54,50,46 54,51,46 58,52,50 58,48,46 55,48,46 31,27,26 58,50,46 58,58,57 45,37,33 
59,61,54 75,73,65 73,70,63 72,71,65 70,69,64 71,69,65 71,70,65 69,68,62 61,58,55 60,56,54 65,61,58 96,88,87 83,77,79 84,80,80 83,77,78 86,81,79 84,80,78 83,78,75 100,92,87 99,90,83 97,89,83 94,86,78 92,84,76 93,85,76 90,84,73 91,84,74 104,94,85 103,92,79 99,90,83 103,95,90 110,104,97 87,80,76 86,79,76 87,79,74 82,73,69 91,83,83 78,70,65 65,57,53 64,55,52 67,56,50 62,52,49 63,51,49 59,51,49 60,52,51 65,57,53 63,54,48 62,53,52 31,29,26 77,53,53 72,65,64 
61,57,50 238,234,227 238,235,228 237,232,223 236,232,225 238,235,228 239,236,228 202,199,194 63,58,56 64,58,58 79,73,68 77,72,75 75,71,74 81,77,77 79,74,66 81,76,73 84,79,76 87,81,76 98,90,84 96,87,81 95,88,82 94,86,80 91,84,77 94,87,78 91,82,76 96,88,79 104,95,87 110,101,91 112,103,94 103,96,89 114,109,102 107,101,96 97,90,85 104,97,92 87,79,75 89,81,81 102,93,91 73,61,57 67,54,51 68,54,49 62,50,48 63,51,49 67,54,51 63,54,52 60,52,50 61,54,52 60,53,45 66,59,57 35,33,33 53,44,45 
65,60,47 238,235,228 236,230,214 233,226,208 222,198,151 238,235,227 239,236,229 201,198,193 66,63,58 74,71,65 82,77,75 76,73,73 84,80,79 78,74,74 77,74,70 82,78,75 85,79,76 93,86,80 95,87,81 95,87,80 96,88,82 90,83,77 89,82,75 94,85,77 94,85,77 103,95,87 116,106,98 109,99,91 112,103,95 93,89,80 95,92,85 103,96,91 94,86,82 102,97,93 88,79,77 89,80,79 99,91,91 86,75,71 65,54,49 61,52,49 63,53,49 62,53,50 64,54,50 61,52,49 66,60,53 57,53,50 56,50,45 62,53,48 52,50,50 37,31,29 
57,52,49 239,236,228 235,229,215 227,219,200 193,178,145 232,224,205 228,223,213 197,193,186 66,64,60 80,75,72 90,84,83 75,72,74 81,76,77 83,79,79 89,82,73 85,79,78 88,83,78 91,83,78 94,86,79 94,87,78 92,84,77 105,99,92 90,83,74 91,83,76 94,86,77 108,99,91 105,93,80 121,113,106 109,101,92 97,91,83 99,93,87 107,101,94 90,83,78 96,90,82 91,85,81 90,82,79 94,85,82 108,98,96 74,64,57 66,58,53 70,66,50 63,56,53 63,57,52 64,56,51 61,54,51 67,60,53 59,53,51 54,47,42 40,38,37 71,66,67 
57,52,48 237,232,220 233,226,207 232,223,200 224,216,195 224,215,192 222,215,197 190,184,168 68,68,61 91,85,84 81,77,78 83,78,78 81,78,78 79,75,73 85,79,76 90,83,79 87,81,76 93,86,79 100,91,85 90,84,76 95,90,86 137,131,126 109,103,93 90,82,74 94,85,76 103,94,85 104,95,87 148,142,138 132,124,118 108,101,93 99,93,86 95,89,84 99,93,87 111,104,99 88,83,80 88,83,77 99,91,88 91,82,84 86,76,72 70,60,55 67,60,54 65,59,55 68,61,57 66,57,54 64,57,53 61,55,51 62,55,51 59,55,49 46,45,43 67,61,55 
55,52,50 235,228,208 233,224,201 221,223,199 232,225,208 234,226,209 233,225,207 197,190,173 79,73,68 90,86,85 77,72,76 83,78,79 79,77,77 80,76,75 85,81,79 87,81,79 83,79,75 94,87,80 98,89,84 84,79,72 85,80,76 136,129,125 132,126,120 94,87,78 97,90,80 102,96,88 129,123,116 149,143,139 111,102,96 108,100,94 113,106,101 104,98,91 101,96,89 109,104,101 103,98,94 102,96,91 105,97,93 88,82,81 93,85,84 76,66,61 70,63,57 96,89,86 92,84,80 35,35,35 39,39,39 53,57,61 113,114,103 75,78,61 42,42,42 59,53,50 
64,59,49 114,111,104 112,109,100 112,109,103 111,108,103 112,108,101 111,107,97 102,99,93 97,89,84 85,80,81 79,75,77 84,79,80 86,83,81 83,78,78 90,85,81 88,85,82 90,85,80 94,88,80 91,85,76 86,81,72 84,78,73 120,112,106 136,131,125 117,110,103 114,106,99 131,125,120 144,139,133 133,125,121 102,92,88 101,93,87 111,106,101 113,107,101 114,107,103 107,101,97 114,109,106 107,102,96 105,99,94 106,99,95 99,92,90 100,92,87 74,65,59 82,74,69 75,69,64 47,43,43 46,44,43 50,49,46 78,75,63 60,61,49 45,43,43 64,58,55 
73,65,52 62,62,62 64,64,64 40,40,40 30,30,30 30,30,30 30,30,30 36,34,34 86,78,75 70,66,68 87,83,83 90,86,85 86,82,81 84,79,79 87,84,80 85,80,77 88,82,77 97,90,83 92,85,77 90,84,74 95,87,79 100,91,86 134,128,121 135,129,124 102,95,85 133,127,121 142,137,130 109,100,93 103,93,87 98,90,83 113,105,100 106,98,93 109,102,97 105,100,94 115,109,106 113,106,104 95,89,82 91,86,82 73,70,70 80,76,74 65,61,57 51,49,46 62,58,56 56,51,50 54,50,48 47,44,41 48,45,44 61,58,58 59,56,55 45,43,41 
