161,162,162 160,161,162 161,162,163 163,164,164 164,166,166 164,165,167 165,166,168 168,169,171 168,171,173 188,192,195 190,192,196 194,195,197 195,196,198 190,190,192 186,186,188 188,188,190 191,191,193 190,191,192 194,195,196 190,191,193 185,186,188 188,189,191 195,196,197 198,200,201 207,208,207 205,206,205 197,199,198 197,199,199 201,202,202 204,206,204 209,211,208 208,210,207 207,209,206 206,207,204 205,206,203 206,206,204 204,204,202 203,204,202 206,207,205 199,200,200 184,185,188 180,180,185 176,177,182 179,179,184 170,171,176 172,173,178 179,180,185 186,186,189 187,188,190 183,184,187 
64,64,64 65,65,65 64,64,65 66,66,66 68,68,68 65,65,65 66,67,67 67,67,68 65,65,65 187,191,194 188,192,195 192,193,195 191,192,194 187,188,190 184,185,187 186,186,188 190,190,192 190,191,193 194,194,195 193,193,195 186,187,189 188,189,191 197,198,199 203,204,204 213,213,211 214,216,214 197,199,199 196,198,198 196,198,199 202,204,202 208,210,207 206,208,205 208,210,207 206,207,205 206,206,203 206,206,205 207,207,205 210,209,207 216,215,213 202,202,202 184,184,187 180,180,185 177,177,182 175,175,180 173,174,179 183,183,187 192,193,196 197,197,199 191,191,193 182,182,184 
71,72,72 93,93,93 108,109,108 112,112,112 104,104,104 114,114,115 103,103,103 113,113,114 95,95,95 188,191,193 188,191,193 191,193,195 189,191,193 188,189,191 185,186,188 184,184,186 185,185,187 190,190,192 192,192,193 192,193,194 185,186,188 187,188,189 193,194,195 200,202,202 211,211,209 218,219,217 197,199,198 198,200,199 197,199,199 201,203,201 206,208,205 211,213,210 211,212,210 209,210,208 211,210,208 207,207,206 208,208,206 210,210,208 211,210,208 194,194,195 187,187,189 191,191,194 187,187,190 187,187,191 183,183,188 189,189,193 202,202,204 200,200,202 190,190,192 183,184,186 
67,68,67 65,66,65 66,66,66 66,67,66 66,66,66 66,66,66 66,67,67 66,67,66 66,66,66 187,189,191 187,188,190 189,190,192 191,192,194 189,190,192 187,188,190 185,186,187 184,185,186 188,189,190 192,192,193 193,193,195 186,187,189 187,188,188 189,191,190 196,198,197 210,210,208 213,214,212 200,202,201 199,201,200 199,201,200 205,207,204 213,215,212 211,213,210 212,214,211 208,209,207 213,213,211 210,210,208 211,211,209 214,213,211 199,199,199 191,192,192 192,192,194 195,195,197 189,189,192 188,187,192 185,184,190 190,190,193 192,192,194 198,198,200 189,189,191 184,185,187 
66,67,66 79,80,79 86,86,86 84,84,84 85,85,85 64,64,64 64,64,63 63,64,63 64,64,64 187,188,189 185,186,188 187,188,190 190,191,193 191,192,194 187,188,189 188,189,190 187,188,189 191,191,192 194,195,195 195,195,196 191,192,193 188,189,189 189,191,190 192,193,193 204,204,203 209,209,207 203,205,203 199,201,199 200,202,200 202,204,202 209,211,208 212,214,211 216,218,215 204,206,203 206,208,205 198,199,196 215,215,215 150,153,147 176,179,179 183,185,188 181,183,183 190,191,194 188,187,191 185,185,188 186,186,188 188,188,192 192,193,194 187,188,190 187,187,189 185,186,189 
178,178,177 173,175,173 173,175,173 170,171,169 166,168,166 165,166,164 162,164,162 162,163,161 162,164,162 182,184,183 183,185,185 186,188,189 189,190,192 191,192,194 188,190,190 191,193,193 192,194,193 195,196,195 196,197,197 197,197,197 194,194,194 190,190,190 191,192,191 194,193,193 195,195,195 199,201,200 200,202,200 198,200,197 196,198,195 201,203,200 204,206,203 186,188,183 141,143,130 182,184,180 180,181,177 154,155,149 212,213,213 165,168,167 180,184,183 175,176,176 162,162,163 196,196,197 192,192,194 189,189,191 187,188,191 192,193,194 199,199,198 189,190,192 187,188,190 187,188,189 
195,196,194 198,199,197 196,197,195 191,193,190 188,190,187 183,185,182 181,183,180 181,183,180 180,182,179 180,182,180 181,183,182 184,187,188 189,191,193 190,191,192 190,191,193 194,196,195 194,196,195 195,195,196 193,193,194 195,196,195 194,194,194 190,190,190 191,191,191 195,196,195 194,195,195 193,195,194 198,200,198 200,202,199 193,195,192 188,190,186 167,169,163 98,99,80 124,126,112 167,169,163 163,166,155 97,99,74 115,120,105 146,150,147 154,157,154 150,151,150 117,119,114 176,176,176 190,189,191 197,196,196 194,194,195 195,194,195 192,192,192 191,191,192 189,190,191 186,188,188 
185,187,184 193,195,192 194,196,193 191,192,189 189,190,188 183,185,182 179,181,178 179,181,178 180,182,179 179,181,178 180,182,179 183,185,184 186,190,191 188,191,192 192,194,195 195,197,196 195,197,196 197,198,197 190,191,191 194,195,194 195,195,195 191,191,191 191,191,191 192,192,192 194,194,194 195,196,195 196,198,195 200,202,199 180,183,179 159,161,155 110,112,95 91,94,71 97,101,72 96,99,77 71,73,49 56,60,31 75,81,56 101,108,100 113,119,109 121,124,117 127,129,127 116,116,110 187,186,185 196,195,197 195,194,195 197,197,195 186,185,187 186,186,188 190,191,191 191,192,191 
179,180,178 184,186,183 190,192,189 190,191,189 189,191,188 183,185,182 177,181,177 177,179,176 179,181,178 178,180,177 179,181,178 183,185,182 187,189,188 193,196,195 195,197,197 197,198,199 197,198,198 202,202,201 194,195,194 192,194,193 194,194,194 192,192,192 193,193,193 192,192,192 191,191,191 198,198,196 195,197,194 198,200,197 160,161,157 130,131,124 84,87,65 89,90,68 59,65,33 100,104,86 133,135,129 79,81,62 74,77,56 77,85,62 123,126,120 158,160,156 113,116,108 115,116,109 143,143,142 153,153,153 173,171,170 193,193,193 193,193,193 192,193,193 196,197,196 200,201,200 
175,180,176 178,180,177 179,181,178 182,183,181 184,186,183 185,186,183 177,181,177 176,180,176 176,179,176 179,181,178 179,182,179 184,186,183 188,190,187 175,176,169 187,189,184 201,203,202 199,201,200 200,202,201 198,199,197 196,197,196 196,196,196 196,196,196 196,196,196 192,192,192 192,192,192 200,200,198 202,203,200 196,198,195 187,189,187 167,168,167 118,121,113 68,72,44 64,68,42 76,79,53 92,96,85 85,89,75 52,58,27 50,57,23 57,62,35 72,76,58 134,136,127 138,140,136 122,123,121 161,161,161 182,184,183 197,197,195 199,200,198 198,198,197 200,201,200 204,206,204 
161,165,159 176,180,176 176,178,176 177,177,176 177,180,177 179,183,180 178,183,179 177,181,177 176,178,175 176,178,175 179,182,178 186,188,185 153,154,146 122,124,112 124,127,112 180,181,176 158,159,153 192,194,191 198,200,198 197,198,196 198,198,196 200,200,197 198,198,197 196,196,196 195,195,195 201,201,199 206,208,205 195,197,194 172,173,169 122,123,116 136,139,134 65,70,39 53,58,28 73,79,60 50,58,29 72,79,65 58,64,34 42,46,19 39,44,22 61,65,50 47,52,32 62,68,50 102,107,96 159,163,159 202,203,200 200,202,199 198,199,198 201,202,201 211,211,209 183,180,179 
178,184,178 177,182,177 176,181,176 175,179,175 174,177,173 175,178,174 177,179,176 176,181,177 176,178,175 175,177,174 180,182,179 185,188,184 110,113,98 115,116,103 70,73,53 110,111,98 95,98,81 171,171,163 154,157,144 160,161,153 196,196,194 195,195,193 196,196,193 199,199,197 198,198,196 197,198,195 200,202,199 203,205,202 202,204,201 126,128,119 84,88,64 53,57,26 43,48,19 56,61,40 48,55,30 46,52,25 31,37,14 39,46,16 35,39,21 32,36,22 42,46,34 45,52,32 126,131,124 189,193,190 201,203,200 197,199,197 201,204,203 202,202,199 138,130,127 103,96,92 
146,150,141 181,186,183 178,183,179 177,182,178 176,180,176 174,179,173 173,178,173 174,178,172 175,178,174 175,178,174 176,179,172 96,101,78 109,112,94 73,78,56 67,73,47 58,67,31 52,59,34 63,72,37 68,76,44 84,89,67 174,175,169 174,175,172 177,177,175 194,194,192 195,195,193 205,205,203 197,199,196 176,177,174 191,193,189 191,195,191 67,72,49 43,49,20 36,41,17 37,45,18 54,62,38 48,54,30 22,28,16 30,34,20 36,38,23 41,46,28 74,82,64 141,147,142 172,178,174 162,168,163 185,189,187 205,206,205 155,153,152 96,88,85 111,105,100 122,114,110 
79,92,48 180,186,178 182,188,182 183,188,182 182,187,181 179,184,178 179,183,177 177,182,176 176,181,175 178,183,177 147,150,140 58,65,39 55,62,38 48,56,29 38,46,27 33,42,21 31,39,20 35,42,21 33,40,20 66,74,46 66,73,44 97,101,87 153,153,152 195,194,192 197,197,195 203,203,201 202,204,201 167,169,165 132,135,124 122,126,113 78,82,61 54,59,33 34,42,22 41,49,21 38,46,19 43,49,36 28,31,23 29,34,22 28,31,20 35,41,23 41,49,28 111,120,108 160,165,161 176,182,177 178,182,179 206,208,205 57,54,57 125,117,111 132,126,124 120,113,111 
76,86,39 94,102,74 183,187,179 110,117,80 119,108,80 145,139,126 150,145,135 151,146,136 152,150,139 144,146,129 135,140,118 36,45,20 30,38,21 34,43,23 33,40,22 23,26,20 25,29,20 31,38,21 27,32,21 42,49,23 34,38,24 42,49,32 126,128,120 143,143,138 188,188,186 197,197,195 187,189,185 160,162,153 109,112,97 66,72,46 64,70,47 41,49,22 32,40,16 30,36,17 41,46,31 28,31,25 26,31,22 29,33,22 34,39,23 42,47,25 44,51,38 65,74,56 121,128,117 111,117,106 152,158,153 130,129,128 96,93,93 110,104,103 105,96,95 113,103,103 
70,80,38 70,80,40 78,85,54 37,48,20 84,83,60 142,133,117 141,131,117 140,129,114 128,120,101 93,90,58 41,49,21 37,45,22 33,40,22 26,31,21 28,34,21 19,21,18 22,26,19 27,33,21 30,36,22 37,44,22 23,25,21 29,32,24 46,51,36 89,91,86 181,181,179 187,188,186 137,139,132 82,85,65 80,84,65 74,80,57 43,51,30 35,41,20 30,36,15 30,37,16 23,27,17 22,25,18 26,30,21 30,36,23 36,43,28 48,55,35 69,79,59 70,76,58 73,79,60 123,130,118 100,101,87 95,92,80 111,100,97 120,115,115 120,113,114 115,112,106 
71,81,38 66,75,33 44,53,25 61,66,38 78,72,58 57,55,44 107,98,83 131,120,105 119,110,96 90,87,61 34,40,22 24,29,20 30,37,21 33,41,22 39,48,24 25,29,21 25,29,22 23,26,21 30,38,23 31,38,22 27,31,22 24,24,21 27,30,22 70,77,51 137,142,125 180,182,179 143,146,139 107,112,99 62,67,44 42,50,27 37,43,25 29,36,22 28,36,16 23,27,18 20,23,19 22,24,20 23,26,22 26,30,22 32,36,26 39,47,23 68,75,47 65,71,44 73,80,51 109,111,104 102,101,92 113,111,103 124,120,119 124,119,120 124,118,118 63,69,49 
69,80,38 54,61,32 48,56,31 38,43,27 28,32,25 32,35,23 88,80,59 124,109,89 118,108,83 58,65,33 28,34,21 22,24,20 26,31,21 28,34,22 24,28,20 37,47,23 31,41,23 20,23,20 26,33,22 27,33,22 35,41,24 24,26,22 25,28,20 30,38,18 46,58,24 121,127,113 139,144,138 78,84,63 35,42,17 32,41,15 25,31,17 26,33,16 22,27,17 20,23,18 19,22,18 21,23,21 21,23,22 21,23,20 38,44,35 43,50,24 61,68,48 144,147,151 145,149,147 86,89,69 113,109,106 121,115,114 125,120,122 106,101,95 106,103,93 71,77,53 
78,92,43 72,72,50 48,49,35 39,42,28 40,42,29 57,58,39 136,123,101 135,120,97 103,95,66 40,47,28 23,28,22 21,23,20 23,25,22 23,26,22 24,27,22 25,30,22 23,28,23 20,23,20 21,24,20 21,23,18 27,31,22 24,25,20 25,27,20 26,31,18 44,52,30 50,60,39 67,74,39 50,58,17 42,50,16 27,33,15 19,23,17 25,31,17 21,26,18 19,21,19 26,34,19 24,31,21 25,30,22 22,25,21 28,33,20 39,45,28 72,79,74 79,84,74 140,141,144 89,89,78 108,106,97 118,118,112 100,97,93 49,54,28 51,58,29 45,54,24 
79,90,45 53,48,35 49,47,35 46,44,33 64,52,36 79,74,55 137,126,104 128,115,90 85,81,54 40,45,29 25,30,23 26,32,23 23,27,21 21,24,20 21,23,20 22,25,21 26,33,23 40,53,25 20,24,19 21,24,20 24,29,23 24,27,22 21,22,19 20,22,19 28,36,20 23,29,18 39,46,18 43,51,15 30,37,15 34,43,12 20,23,17 19,22,18 18,20,18 17,19,19 18,23,21 22,27,22 30,37,22 31,38,23 30,34,21 36,41,30 63,68,59 140,144,146 102,103,89 122,117,118 105,105,97 126,120,123 110,96,88 84,85,74 71,78,60 66,71,54 
80,85,47 69,54,32 58,52,40 57,51,38 93,79,59 97,87,70 141,131,108 143,131,107 62,63,44 51,53,36 24,27,23 34,42,25 25,30,22 25,27,22 23,27,22 23,26,22 22,27,21 33,43,24 27,37,23 26,33,23 29,36,24 21,24,21 25,29,20 22,25,18 21,24,18 23,29,18 28,35,17 30,37,16 34,43,15 34,46,10 26,33,15 24,30,19 17,20,20 16,19,20 23,30,22 25,31,23 25,31,24 32,38,26 33,41,23 35,41,25 66,74,59 96,103,97 78,81,60 118,114,116 124,119,122 127,119,122 126,117,120 127,120,124 120,114,113 98,96,91 
62,69,39 80,58,29 64,55,38 85,78,59 100,88,70 107,97,80 101,92,73 97,95,70 47,55,34 30,35,28 24,27,24 31,39,25 27,31,24 23,26,21 29,31,24 23,26,21 22,27,21 25,33,23 32,43,25 34,45,28 25,30,23 24,25,22 22,23,19 25,28,20 28,33,21 25,31,19 27,34,18 31,38,17 27,31,18 28,37,14 29,37,16 21,26,19 19,21,20 17,20,20 20,26,23 24,30,24 26,31,25 39,46,32 49,60,36 35,41,24 54,61,41 178,182,181 109,106,100 105,101,102 122,117,121 120,114,117 123,116,120 121,114,118 124,118,122 122,112,115 
70,75,44 71,52,25 54,53,27 91,92,72 133,124,109 125,119,102 121,114,94 74,77,54 33,40,31 35,44,30 29,37,26 22,27,22 26,29,23 24,28,22 33,39,27 23,26,20 22,24,19 25,32,24 27,35,24 28,34,23 26,30,23 24,26,22 23,23,19 19,19,17 20,21,19 21,24,19 37,41,26 23,26,19 22,26,20 22,28,18 23,28,19 19,22,20 27,27,21 16,19,21 22,27,24 23,29,25 25,30,26 28,34,26 55,64,40 54,64,32 49,56,31 90,99,75 107,108,101 103,99,106 118,114,118 119,112,115 124,117,120 122,113,115 129,120,125 124,112,112 
69,80,44 57,63,34 50,62,25 82,85,50 67,65,26 91,94,61 112,105,88 87,82,67 42,46,32 33,36,27 50,50,45 21,26,19 22,26,19 26,32,23 30,41,26 31,38,28 24,30,22 30,40,28 22,26,20 23,26,20 26,29,21 28,34,24 22,21,20 20,20,19 20,21,19 23,25,21 21,23,21 20,22,20 48,50,32 35,39,21 21,25,21 20,24,21 46,39,22 16,20,23 19,23,24 20,23,25 27,34,28 28,35,27 36,43,29 51,58,51 60,68,56 78,85,70 133,129,133 99,95,102 118,114,119 119,111,113 120,113,116 120,113,115 122,115,119 122,112,114 
65,77,44 60,69,39 60,67,31 70,79,44 74,84,48 81,86,48 108,102,87 89,82,69 60,58,46 64,61,50 60,57,48 25,28,20 19,19,16 20,22,18 19,22,18 32,44,29 23,31,23 22,27,21 19,23,19 27,33,23 36,46,28 26,30,22 22,22,22 20,20,21 22,22,21 20,20,20 23,25,19 29,31,24 55,60,37 41,43,28 22,27,22 23,27,20 65,49,21 23,28,25 19,21,25 22,26,27 24,29,28 25,29,26 36,43,26 80,90,78 86,99,88 130,141,131 128,128,131 108,103,110 115,107,112 120,112,112 119,108,110 119,112,113 121,111,110 119,109,111 
61,69,40 60,69,39 63,72,37 71,83,42 65,69,35 61,69,29 119,116,96 60,57,40 52,51,32 38,39,24 36,35,24 30,30,20 17,21,14 19,22,16 16,17,15 18,22,18 20,23,19 19,22,19 20,25,19 25,29,21 29,35,24 24,24,22 24,24,23 21,21,23 21,21,23 38,40,24 45,51,27 30,35,24 37,40,30 30,32,25 24,29,23 24,28,22 80,55,20 27,33,26 20,22,25 22,23,26 24,27,28 27,31,26 36,42,28 47,56,37 68,83,55 75,86,56 110,110,108 117,112,119 116,111,115 121,113,110 124,115,116 121,110,111 121,106,103 117,105,105 
44,47,24 56,65,38 59,67,40 57,62,38 66,77,32 58,69,30 109,114,80 51,54,35 68,72,45 44,44,35 54,52,40 34,34,26 26,36,16 27,38,21 21,27,17 22,30,20 20,26,18 15,16,15 21,26,18 31,43,24 24,26,19 27,27,22 26,26,25 24,23,25 22,21,24 24,24,23 30,31,24 28,32,22 28,30,25 27,28,25 47,56,25 37,45,24 93,61,20 25,30,26 23,25,26 23,24,26 26,29,28 29,35,27 36,43,29 47,57,36 56,68,45 59,66,40 103,100,91 108,102,107 65,64,62 49,47,42 82,77,77 80,75,75 77,69,70 81,73,75 
49,55,31 56,61,36 88,91,63 85,95,56 87,94,67 82,90,59 107,111,82 57,69,37 55,64,39 77,81,64 92,91,72 79,77,42 59,64,28 29,40,21 29,30,25 19,24,16 18,22,15 18,20,16 21,27,19 24,29,21 25,26,21 26,27,24 28,28,26 24,24,25 24,23,25 24,22,24 23,23,23 30,35,28 27,28,26 35,40,26 36,42,26 30,34,25 99,61,17 45,49,30 23,24,26 25,26,28 28,32,30 30,35,28 34,41,25 53,65,47 55,68,43 56,65,38 75,77,60 63,63,52 72,70,69 77,74,74 111,107,112 110,106,112 107,103,109 106,102,109 
58,63,36 67,65,43 95,93,74 97,102,83 96,97,76 86,96,60 69,79,40 71,84,39 56,72,36 69,81,47 67,66,34 43,43,21 62,60,50 28,36,16 86,81,77 74,69,65 54,51,47 17,16,17 26,24,24 22,22,22 42,40,46 56,62,48 33,34,29 32,33,30 28,29,26 25,26,25 28,28,26 33,34,32 38,42,31 51,65,33 40,49,28 34,35,27 99,65,17 49,41,26 24,24,27 28,28,32 34,35,34 39,46,34 49,61,39 53,66,47 59,70,48 61,71,39 85,85,81 102,100,103 83,78,83 96,92,95 121,114,118 117,110,110 114,108,114 114,106,112 
47,58,28 78,79,58 92,89,71 108,107,90 93,93,68 58,70,34 67,71,31 58,72,30 53,70,30 48,60,33 53,57,29 86,79,73 69,64,56 53,55,38 89,80,75 95,83,80 74,68,62 32,30,28 25,24,24 42,42,38 83,96,60 97,116,67 47,52,33 48,56,33 38,43,29 45,49,37 49,52,40 65,70,57 62,77,31 48,61,30 59,75,29 54,62,32 102,73,21 54,46,32 30,31,35 86,85,83 65,61,60 55,59,52 78,80,72 72,78,65 39,48,30 50,57,44 75,79,61 107,104,109 74,67,74 101,99,103 117,113,110 101,100,79 106,108,89 115,107,109 
55,67,33 90,91,72 101,95,88 114,109,89 76,83,51 43,53,23 61,61,30 55,68,31 56,71,28 45,59,26 58,69,29 63,67,45 70,69,52 62,61,44 68,68,47 67,69,46 51,61,34 29,32,20 31,32,24 34,37,25 34,38,26 34,40,25 27,27,24 28,28,25 30,29,28 27,25,27 41,44,31 59,68,31 55,72,27 48,61,25 52,66,31 51,59,26 74,71,31 39,45,30 36,40,30 58,64,46 77,81,63 91,97,80 99,105,83 46,52,38 45,54,40 42,49,35 66,72,56 113,108,113 82,75,78 101,97,99 91,96,74 91,106,68 97,106,77 110,106,100 
71,87,40 85,104,51 82,97,52 74,91,46 59,72,29 33,42,19 50,65,32 45,57,25 59,67,26 51,66,27 53,59,29 63,80,36 59,72,35 48,54,30 44,50,29 39,50,25 36,42,22 29,29,19 25,26,20 25,21,20 22,19,21 23,20,23 25,22,25 30,27,30 27,24,25 24,21,24 43,52,32 46,59,27 36,47,23 40,50,21 69,75,36 58,69,31 70,86,37 54,61,30 38,47,41 25,64,123 28,66,123 57,87,128 49,83,131 37,73,128 46,63,70 36,45,33 75,86,68 110,107,109 97,95,86 101,105,86 90,95,78 62,77,45 86,97,70 94,100,71 
85,102,56 86,108,48 82,106,46 56,76,63 43,56,44 46,62,28 61,78,28 55,69,28 63,70,27 70,70,28 56,69,30 48,58,30 46,47,30 52,51,37 43,42,29 34,36,20 35,31,21 34,26,22 31,25,23 33,27,26 40,33,32 45,37,36 49,42,42 48,43,43 43,39,38 36,32,32 43,48,28 44,56,24 53,56,25 50,60,28 76,91,38 70,79,33 60,77,33 67,79,38 47,56,46 33,68,127 38,73,133 34,72,133 17,60,138 12,56,144 57,84,96 43,53,37 61,74,50 94,101,81 106,104,95 91,99,68 88,92,70 56,70,40 63,75,44 66,77,46 
93,92,58 75,93,40 62,82,47 63,84,108 48,65,58 48,63,27 60,63,27 57,71,30 52,58,24 54,66,30 48,56,27 43,52,26 49,47,32 61,50,42 46,39,30 45,37,29 47,39,33 48,39,34 52,42,34 65,56,50 81,73,71 88,81,80 84,77,77 74,70,70 62,56,56 51,49,46 36,37,29 37,47,24 44,58,25 48,61,28 69,84,35 76,93,38 66,82,35 79,78,36 52,57,37 41,75,125 49,80,135 32,70,134 22,62,140 39,76,151 39,65,92 39,50,29 60,75,46 73,82,44 90,96,55 101,105,57 102,105,77 69,79,43 57,53,33 69,76,41 
86,80,48 72,86,40 68,84,36 60,75,35 68,67,33 67,71,34 37,46,25 34,41,21 32,41,20 37,47,22 40,48,23 41,42,24 56,50,38 68,59,47 64,55,44 63,55,46 65,56,46 78,72,66 98,92,89 109,103,102 111,105,105 113,107,108 110,105,107 97,92,93 80,77,76 58,55,52 53,51,45 49,53,39 41,45,25 34,44,18 74,78,31 74,89,36 62,75,33 69,85,33 67,83,37 54,87,94 34,70,132 26,64,134 12,55,136 12,56,142 48,77,105 75,96,51 73,94,51 85,106,50 80,99,52 76,74,37 86,100,46 76,97,41 80,90,41 72,87,49 
100,92,46 63,85,34 57,80,33 55,68,30 48,62,25 49,55,27 26,31,19 22,23,17 31,28,20 37,33,23 55,48,37 78,69,59 80,73,64 72,64,55 75,66,57 90,83,76 105,96,91 116,111,108 115,107,105 121,113,112 122,112,113 122,115,117 117,113,116 96,92,94 79,70,73 60,56,54 58,59,47 57,57,48 49,53,33 40,35,18 85,90,36 78,94,34 69,85,35 74,92,39 71,90,41 46,76,100 44,79,136 39,74,138 16,61,139 15,60,144 44,75,113 68,88,45 76,95,47 78,95,46 91,97,53 54,59,28 61,76,36 65,77,36 51,67,34 48,60,33 
69,72,37 59,74,30 52,69,30 49,62,29 51,55,31 50,46,28 35,33,24 39,34,28 58,51,44 69,64,51 77,69,59 74,62,48 82,73,65 99,91,84 105,97,91 111,102,96 113,105,100 123,117,116 128,122,120 132,125,125 135,129,131 139,134,138 119,115,118 108,96,101 102,88,90 76,71,62 58,64,50 50,50,43 30,36,16 34,37,19 74,85,32 74,89,32 73,88,34 75,93,39 70,84,35 44,71,118 35,73,134 41,77,137 42,79,144 32,72,147 52,82,121 77,91,50 75,92,46 71,86,44 80,99,45 76,95,47 79,89,50 76,91,52 52,66,36 58,72,40 
75,76,45 78,78,48 89,84,67 91,84,62 87,82,67 82,79,65 78,75,61 73,70,62 69,65,59 70,67,62 93,90,87 113,110,106 121,117,114 117,112,110 118,111,107 126,122,120 123,117,115 129,123,121 129,119,114 136,128,127 141,135,136 141,136,140 114,103,107 104,93,97 101,91,91 90,90,70 75,75,64 70,71,59 41,51,26 45,56,24 55,70,26 72,87,30 80,95,35 72,85,30 73,83,36 34,68,122 41,77,131 55,86,140 27,69,140 8,55,141 39,73,123 78,95,47 80,93,50 82,94,51 72,94,48 67,86,41 63,84,45 62,81,43 64,84,47 66,74,43 
107,98,74 105,102,82 99,94,81 90,88,77 75,73,67 71,69,63 79,76,73 100,97,95 115,112,110 127,123,121 129,127,125 122,121,119 125,122,121 132,130,129 133,131,131 135,132,131 134,129,126 133,125,122 133,123,117 138,129,127 138,131,133 125,115,105 115,101,101 119,102,103 104,91,90 95,96,65 79,76,65 100,98,82 71,76,44 66,74,37 74,89,32 74,91,32 78,95,37 76,81,31 77,89,36 73,85,56 77,96,56 76,96,72 69,87,95 64,85,102 71,90,105 90,96,50 95,87,52 92,83,46 83,54,36 46,60,31 36,46,24 40,50,24 37,50,23 36,46,25 
87,84,77 87,84,79 83,81,78 95,92,90 112,108,107 131,128,126 137,135,134 135,132,130 132,128,125 131,128,126 134,132,132 135,133,132 135,133,133 134,133,133 136,134,135 137,134,135 140,137,136 135,128,126 126,114,109 143,136,137 157,146,139 105,95,86 105,97,89 100,90,83 103,92,82 104,97,68 77,71,64 119,111,97 91,89,54 91,84,52 80,82,43 84,83,44 76,86,35 87,87,43 90,101,46 73,82,39 87,97,42 89,91,41 87,92,43 95,96,47 84,87,55 95,98,52 91,97,49 85,92,50 69,80,45 52,69,31 33,44,23 41,52,34 37,51,27 42,54,30 
113,111,107 127,124,122 144,140,139 149,145,144 147,145,143 140,138,137 140,137,138 142,140,140 141,139,138 141,140,140 144,142,143 144,142,143 143,142,142 141,139,139 143,141,141 143,141,141 148,146,146 152,148,148 145,138,136 140,134,137 141,126,117 121,104,104 102,90,89 106,100,89 95,88,81 106,102,88 89,76,73 117,110,98 91,93,55 89,89,52 92,86,52 93,90,53 84,83,41 91,90,47 92,91,47 81,84,46 93,96,47 96,94,48 95,97,47 97,101,48 87,92,56 91,95,52 97,98,49 96,97,49 81,84,42 52,60,29 48,64,31 42,54,26 52,66,35 77,98,53 
155,152,149 151,149,147 152,149,148 146,143,142 142,140,138 146,144,142 145,144,144 145,144,142 145,144,145 144,142,143 140,139,140 141,140,141 140,138,140 144,144,145 146,144,145 152,150,150 155,153,154 157,154,155 155,151,152 150,144,145 133,117,109 110,94,95 117,104,102 115,106,106 107,100,97 117,102,93 97,84,84 121,114,114 88,93,55 84,88,49 86,82,49 88,79,49 85,78,46 92,88,49 99,93,53 85,83,50 96,97,51 98,98,53 95,95,52 95,97,53 81,88,55 89,99,50 92,96,52 93,93,49 94,95,45 74,79,38 41,46,25 59,72,33 53,40,37 64,81,42 
156,154,152 148,145,144 145,144,142 139,138,136 136,134,132 143,141,140 142,141,141 138,136,135 143,140,140 142,140,139 142,141,142 131,129,131 146,144,145 149,148,149 153,151,153 152,151,153 154,152,154 155,152,153 147,142,144 156,151,152 108,94,91 116,104,97 123,114,110 126,117,118 115,105,103 114,104,83 117,109,106 106,104,111 112,108,91 88,87,55 89,88,52 87,70,52 87,69,50 83,73,47 88,90,47 83,83,54 96,92,54 95,94,50 97,100,52 102,98,55 89,85,62 88,90,52 81,91,48 85,89,43 84,90,44 81,95,43 77,87,42 59,66,34 78,70,68 41,46,35 
144,141,140 238,235,228 238,234,225 233,225,206 235,231,223 238,234,228 239,235,228 211,208,203 143,141,142 148,146,148 142,140,141 143,141,142 152,150,152 151,149,151 148,147,149 150,148,149 151,149,150 155,150,150 150,143,145 155,150,151 109,99,90 108,99,96 112,104,101 120,110,105 113,105,99 108,100,87 107,101,80 126,123,128 119,118,122 117,108,98 98,85,63 97,85,59 103,87,63 97,81,60 86,79,55 79,74,54 94,88,55 95,95,56 94,97,59 94,102,61 89,91,58 88,94,53 84,94,48 77,85,42 68,84,40 67,83,38 66,80,40 69,81,37 35,36,29 24,25,17 
147,142,142 239,236,228 236,230,215 233,227,210 222,198,144 235,230,215 234,231,223 210,208,203 146,144,147 145,143,144 140,137,137 147,143,144 153,151,153 150,148,151 151,150,152 152,151,153 155,153,154 156,152,151 148,142,144 158,152,152 126,118,108 121,113,113 113,105,106 107,92,93 102,91,89 100,91,89 93,87,84 113,104,87 134,131,134 118,116,120 123,114,109 110,98,76 94,88,53 86,93,48 99,85,65 86,77,72 79,70,58 81,79,62 77,76,58 78,75,66 77,73,70 82,80,57 79,87,53 76,85,45 65,78,39 60,72,35 59,71,33 57,68,30 49,50,45 28,30,20 
147,143,142 238,233,223 234,227,211 226,218,196 199,184,148 227,218,194 220,213,194 201,195,183 145,144,147 149,146,148 145,142,144 153,151,152 147,144,145 146,144,145 149,147,148 155,152,153 151,148,148 151,144,144 156,149,149 156,152,155 128,120,111 123,116,119 113,101,100 105,89,90 103,95,96 107,99,101 98,90,89 93,87,80 108,107,83 145,145,140 114,111,115 109,104,104 127,121,113 104,99,73 101,89,65 98,81,66 98,84,64 110,92,72 100,87,66 89,77,64 82,70,64 83,71,66 72,65,54 73,83,51 64,73,41 59,69,35 50,59,28 47,56,26 37,38,34 27,29,21 
142,138,137 237,232,220 233,224,201 226,224,201 223,216,199 231,224,207 229,223,208 203,197,182 149,147,151 146,144,147 151,149,151 139,135,135 144,141,141 146,144,146 154,152,155 149,146,146 153,149,148 154,147,146 161,154,154 142,138,142 141,134,128 113,106,108 108,94,95 107,94,96 104,96,98 106,97,99 95,88,88 97,91,90 104,97,95 102,96,70 122,125,94 124,121,106 127,122,122 118,116,119 131,124,121 114,103,88 108,91,69 109,90,72 115,95,78 110,95,79 111,95,82 101,87,77 91,80,73 92,80,64 77,75,55 64,71,43 54,58,30 47,56,28 42,43,36 27,27,20 
150,147,146 235,228,211 233,223,198 230,226,207 231,224,207 235,224,204 232,222,194 208,201,185 152,150,153 143,140,144 148,145,147 145,141,140 148,145,146 147,145,145 148,145,144 147,142,139 152,147,147 157,150,150 163,156,156 149,143,146 169,167,172 145,138,136 125,105,108 107,95,96 105,98,99 105,99,100 95,88,87 96,90,88 98,91,89 96,89,86 93,88,81 102,100,68 111,111,76 125,118,104 124,121,123 113,112,108 134,128,130 128,116,106 115,100,85 111,96,80 116,96,82 132,118,106 132,121,108 36,36,35 39,39,39 53,57,61 113,114,103 75,78,61 42,42,42 45,48,30 
150,145,144 115,114,110 112,108,96 111,108,100 109,106,99 112,108,100 111,108,99 110,107,102 145,143,147 146,144,147 150,146,146 151,148,147 148,145,145 142,139,140 141,138,138 147,142,141 158,152,153 163,157,157 163,156,157 162,154,156 173,170,175 174,164,164 134,117,116 109,101,102 134,127,130 119,113,115 102,94,96 100,92,91 97,90,88 96,88,85 95,89,87 111,104,102 108,92,79 103,94,75 102,102,67 134,132,115 135,133,137 105,103,107 127,124,125 126,118,116 119,105,100 126,111,95 121,106,91 55,50,46 57,53,50 61,58,54 88,82,67 69,66,50 45,46,38 47,53,29 
147,142,142 62,62,62 64,64,64 40,40,40 30,30,30 30,30,30 30,30,30 46,45,46 159,157,160 149,147,148 149,144,144 142,138,137 142,138,137 149,147,149 149,146,148 152,146,146 163,158,159 176,172,173 176,171,172 172,168,170 174,170,174 159,150,155 140,127,122 113,104,105 117,109,113 99,92,94 97,90,89 98,92,91 97,89,88 98,91,89 103,97,94 114,106,98 106,90,88 104,89,86 94,87,81 104,101,79 117,115,88 115,116,110 84,84,85 74,74,76 83,80,80 71,67,67 80,75,72 80,75,68 73,66,60 69,61,55 67,60,54 75,66,61 63,59,51 41,43,32 
