58,77,23 44,57,26 31,37,25 36,44,24 41,52,24 35,44,25 39,44,24 39,48,25 45,53,32 39,48,25 47,52,25 53,58,29 82,84,53 113,118,100 199,204,200 206,208,208 201,203,204 196,197,200 198,199,201 201,202,204 199,199,201 198,198,200 199,199,201 199,198,201 199,198,201 196,196,198 195,195,198 195,194,199 192,194,199 191,194,199 190,194,199 191,196,200 192,199,203 195,203,206 200,209,212 203,212,214 70,74,57 40,46,30 38,47,22 25,28,22 30,35,23 26,32,23 25,28,23 26,29,24 22,24,22 24,26,25 24,26,24 30,33,26 86,98,29 82,95,31 
40,44,34 38,39,35 35,36,33 37,38,35 41,43,37 38,40,33 36,36,34 37,37,34 37,39,33 53,60,31 73,78,48 45,49,24 69,73,40 143,145,130 188,190,185 203,205,203 203,205,204 197,198,199 195,196,198 197,198,200 196,196,198 195,195,198 198,198,200 199,199,201 200,199,202 197,197,200 195,196,200 195,195,201 191,194,199 191,194,199 191,195,198 191,196,200 189,198,202 196,204,207 201,211,213 204,214,218 58,62,48 37,45,25 31,37,22 27,32,24 40,49,26 32,39,26 28,32,24 23,26,23 25,28,24 27,32,25 30,33,26 32,36,28 76,92,30 80,92,30 
45,46,43 72,73,71 88,88,86 90,90,89 85,86,83 95,97,91 81,81,80 92,93,92 72,73,68 54,63,27 64,75,30 60,68,39 70,75,47 75,79,48 137,139,125 202,205,203 204,205,204 197,199,198 193,194,196 194,195,197 195,195,197 196,196,198 197,197,199 200,200,203 199,199,204 201,201,206 195,196,202 194,195,201 191,194,199 191,194,198 191,195,198 189,197,201 194,203,207 204,212,214 207,215,217 215,225,226 88,92,73 42,49,25 26,30,24 28,32,23 37,46,27 46,53,31 47,53,30 33,41,28 39,49,25 35,43,27 57,72,33 35,42,27 74,87,33 53,62,28 
37,37,36 34,34,34 36,36,34 35,36,34 35,35,35 36,38,34 36,36,34 37,37,34 39,41,32 49,58,21 58,69,28 47,55,27 48,57,26 79,85,53 127,131,111 209,213,210 202,205,202 199,201,199 195,196,198 194,195,197 196,196,198 197,197,199 198,199,202 200,201,206 197,199,205 197,199,204 193,196,202 193,196,201 192,194,199 192,195,199 192,196,199 195,200,203 199,207,208 208,216,215 216,222,222 226,232,231 73,78,54 32,39,24 34,40,26 29,34,24 30,36,25 26,29,23 25,28,23 23,26,22 32,37,27 37,43,30 44,53,30 56,65,29 65,78,26 43,50,29 
35,35,34 52,52,52 60,60,60 60,61,58 58,60,57 33,34,31 36,37,32 36,38,32 37,39,31 45,55,22 37,46,22 42,48,23 39,47,24 65,70,43 75,80,47 190,193,186 203,206,203 202,204,202 200,202,202 198,199,201 200,200,202 202,202,205 204,205,207 202,203,208 198,201,207 198,200,206 196,197,202 193,195,199 191,194,199 192,196,200 194,199,202 198,204,205 207,213,212 215,219,219 224,228,227 215,217,213 57,65,34 28,32,23 30,34,27 29,36,24 27,32,25 25,27,26 32,39,25 28,32,25 26,30,25 29,33,27 44,53,29 82,93,29 56,68,28 53,64,33 
26,29,24 27,29,25 25,27,23 29,35,25 35,44,28 35,40,28 32,37,25 34,40,24 42,50,25 51,59,25 49,56,24 41,49,21 43,47,27 51,60,32 64,71,42 180,184,178 206,209,206 206,208,205 204,205,204 205,206,207 206,207,209 207,208,210 208,209,211 206,207,212 200,202,208 197,200,207 197,199,205 194,197,201 192,196,201 193,198,202 197,202,206 203,209,210 210,215,215 222,226,224 230,234,232 161,164,146 39,47,23 34,40,23 29,36,23 40,47,26 26,29,24 28,34,25 34,41,26 29,32,27 33,38,28 29,34,27 29,31,28 60,72,29 43,53,28 43,48,31 
30,37,25 26,28,22 24,27,22 26,29,22 34,42,28 34,41,27 34,40,23 32,41,24 39,47,24 43,54,23 40,50,22 47,50,25 46,52,31 55,61,39 74,79,54 149,152,135 200,204,199 213,215,212 167,169,161 211,212,212 211,213,213 210,211,212 211,212,213 213,213,216 203,205,210 199,202,209 201,203,209 196,201,206 195,199,204 195,199,203 199,205,209 205,210,210 209,213,210 142,145,124 108,113,79 112,116,88 40,48,25 36,42,25 30,37,25 33,39,26 28,32,25 32,41,26 30,37,26 30,36,27 28,31,27 28,30,27 35,39,30 47,60,31 42,49,31 34,38,33 
24,29,22 23,28,22 25,29,22 27,29,23 29,35,24 38,50,26 27,32,22 26,30,22 37,49,24 40,50,22 40,49,23 50,57,23 42,51,24 56,63,33 58,62,39 110,116,93 120,125,108 152,153,147 129,131,122 216,218,217 214,215,216 212,213,215 215,215,216 218,218,219 207,209,214 201,205,212 205,208,212 200,205,209 199,203,207 198,202,204 201,205,207 208,212,211 201,205,197 105,109,80 93,98,64 67,75,30 46,55,23 25,28,23 27,32,23 30,35,26 52,63,31 37,47,26 38,48,28 33,40,28 27,29,27 25,27,25 33,36,30 51,64,30 54,65,28 41,48,34 
26,31,24 22,27,21 24,29,22 25,27,22 28,30,24 26,30,22 36,46,25 28,36,23 32,40,24 44,53,27 40,50,25 47,58,28 39,50,25 42,50,29 46,54,30 62,71,37 72,81,54 124,126,114 122,123,117 221,222,221 218,219,221 216,217,219 218,218,219 215,215,217 212,213,216 209,210,215 210,212,214 204,208,212 200,204,207 198,201,203 198,202,201 210,215,212 153,156,140 96,101,69 72,80,40 50,60,23 46,53,24 25,30,23 37,45,23 34,41,25 51,62,28 25,29,25 30,37,28 28,30,27 27,29,28 35,39,32 43,56,31 52,66,33 42,53,32 44,53,35 
26,32,26 24,29,22 23,28,21 25,29,22 23,27,21 24,28,21 37,46,26 37,48,24 40,51,26 44,55,26 42,54,27 50,61,29 35,44,26 33,43,27 40,48,31 45,55,30 53,63,37 57,66,46 109,113,105 223,223,223 224,224,225 221,222,223 217,217,219 213,214,216 215,216,218 215,216,219 213,215,216 205,209,212 203,207,209 203,206,207 199,204,200 203,208,204 146,150,136 122,124,106 59,68,31 46,57,26 46,56,27 28,32,24 27,33,26 29,35,26 27,32,26 34,39,29 34,40,30 34,39,29 30,33,28 45,58,28 54,74,27 44,55,31 38,45,34 41,49,34 
25,29,21 21,24,19 24,26,20 24,28,21 24,29,22 28,33,22 29,35,23 36,46,27 32,41,25 31,41,25 41,53,28 44,55,26 30,37,24 31,36,26 34,43,29 42,54,28 46,59,27 61,68,55 101,104,101 203,203,204 230,229,230 227,227,228 221,221,222 222,222,223 220,220,222 218,219,220 217,218,218 211,213,215 206,210,212 208,212,211 199,204,200 198,203,199 187,192,182 101,106,80 53,65,25 61,73,36 48,57,27 24,28,23 28,32,25 29,33,26 34,44,29 35,42,30 35,42,33 38,46,30 43,55,29 35,42,30 47,59,36 35,40,32 44,53,36 41,50,36 
29,34,24 21,24,19 23,25,20 27,33,22 32,41,26 26,32,21 31,36,24 29,36,24 33,43,26 33,45,25 33,42,26 44,56,27 50,58,30 34,39,26 31,38,28 36,47,29 35,47,24 63,75,46 140,145,134 112,118,101 198,199,197 232,231,232 228,227,229 225,225,225 223,223,223 219,219,219 222,222,222 214,215,216 204,208,207 205,210,208 199,204,199 178,184,168 106,113,76 68,78,36 54,68,23 43,53,28 47,57,30 34,41,30 34,39,32 33,38,30 37,47,32 32,37,31 33,38,31 30,35,30 37,45,31 45,50,45 32,37,32 27,31,27 34,40,26 31,38,32 
36,50,28 37,50,28 33,44,25 23,26,18 29,34,31 33,42,29 27,33,23 26,31,23 28,35,24 34,45,25 40,55,26 46,55,29 46,61,29 40,51,27 31,40,27 46,60,39 42,57,35 45,60,36 74,87,60 101,105,91 124,126,112 219,219,219 230,229,231 223,224,225 223,223,224 222,221,221 221,221,220 214,215,215 204,207,205 202,206,203 197,202,191 94,103,62 63,72,34 59,73,26 45,56,23 41,49,27 41,51,29 31,37,29 34,38,29 30,35,30 48,55,45 41,50,35 37,44,36 34,39,36 31,36,30 33,39,32 34,43,33 32,37,31 34,41,31 28,31,30 
39,56,29 48,68,37 36,49,27 26,31,19 21,21,17 23,27,16 21,26,16 23,28,19 27,34,22 25,34,24 36,47,26 40,53,27 37,47,29 38,49,26 24,28,20 41,55,35 47,64,40 50,68,42 57,74,44 85,92,65 92,95,72 141,144,129 230,228,231 226,226,228 224,224,226 222,222,223 220,220,221 216,218,218 209,212,210 197,202,192 116,125,88 77,89,45 57,69,26 52,65,27 36,46,27 56,67,29 38,48,29 65,78,33 49,59,33 28,32,30 46,53,44 54,67,43 42,53,37 45,55,42 40,47,39 45,58,32 47,60,40 27,31,20 34,40,32 24,27,20 
31,45,25 47,68,34 39,55,30 33,45,23 30,41,26 37,51,26 42,57,29 41,55,34 35,46,28 28,38,26 34,46,31 35,47,28 40,50,30 45,58,26 29,37,22 31,40,28 47,64,41 63,81,57 48,64,37 69,81,50 81,85,66 143,147,135 225,224,229 223,222,227 222,222,226 221,221,224 217,218,221 219,220,222 216,219,217 128,135,110 50,61,27 56,68,29 51,62,29 37,47,28 39,53,29 41,52,29 54,66,31 53,65,31 47,58,37 40,45,35 48,59,36 46,57,38 55,66,52 41,47,36 55,69,41 53,70,30 38,47,29 27,30,22 25,28,21 30,37,22 
35,46,32 34,48,23 41,59,34 34,48,26 36,49,24 38,53,27 42,60,27 43,60,31 45,63,28 44,59,34 40,56,31 44,63,29 40,52,32 36,43,28 29,36,24 21,21,19 35,46,31 39,50,35 47,64,36 68,82,48 87,96,70 125,129,117 194,195,196 222,221,227 220,219,225 216,216,221 216,217,221 219,220,223 160,165,152 54,63,35 68,83,32 61,75,31 38,46,30 40,48,31 41,51,32 52,68,32 54,65,33 44,57,32 45,57,33 43,54,32 44,56,32 46,58,37 39,50,30 47,59,42 45,60,35 37,47,30 32,38,26 34,41,31 34,45,27 34,46,28 
54,78,45 43,64,31 29,42,24 28,40,23 28,35,23 23,30,18 21,30,16 32,44,21 36,51,23 30,43,22 38,54,28 38,55,28 47,62,33 41,55,32 29,35,24 33,45,27 32,43,28 26,31,24 45,60,38 56,72,40 87,104,55 86,99,57 157,159,154 209,208,213 216,217,223 215,216,223 213,215,222 217,219,224 81,92,71 61,75,36 70,85,34 60,75,33 58,73,33 57,73,32 59,73,37 65,81,37 55,68,39 44,56,35 47,60,33 55,69,38 36,44,27 42,55,30 39,52,29 28,33,20 36,45,33 25,29,20 32,40,28 37,47,30 46,56,41 36,45,34 
28,41,25 45,67,35 40,56,33 27,39,19 34,44,23 41,48,27 30,41,21 23,32,18 27,38,20 34,50,24 40,57,31 49,67,33 55,76,40 54,74,40 41,55,31 47,64,36 41,58,33 50,67,39 41,55,36 51,65,40 63,78,43 61,76,46 101,98,77 118,109,94 128,125,99 209,210,214 216,218,226 227,228,233 81,96,60 76,93,41 61,79,32 63,79,38 48,62,31 36,44,27 73,88,47 69,84,45 51,63,39 39,46,32 50,62,37 51,63,36 42,54,26 48,64,38 42,51,36 42,56,34 33,41,26 54,66,33 35,42,29 38,52,34 36,45,34 30,32,27 
24,33,19 30,42,19 41,57,27 38,53,27 27,37,22 32,41,22 49,68,35 53,74,44 39,54,33 39,57,26 68,88,49 38,54,26 57,78,38 52,72,41 47,66,36 30,36,25 46,65,36 55,75,43 61,81,48 51,67,39 56,71,41 62,77,46 83,94,58 95,102,61 91,100,51 185,192,183 227,229,234 175,181,171 67,85,40 68,85,40 54,67,33 56,68,38 39,46,26 30,31,20 42,49,27 65,80,45 60,72,45 37,45,29 52,66,36 49,64,36 42,54,35 45,53,36 47,59,36 43,54,34 33,42,27 38,50,34 39,49,34 46,59,43 43,54,38 45,54,42 
23,32,19 29,40,21 27,42,21 34,52,22 40,57,27 31,47,20 26,41,19 32,48,27 41,58,33 40,57,27 44,60,33 47,66,34 51,71,42 62,83,43 39,53,30 38,53,30 44,59,35 40,54,33 61,81,49 69,88,53 51,65,38 64,81,50 59,76,47 67,81,52 77,87,45 80,100,54 153,163,149 125,136,109 66,85,37 73,91,44 57,69,35 57,67,42 44,55,30 27,28,19 34,38,25 55,65,41 30,37,24 38,47,29 60,76,47 59,73,52 45,56,36 56,71,41 48,55,37 36,44,28 43,53,32 39,44,31 30,32,27 52,66,46 39,47,35 54,63,44 
28,40,22 28,40,22 28,41,23 33,45,26 30,44,22 36,52,24 34,49,25 47,68,38 44,61,29 40,58,26 44,59,30 60,79,41 60,80,44 56,75,43 35,46,28 35,48,28 39,53,29 43,56,33 43,57,38 60,76,46 67,83,48 61,78,44 59,76,45 59,76,50 61,71,43 65,83,44 71,91,55 69,86,52 57,72,35 54,63,34 50,60,30 46,56,30 39,47,26 35,39,25 24,25,18 48,59,37 52,62,36 55,65,39 48,60,35 33,38,26 42,51,28 49,61,32 52,64,37 40,50,30 60,77,42 36,38,26 17,14,15 36,41,35 38,40,25 53,60,28 
23,30,19 36,52,29 37,51,31 39,56,33 39,56,24 39,55,27 32,44,21 34,47,28 54,72,34 44,63,30 50,69,35 41,58,28 59,80,34 62,83,44 48,69,34 43,63,33 44,62,31 35,42,28 37,48,32 53,68,43 59,74,42 55,72,42 65,81,51 62,81,51 61,79,45 60,80,42 56,75,49 68,87,50 52,61,33 71,89,39 53,71,28 44,52,30 43,53,30 57,70,38 41,53,27 54,68,41 38,43,29 46,55,37 37,42,26 32,38,19 40,48,22 51,65,32 55,70,32 42,51,29 46,55,30 37,41,22 18,14,16 16,14,17 58,65,38 82,93,45 
25,29,22 28,32,23 29,32,25 43,58,37 31,41,27 30,37,25 26,31,21 32,41,26 26,30,21 41,54,30 55,72,39 51,68,34 50,65,37 45,60,34 42,57,34 37,49,28 34,41,29 43,41,36 47,53,39 44,55,35 55,70,39 47,62,37 59,75,45 55,75,45 63,83,45 66,86,41 62,83,50 68,86,48 62,74,36 60,79,31 41,49,24 50,58,37 63,81,49 65,83,45 54,71,38 51,63,31 40,44,30 51,59,36 41,46,27 50,60,33 54,67,25 54,64,28 48,58,27 42,47,25 36,40,21 38,42,22 20,15,17 17,14,18 92,99,57 96,105,57 
22,23,20 20,21,19 25,27,24 41,47,41 26,29,23 19,20,19 18,20,18 27,32,23 37,43,31 38,41,28 43,49,33 41,50,28 42,51,30 40,41,34 30,35,28 31,31,26 60,70,39 52,58,38 33,39,28 32,39,29 46,54,37 39,48,33 56,66,47 48,62,39 53,69,41 62,79,42 63,79,48 70,82,54 55,68,36 48,56,26 42,47,27 48,54,32 62,78,44 60,77,44 43,54,30 50,62,28 47,54,34 47,55,34 61,70,34 54,66,25 57,72,24 51,62,29 53,64,35 51,60,33 65,73,40 89,97,52 25,20,19 17,14,17 83,89,50 100,109,59 
24,25,20 20,20,19 33,35,26 40,47,33 29,33,24 21,23,21 19,20,18 28,32,23 29,32,24 38,44,29 50,62,36 45,58,28 42,55,29 43,44,40 27,27,26 38,41,29 53,68,33 54,62,41 37,43,32 33,32,32 24,26,26 38,36,35 98,86,83 94,82,78 86,77,74 110,97,92 101,86,82 110,94,89 120,90,83 49,39,38 72,69,64 70,66,61 94,89,72 74,74,68 36,36,32 57,63,43 46,52,40 59,65,37 83,94,43 71,83,30 85,99,39 57,67,38 51,59,45 54,64,46 75,84,55 79,88,47 25,21,20 18,14,19 63,65,38 71,75,46 
35,37,22 31,30,23 43,36,30 38,35,27 32,35,26 33,38,29 29,30,25 44,46,30 33,38,25 38,43,25 40,42,26 36,43,24 48,68,40 49,63,44 30,33,28 49,63,31 40,52,27 45,52,38 35,40,28 30,33,28 36,40,30 41,43,32 66,57,51 58,53,42 63,63,52 76,66,56 89,76,68 104,93,90 143,133,133 109,103,104 154,147,148 87,79,80 111,107,95 103,106,85 50,57,36 95,109,69 99,114,72 98,113,69 101,114,67 105,121,67 109,125,70 111,128,82 110,126,84 109,125,87 108,123,83 91,103,44 26,24,21 17,15,18 76,86,35 91,104,41 
37,34,24 31,29,23 41,36,29 37,31,26 42,39,33 44,41,34 32,27,24 49,43,37 50,45,35 51,46,37 52,48,37 42,38,31 50,49,37 44,43,33 33,34,30 42,44,32 43,50,31 49,51,40 46,44,33 49,47,37 69,60,50 88,75,65 94,83,75 111,101,91 132,120,111 150,139,135 158,148,148 148,140,138 131,125,121 87,80,73 81,86,64 63,64,46 81,97,62 84,104,60 59,66,40 98,113,70 100,117,71 111,124,81 115,128,85 118,131,86 121,133,88 116,132,85 114,132,84 109,129,79 107,128,75 98,115,69 19,17,18 17,16,18 81,95,57 94,112,58 
47,41,34 34,30,25 46,39,34 46,39,33 44,36,32 44,37,33 38,33,29 32,28,24 49,45,36 44,37,31 43,36,30 41,36,28 41,35,29 46,46,34 44,38,34 47,39,36 56,44,39 68,54,55 72,59,52 82,73,60 83,75,64 100,90,81 125,115,110 142,131,128 152,141,140 152,141,141 147,138,137 113,106,98 96,90,81 83,75,63 72,78,52 80,81,59 77,92,57 83,93,58 63,65,43 66,77,44 76,93,51 82,98,55 93,103,66 100,110,69 106,117,75 106,121,75 112,127,80 114,131,80 118,137,85 101,115,71 19,16,19 17,15,18 111,129,83 130,152,97 
47,39,33 32,28,25 44,37,30 45,39,30 46,39,34 44,38,31 39,33,29 35,36,39 37,32,26 40,33,27 40,35,28 45,38,32 53,40,37 56,46,41 56,40,39 66,52,44 71,57,51 93,83,78 81,74,61 91,81,69 100,92,82 117,109,103 130,121,116 141,130,129 146,135,136 148,138,138 147,136,136 130,122,117 108,105,95 110,103,93 103,94,84 88,75,62 76,82,54 73,88,52 69,79,51 66,74,46 80,90,56 84,87,56 84,86,55 85,92,55 86,95,54 90,100,57 92,107,58 98,114,66 105,121,71 38,34,26 20,17,19 17,15,19 111,128,84 129,146,96 
41,34,27 42,34,29 39,32,29 39,32,28 40,34,28 39,34,31 44,38,33 55,49,43 39,34,29 49,37,34 59,42,42 60,47,45 58,44,43 60,47,44 72,59,53 87,77,67 89,79,71 95,84,76 93,82,74 110,98,90 124,113,108 128,119,115 135,126,123 142,131,130 144,133,133 151,140,140 149,139,138 136,127,124 122,116,107 109,107,96 111,105,96 112,102,95 95,85,71 81,79,59 75,82,57 80,83,57 83,97,58 87,102,61 88,102,61 88,100,60 82,94,55 78,94,49 80,97,50 85,102,53 89,107,58 52,52,37 24,19,21 28,28,25 107,122,75 110,126,81 
39,33,29 41,35,30 43,35,31 42,35,30 39,32,27 38,32,27 53,40,37 71,49,49 61,45,45 59,47,44 66,46,48 68,51,51 73,63,54 75,70,55 79,75,64 83,80,67 82,75,62 86,82,67 107,97,87 112,102,98 124,113,111 134,123,120 139,129,125 150,138,136 148,137,137 155,144,143 153,144,142 142,133,130 133,125,121 113,108,95 112,106,96 116,107,100 126,118,114 99,92,78 92,88,71 86,80,63 75,87,54 70,91,47 73,95,48 75,97,52 72,92,49 86,108,57 89,108,59 88,106,57 87,106,58 62,68,43 23,18,21 48,53,36 94,113,62 98,118,66 
38,32,27 40,34,29 38,34,28 44,34,31 60,40,42 66,42,45 66,42,43 70,43,43 63,48,48 63,50,45 71,57,51 80,72,57 81,77,61 83,80,63 86,86,62 83,83,60 88,86,68 108,105,90 113,103,97 120,110,108 131,119,118 138,126,123 141,130,127 143,132,129 144,135,132 150,141,139 149,139,138 140,132,129 130,124,120 125,119,106 115,109,100 111,106,96 110,109,91 111,107,98 86,84,63 87,82,63 83,79,61 71,79,52 69,89,47 73,92,52 77,96,56 70,91,46 81,100,55 80,95,56 84,104,55 61,73,44 25,21,23 39,44,30 85,108,53 78,102,46 
43,35,30 52,36,35 65,41,42 64,46,43 73,46,48 63,47,46 63,47,46 70,52,49 79,65,57 83,75,59 83,80,61 87,93,70 90,95,66 90,91,65 79,76,58 87,83,67 118,111,99 118,108,100 126,115,109 131,118,116 134,123,120 139,127,125 144,133,131 145,136,134 141,134,132 149,143,141 152,144,142 142,134,131 134,127,124 130,124,118 123,113,100 108,104,94 104,99,86 104,102,78 111,108,100 103,98,86 93,86,71 94,92,72 76,76,54 74,84,49 73,93,51 78,97,55 77,93,56 56,57,45 62,69,46 60,66,45 28,22,24 48,54,38 87,110,56 85,109,55 
70,48,48 63,53,44 68,59,47 62,57,42 76,48,50 66,57,44 70,53,48 81,73,59 86,80,62 85,88,64 84,96,65 93,94,67 86,84,61 87,84,65 88,85,68 117,106,95 126,116,109 130,120,115 135,124,119 137,125,122 140,129,127 143,132,131 145,133,133 147,137,136 146,138,136 148,142,140 150,143,141 147,138,136 138,130,127 125,118,115 130,120,114 117,108,100 106,103,96 98,95,84 99,98,80 114,111,108 111,104,99 93,84,73 98,91,76 93,88,67 72,74,54 71,79,56 69,74,54 68,74,52 60,65,43 50,48,39 37,29,29 54,57,42 90,113,63 92,115,64 
66,59,47 66,66,45 69,61,48 72,58,50 85,65,60 71,65,54 94,85,68 88,87,67 86,94,65 83,93,58 83,86,59 88,89,68 91,89,69 95,93,74 106,102,87 115,106,101 125,116,110 132,122,118 136,125,121 147,135,132 151,140,138 156,146,144 158,148,147 158,148,147 161,153,151 166,159,157 162,156,153 161,154,153 161,152,151 146,139,136 135,128,126 138,129,119 108,102,92 103,100,93 98,94,84 101,97,77 113,110,105 118,111,108 99,91,76 98,92,76 88,85,69 82,74,65 67,63,57 66,64,54 69,71,53 62,56,44 57,45,42 65,68,50 91,114,67 83,106,59 
63,68,46 71,63,47 71,58,50 68,62,50 72,65,54 75,76,56 82,82,63 82,91,57 82,89,54 86,88,62 90,89,66 93,90,75 97,94,72 131,123,106 117,111,105 121,115,109 129,119,114 139,129,126 145,134,132 144,132,130 146,136,133 147,136,135 151,141,140 156,146,145 158,149,148 164,156,155 161,153,153 161,153,152 158,150,150 146,138,136 141,132,131 140,133,132 121,111,98 107,101,94 104,99,93 100,93,85 95,93,71 105,104,93 120,114,112 100,90,79 89,83,69 78,74,63 68,62,57 66,59,55 62,58,51 57,47,38 62,40,39 70,66,51 93,112,74 92,114,71 
71,58,49 74,64,52 84,77,58 77,72,52 88,91,62 83,96,62 87,89,58 81,77,57 82,83,62 87,85,65 97,94,78 98,91,75 115,106,95 119,113,105 126,119,112 129,120,114 136,125,121 143,132,129 141,130,128 140,129,127 157,147,145 158,148,147 157,146,145 154,144,143 155,146,146 156,147,146 157,149,149 158,150,151 156,148,148 147,139,138 139,130,130 127,119,118 140,134,130 115,105,90 112,105,98 101,96,88 97,90,79 98,93,70 103,107,88 111,107,106 96,85,77 83,73,69 68,61,56 72,69,59 65,59,52 57,40,35 66,24,24 70,51,38 87,103,60 92,111,69 
81,73,56 90,80,62 82,82,60 84,92,66 78,89,50 86,88,58 82,77,63 88,84,68 92,85,73 89,87,72 103,99,80 116,108,100 116,111,105 124,117,110 129,122,115 135,125,121 147,135,132 143,133,131 145,134,132 150,137,136 153,143,141 157,147,146 158,148,149 158,150,150 154,144,144 157,147,146 158,149,149 160,152,152 162,153,154 153,145,146 143,134,134 138,129,128 129,122,121 118,112,96 107,103,89 109,103,90 112,105,94 106,96,89 89,89,63 94,102,78 118,114,112 120,111,109 86,74,68 70,63,55 66,61,50 58,43,39 64,34,31 68,49,37 72,81,52 75,92,50 
81,77,58 86,91,66 86,102,60 89,96,58 93,83,62 86,79,62 89,85,65 100,95,76 93,89,75 97,92,75 114,105,97 118,112,108 125,120,114 131,123,118 137,127,123 139,128,125 131,122,119 143,132,129 146,133,131 145,133,131 149,138,136 153,143,142 148,138,138 148,138,137 146,135,136 150,140,139 158,149,150 157,147,148 153,144,144 154,146,145 147,138,138 137,128,128 123,115,114 126,119,115 117,109,83 104,99,89 103,98,88 107,100,95 97,88,81 87,83,60 93,97,76 105,99,99 89,76,71 69,58,53 62,54,47 55,42,37 57,43,35 67,57,46 77,70,56 65,63,46 
89,97,78 85,96,59 86,91,56 93,90,62 95,90,69 88,85,66 100,96,72 103,95,78 109,100,81 132,122,115 118,112,109 126,119,115 130,124,119 132,122,117 139,129,126 145,135,133 140,130,128 144,133,131 144,132,130 141,130,127 149,138,136 153,143,143 151,142,141 147,137,137 146,135,134 149,137,137 158,149,149 152,143,142 151,142,141 144,137,134 150,140,141 140,131,131 130,121,120 117,110,110 134,122,111 114,109,86 106,102,94 102,98,92 106,100,95 96,88,79 95,89,67 99,100,77 106,105,98 84,75,75 69,59,50 67,58,47 61,51,43 78,68,60 84,77,65 94,89,70 
88,92,61 91,97,64 92,95,66 89,87,63 99,93,73 96,88,74 96,96,70 106,99,81 139,129,122 124,116,111 140,133,127 130,123,121 138,131,127 147,135,132 150,140,139 145,135,133 144,134,132 142,131,127 142,131,128 142,132,130 150,139,138 152,143,141 153,144,143 151,143,142 151,140,140 152,142,141 154,144,145 153,144,143 151,143,141 141,134,132 143,133,134 137,128,129 130,122,122 124,115,115 128,121,123 122,116,98 117,106,94 106,100,93 108,100,96 103,95,89 97,88,81 92,86,66 94,96,70 106,101,98 101,93,92 86,72,63 83,73,62 98,89,79 80,75,62 76,69,55 
94,81,62 114,107,85 92,91,69 97,92,73 103,95,84 106,99,79 100,91,72 136,129,125 131,123,122 131,122,117 123,117,114 126,119,116 138,130,128 147,138,136 142,131,130 140,131,129 140,131,129 137,126,122 147,137,135 148,136,135 147,135,134 151,140,138 148,139,138 141,131,132 145,135,135 151,142,141 146,135,135 150,141,141 149,140,140 149,139,139 144,135,136 139,130,131 128,118,120 126,116,117 118,111,111 142,133,134 113,107,83 109,103,93 114,107,103 112,105,102 104,99,92 101,93,85 96,87,74 100,98,79 114,109,104 118,108,108 110,99,90 83,71,60 53,51,50 81,70,65 
86,78,64 101,93,80 102,97,82 105,104,82 99,95,83 107,94,80 113,105,99 113,107,105 122,115,109 128,120,116 132,123,120 130,122,119 134,125,122 138,129,127 139,127,127 144,135,134 139,129,125 142,131,128 144,134,131 145,134,132 143,131,131 145,134,133 146,135,135 143,132,132 142,131,132 150,141,141 147,137,138 150,141,140 146,138,138 143,134,134 141,131,131 136,128,128 129,121,122 128,118,119 125,117,115 128,120,121 134,127,117 113,110,83 118,111,101 116,106,102 120,110,107 117,106,104 106,98,93 101,93,77 101,102,75 117,111,107 121,113,114 128,116,116 85,62,63 89,79,70 
92,83,73 233,230,221 237,233,223 233,227,211 231,222,201 232,225,207 229,220,198 195,190,178 128,120,117 139,130,126 140,132,129 131,124,120 135,126,123 143,134,132 146,135,134 138,129,126 137,128,125 138,127,125 143,131,129 145,133,132 144,132,131 145,132,132 142,130,130 137,127,127 144,133,133 148,139,138 146,137,138 148,141,140 150,142,142 148,140,141 151,142,144 142,133,135 142,133,135 135,126,128 130,121,121 125,116,116 133,125,127 112,113,85 110,103,84 114,105,101 118,107,103 112,101,98 96,89,83 102,96,87 108,100,89 106,101,86 119,112,110 118,112,115 72,69,69 108,94,87 
90,87,68 239,236,228 235,229,214 232,224,203 217,196,147 231,225,207 223,215,195 195,189,175 132,123,121 139,131,128 135,128,125 133,127,122 135,127,123 139,129,127 139,130,128 138,128,126 142,132,131 147,137,135 143,132,130 145,134,134 144,132,132 147,134,134 143,132,131 139,129,129 142,131,131 149,141,139 149,140,141 150,142,142 151,143,144 148,138,139 148,140,142 148,139,140 146,138,141 138,129,129 133,124,124 127,119,117 121,114,112 141,133,127 106,101,72 118,113,99 109,103,97 123,116,106 102,97,91 103,97,92 110,101,98 106,101,85 113,108,91 128,121,121 58,57,57 145,136,140 
95,90,73 237,234,227 232,223,197 226,220,201 193,183,155 233,225,207 234,225,205 206,198,182 132,123,120 135,126,124 135,126,124 136,127,124 141,132,128 136,127,124 135,126,124 138,127,126 139,129,128 144,133,132 141,130,129 150,138,139 150,138,137 146,134,134 153,142,141 152,142,141 149,138,138 153,144,143 153,145,146 149,140,141 143,134,134 145,136,137 151,142,143 146,137,139 148,140,142 144,134,135 140,131,133 137,128,129 131,123,121 130,122,123 138,131,118 119,115,84 116,110,94 116,109,100 104,101,96 106,100,96 107,100,97 98,94,87 104,93,81 107,100,86 48,47,46 113,105,106 
94,85,73 238,235,227 234,227,207 232,221,194 220,214,200 223,216,199 225,216,196 203,196,180 132,124,121 133,124,122 134,125,123 135,125,123 143,135,133 139,130,128 133,124,123 137,128,127 138,128,126 137,124,122 146,133,133 149,138,137 145,132,132 148,136,136 155,144,143 149,140,140 148,139,138 146,135,136 150,141,141 150,140,141 141,131,131 143,133,132 145,136,136 145,137,139 150,142,143 147,140,141 141,133,136 136,127,129 138,128,130 130,121,123 151,141,144 131,122,101 119,114,84 124,113,109 122,112,109 104,101,96 106,100,96 103,98,94 112,102,95 110,101,85 57,55,49 132,124,124 
99,90,76 238,235,227 237,233,221 232,223,197 219,214,203 202,198,187 196,194,181 187,180,165 133,124,120 131,122,120 137,123,117 142,132,130 142,134,133 143,135,133 134,124,123 138,129,128 143,133,132 140,127,125 145,133,133 141,129,129 141,130,129 148,136,135 142,130,130 140,129,129 139,131,132 142,132,133 141,130,130 144,135,135 141,131,132 143,134,134 141,134,133 140,133,134 142,135,135 140,132,133 140,131,134 134,126,128 133,123,126 131,121,122 122,113,116 138,128,128 114,109,79 138,132,116 143,131,122 36,36,36 39,39,39 53,57,61 113,114,103 75,78,60 42,42,42 106,104,84 
113,102,95 116,115,112 115,114,111 113,111,107 112,109,103 109,106,98 111,109,105 107,103,97 133,125,121 135,125,121 149,140,138 150,140,139 143,133,132 140,132,131 132,123,122 138,129,129 139,129,128 138,127,124 138,125,125 136,125,122 139,127,126 145,133,133 153,141,141 145,133,133 145,138,137 144,137,136 140,130,130 143,134,134 145,137,139 144,135,136 144,138,137 143,135,134 143,135,135 142,134,134 143,135,136 139,131,132 138,129,131 138,128,129 126,117,119 114,105,107 125,114,105 120,125,85 126,119,99 63,60,58 61,60,59 64,63,62 90,89,76 75,75,63 59,58,56 99,89,76 
114,104,103 64,64,64 66,66,66 39,39,39 30,30,30 30,30,30 30,30,30 40,40,39 130,122,120 143,135,132 149,140,139 150,141,140 147,138,137 140,132,132 142,133,133 139,129,128 137,127,126 140,130,127 142,131,129 139,128,125 142,130,128 143,133,132 178,169,170 161,151,150 141,132,131 140,131,130 143,134,134 144,137,137 147,139,140 143,135,137 147,140,140 144,136,136 146,137,136 145,136,137 147,138,139 141,133,135 142,132,133 118,111,110 94,90,89 83,80,80 89,84,85 70,69,55 86,87,70 84,79,75 79,75,74 69,67,66 66,65,63 81,79,77 81,78,76 69,66,63 
