42,58,22 32,41,22 39,52,22 31,39,22 37,49,21 36,46,22 33,41,21 54,63,35 124,124,119 177,177,175 70,76,51 41,47,22 39,44,22 48,54,29 39,43,28 42,48,33 60,69,53 34,39,28 31,32,29 43,46,38 53,56,46 58,58,54 83,81,80 62,64,52 59,62,48 43,50,34 39,45,36 57,66,53 59,71,51 66,79,58 49,62,42 51,65,46 45,56,38 40,46,36 31,34,30 36,42,31 29,35,24 37,46,28 30,38,26 31,41,23 30,44,22 94,99,88 160,164,154 176,181,170 85,91,75 46,57,28 47,60,29 46,61,31 45,63,29 30,45,22 
37,41,33 37,39,35 34,35,32 36,36,34 37,38,37 35,38,32 38,39,34 41,42,35 52,52,49 154,153,153 59,64,44 38,44,25 52,55,40 46,51,26 38,44,26 57,60,51 55,59,50 28,33,24 34,37,30 34,36,32 41,42,33 63,63,59 59,62,51 63,66,50 64,70,57 55,64,50 56,68,48 63,78,54 69,82,60 60,72,55 47,60,41 55,69,49 48,57,43 33,36,31 30,35,28 52,60,47 55,65,42 41,56,29 35,48,29 32,47,25 36,54,21 76,85,62 152,156,133 192,199,187 145,151,136 60,72,43 49,67,34 40,54,27 34,48,26 34,50,26 
43,44,42 72,73,70 89,91,87 91,92,89 83,83,83 92,92,91 81,83,79 95,96,91 81,82,77 99,98,80 66,70,46 35,40,22 33,37,27 28,32,22 30,34,23 27,31,24 26,30,22 27,30,24 32,34,27 31,32,28 38,38,30 45,46,40 51,56,39 49,59,35 51,61,43 62,75,53 69,81,65 59,71,52 56,64,50 35,43,31 39,49,34 34,42,32 30,33,31 26,32,25 26,32,23 36,40,33 34,40,27 35,46,30 44,61,31 37,53,26 32,47,22 69,80,58 122,127,101 94,106,67 67,84,43 50,69,33 45,61,30 37,48,27 34,48,25 38,50,27 
37,38,35 34,34,33 36,36,34 35,36,34 35,36,34 34,34,34 34,34,34 36,36,34 39,41,32 48,58,23 44,51,26 44,49,27 28,33,23 39,44,35 38,41,32 28,31,22 25,27,22 27,31,24 30,33,26 31,33,28 31,32,28 37,39,31 46,54,32 52,64,40 67,81,63 84,96,83 42,51,37 42,49,37 43,50,40 45,57,41 48,60,44 41,52,37 34,43,31 33,41,29 30,39,27 24,29,23 28,37,26 31,39,28 33,46,27 39,53,29 36,47,26 80,91,68 97,109,77 46,65,27 36,54,22 40,54,30 42,56,31 30,46,23 29,42,23 31,46,24 
34,34,34 53,54,52 60,60,60 60,61,57 60,61,56 32,32,31 31,31,32 34,35,32 37,39,31 45,52,26 45,52,34 49,59,27 41,47,31 46,48,39 42,47,31 30,34,23 26,30,22 28,32,24 27,29,24 28,31,26 29,31,23 32,35,24 45,50,36 46,58,37 61,73,58 43,49,38 44,54,43 32,37,30 43,49,39 48,57,41 45,59,40 48,60,43 56,66,53 31,41,31 18,20,18 20,23,19 32,44,31 40,55,35 34,44,30 26,35,23 24,32,21 49,63,35 67,80,51 30,43,22 34,48,23 38,50,30 30,44,25 29,42,24 40,58,29 44,64,31 
25,29,23 25,30,23 26,29,24 27,30,23 34,43,25 33,39,26 34,40,24 40,49,26 40,47,28 39,46,28 32,39,26 36,42,28 37,42,27 37,43,28 28,31,24 27,31,24 28,33,23 27,30,23 26,28,24 28,30,25 31,31,28 39,45,26 48,55,38 47,55,41 41,52,39 37,43,34 29,33,28 26,29,24 56,66,51 39,44,34 39,46,35 44,52,37 54,63,52 28,35,28 25,30,24 23,30,22 28,37,28 36,45,33 32,41,28 29,39,26 27,38,23 35,49,25 40,53,30 36,46,30 26,32,25 31,42,25 28,38,24 23,30,21 25,33,22 37,53,25 
27,33,22 24,29,22 23,27,21 23,25,21 24,26,20 27,29,23 40,47,25 40,49,25 32,38,24 34,39,26 33,39,28 31,36,25 34,39,28 35,42,26 29,34,25 29,32,25 26,31,23 25,27,23 27,29,25 31,34,28 36,39,27 39,44,31 59,66,55 48,57,44 47,56,45 34,39,33 28,29,26 24,23,23 26,30,25 22,26,22 29,35,28 29,32,25 23,24,22 21,23,22 31,41,28 32,39,31 22,26,23 23,25,24 21,25,23 32,42,27 38,56,26 30,43,24 28,36,24 27,30,25 27,36,25 30,43,25 30,43,24 33,45,28 31,45,24 26,36,22 
34,46,25 29,37,24 30,38,25 24,28,22 23,25,21 23,25,20 33,39,23 36,43,24 31,34,26 33,37,28 38,41,32 39,45,27 34,41,27 31,37,27 31,40,26 29,32,25 27,32,25 26,29,23 27,29,24 28,30,25 29,32,24 36,40,31 49,58,42 46,57,43 34,38,32 21,23,21 23,23,23 21,22,21 19,21,20 19,22,19 26,32,25 23,28,24 29,35,29 35,43,31 35,46,32 37,50,34 33,43,32 27,33,27 31,38,30 37,51,30 52,72,34 33,47,25 36,48,26 41,54,29 36,52,25 27,35,25 25,30,24 28,39,25 33,43,27 23,26,21 
31,37,27 30,38,25 28,35,24 34,45,25 32,39,27 24,27,21 27,31,21 33,38,27 33,39,26 33,40,27 30,34,27 34,39,27 37,43,29 34,39,29 30,37,26 32,39,26 36,45,30 31,38,25 31,37,25 28,30,25 29,33,24 34,39,29 35,41,27 35,40,33 31,35,26 23,26,20 29,33,26 35,44,32 27,34,25 37,49,35 38,50,35 34,43,33 36,48,31 38,52,32 48,63,43 49,63,40 34,47,29 37,52,32 48,66,40 48,67,35 61,79,43 43,62,30 43,61,28 46,66,30 49,67,28 29,38,21 24,28,23 22,28,23 23,27,23 24,27,23 
32,41,26 32,39,24 29,36,25 24,29,22 30,35,24 26,30,23 32,37,24 30,34,25 31,36,26 32,38,27 33,36,27 35,39,27 34,39,30 35,40,29 38,46,30 36,45,29 29,33,26 38,47,27 35,46,26 33,39,27 29,34,25 29,34,25 25,29,21 30,30,29 30,37,25 30,37,27 50,64,39 43,55,33 43,56,38 54,70,48 52,68,45 50,66,44 49,63,42 52,68,48 53,69,45 51,68,38 42,56,37 39,56,33 45,62,35 40,55,29 32,42,25 52,72,30 43,62,29 45,64,29 34,46,25 34,46,25 24,28,24 23,26,22 24,29,24 27,33,24 
23,28,20 24,26,24 25,29,24 32,37,28 29,34,25 28,32,24 30,36,25 34,41,27 37,43,28 32,35,28 32,35,28 32,35,28 31,34,27 34,40,28 34,40,29 44,58,27 41,52,28 35,41,26 32,38,26 32,36,27 31,35,28 23,25,22 27,28,27 28,31,25 28,35,24 46,57,40 53,67,41 53,66,43 57,70,49 59,73,47 53,66,45 42,56,33 55,69,48 50,65,42 39,52,34 35,47,31 40,56,34 33,41,29 61,77,48 46,58,38 36,47,28 46,64,28 49,70,33 44,59,27 33,45,24 40,58,26 27,34,24 28,36,25 28,37,25 34,44,27 
20,24,21 23,21,22 19,19,19 24,28,20 22,23,20 23,25,21 30,36,25 32,38,26 33,38,27 33,36,28 30,33,28 30,32,27 39,48,31 35,44,30 30,34,27 33,38,27 40,47,30 36,42,29 31,34,26 29,32,25 37,44,31 33,41,30 25,29,23 38,46,35 38,49,33 52,65,43 54,67,47 59,71,52 52,65,46 47,58,37 48,59,41 47,61,42 33,42,28 32,43,27 30,42,25 42,57,37 35,47,30 37,49,31 39,51,34 32,39,29 44,56,35 48,62,34 63,82,43 51,71,29 57,78,28 59,82,38 44,62,29 30,38,25 31,41,27 31,42,26 
24,25,27 32,31,35 28,33,22 26,28,23 21,20,25 29,29,27 22,24,20 26,31,22 25,28,22 27,28,23 30,33,26 32,35,28 41,51,32 39,49,30 42,53,29 34,38,29 34,39,29 32,35,28 31,34,27 31,35,26 31,39,25 29,37,23 26,32,23 34,43,31 33,42,28 48,61,40 53,67,45 53,66,46 43,53,38 41,50,35 41,53,37 45,58,40 27,35,22 44,59,42 46,62,44 34,45,32 32,44,29 40,56,33 38,50,32 32,40,29 30,36,28 32,42,27 32,39,27 60,75,40 55,72,34 64,85,37 42,57,28 40,56,29 31,42,27 30,39,25 
63,58,77 48,46,60 21,24,18 27,30,23 25,29,20 28,31,23 30,31,26 24,25,22 28,31,26 30,32,25 28,30,24 32,36,25 36,42,29 36,43,29 35,41,31 34,38,30 34,39,30 33,36,29 29,32,26 28,31,24 24,28,21 22,26,19 23,25,21 34,42,31 43,57,38 53,67,49 48,61,41 50,63,43 54,67,47 39,50,35 37,48,31 37,51,29 31,42,28 21,25,19 16,19,15 21,28,18 44,60,33 33,41,28 38,52,30 33,45,30 28,32,27 27,33,25 28,32,24 32,39,27 41,56,32 54,66,35 46,60,30 30,39,25 34,46,29 26,32,22 
60,57,73 76,71,93 24,27,22 34,41,28 25,29,23 31,34,23 30,35,25 27,29,23 30,34,26 27,29,23 29,30,23 29,33,19 31,34,26 51,62,41 51,63,40 42,52,34 36,44,30 38,44,34 29,31,27 22,23,20 27,30,23 22,23,20 30,35,25 35,45,30 38,53,33 45,58,38 53,64,46 44,55,41 33,42,28 39,51,34 47,61,41 38,52,31 41,52,38 22,27,17 20,23,17 27,32,21 42,56,35 44,57,35 33,39,29 45,59,36 27,34,26 25,28,24 27,31,25 31,39,27 33,45,27 28,37,24 38,52,27 31,41,26 28,35,24 30,38,24 
80,78,89 156,148,169 42,41,44 30,32,27 42,51,33 33,35,27 32,39,23 37,43,29 29,34,23 30,34,24 27,31,21 31,35,22 62,74,51 56,70,42 41,53,34 38,49,31 37,48,30 34,43,29 30,37,29 25,28,24 38,46,31 35,41,29 32,40,28 38,48,34 37,50,32 44,58,40 41,49,38 24,28,23 38,52,32 42,56,35 39,50,32 46,61,40 40,52,36 29,43,22 31,43,26 42,55,39 37,46,32 28,31,23 32,41,26 32,40,28 29,32,25 27,30,24 28,35,23 26,32,21 32,45,26 33,46,28 34,43,29 41,50,33 32,41,24 37,50,36 
38,34,44 84,74,94 35,37,34 31,31,30 31,31,28 31,33,26 24,24,21 31,32,27 30,34,27 32,35,27 44,42,46 41,45,34 55,65,50 44,55,32 32,42,25 40,52,33 51,65,38 48,61,40 59,73,49 53,64,48 40,53,35 39,50,33 22,25,20 27,34,25 44,56,41 37,47,33 28,35,24 22,27,20 32,43,28 32,43,27 40,53,34 31,37,27 34,44,28 28,38,21 21,27,18 28,35,26 18,18,12 17,17,13 23,30,17 35,44,33 31,36,29 32,37,31 30,41,26 29,40,22 30,43,24 24,33,19 34,44,34 26,33,22 25,31,21 31,43,30 
48,48,45 30,28,25 40,48,34 52,64,37 29,31,25 26,30,20 33,38,27 23,24,19 31,37,27 28,32,23 43,46,36 67,77,58 48,57,40 36,46,27 36,48,31 52,65,37 42,53,32 40,51,30 34,43,30 33,42,29 45,58,39 41,55,34 21,24,22 26,32,26 35,49,31 40,51,31 28,35,24 24,28,22 45,59,40 42,55,38 43,56,37 31,38,27 39,50,35 29,39,24 18,21,15 16,16,14 17,16,12 17,16,12 24,32,18 30,37,24 32,40,27 30,37,24 32,45,28 30,42,27 27,33,21 23,30,17 26,35,20 26,35,21 23,27,19 24,28,20 
61,59,64 48,59,35 40,48,31 45,55,32 26,30,23 28,32,25 40,47,34 38,43,30 32,35,28 24,26,21 32,38,28 49,60,40 59,71,48 53,68,36 46,60,38 48,62,38 51,65,36 39,50,33 37,47,30 31,44,29 36,48,33 28,37,27 29,35,26 33,44,30 46,61,40 29,37,24 21,24,19 23,27,21 34,44,30 22,27,21 42,56,38 52,65,48 32,36,31 27,33,25 22,26,20 16,16,14 16,15,13 17,16,12 24,30,19 28,34,23 38,51,35 33,43,28 33,40,29 29,36,26 19,18,14 21,24,18 28,35,20 26,29,20 33,40,27 27,32,20 
57,54,56 45,55,32 55,70,35 57,72,36 35,37,28 47,56,35 35,39,29 30,32,26 34,37,30 40,46,32 47,56,40 62,75,54 52,63,41 63,80,47 53,67,38 67,82,48 48,59,34 56,69,46 51,64,36 37,49,34 30,36,27 23,27,22 34,47,28 42,55,39 32,39,28 33,44,25 27,35,23 26,35,22 24,30,22 23,23,22 30,35,26 41,48,38 23,24,21 23,24,22 23,24,22 21,21,18 15,15,13 17,16,15 21,25,15 28,35,24 46,60,45 45,58,34 40,53,37 37,56,32 39,55,35 37,50,34 35,46,26 38,52,31 42,54,32 39,50,29 
57,69,48 42,54,35 32,38,26 34,43,28 39,49,31 41,50,33 36,43,30 50,60,37 34,38,28 29,31,22 63,71,48 61,72,47 48,61,41 37,47,31 36,46,31 38,50,31 34,44,28 32,43,27 44,54,33 46,58,40 28,32,24 24,26,22 23,28,22 25,34,24 32,44,26 44,59,34 30,42,24 22,28,20 21,22,19 27,29,27 25,27,24 18,17,17 22,21,20 29,29,27 31,31,30 51,53,50 63,66,69 39,39,51 22,25,18 27,35,26 43,54,40 53,69,50 43,60,38 48,66,44 35,53,27 46,63,38 46,61,34 50,66,36 55,72,46 46,64,38 
53,67,38 51,65,39 45,57,32 47,61,36 45,57,33 42,52,30 56,66,41 42,52,32 34,36,27 43,52,37 51,61,42 55,65,48 65,78,50 61,77,49 51,68,36 56,73,36 35,47,26 38,51,31 32,41,26 28,36,24 24,29,23 21,24,21 26,33,23 35,48,31 43,61,34 35,48,29 23,29,21 24,31,21 21,21,20 35,38,38 22,23,22 18,18,18 22,21,20 41,42,44 48,49,44 68,69,67 80,84,89 36,38,45 21,22,19 23,28,18 34,44,30 52,67,51 43,58,43 45,62,43 37,48,26 44,54,31 52,69,40 43,54,31 28,34,22 27,29,22 
38,45,28 56,63,50 37,45,29 27,31,24 40,47,28 36,43,27 35,41,27 42,52,29 40,45,30 31,32,24 46,54,37 69,84,56 56,66,46 52,67,39 49,65,38 57,73,38 52,68,35 42,54,31 33,45,27 37,51,28 26,34,26 30,40,29 42,60,37 40,58,35 35,50,30 32,44,27 24,27,22 22,24,22 26,27,27 28,30,30 28,34,28 19,18,19 28,28,28 40,43,42 57,57,51 57,57,52 38,40,34 30,37,22 24,31,16 21,26,16 34,45,28 51,68,50 45,61,44 43,60,35 35,44,27 23,26,19 38,49,30 40,55,31 38,49,28 41,50,34 
45,55,30 47,51,38 40,50,29 38,50,28 51,62,34 54,67,37 40,51,31 39,51,28 39,45,29 35,39,29 57,69,50 64,77,53 65,78,50 51,67,32 45,59,34 34,41,29 52,67,35 53,67,36 36,49,30 32,42,30 28,38,26 36,49,34 43,60,40 34,48,28 35,51,30 33,41,29 23,23,22 25,26,25 27,28,27 32,36,36 35,42,34 20,20,19 26,28,22 65,67,74 36,38,32 46,50,43 26,29,20 28,36,20 33,45,22 28,38,20 41,52,36 39,51,30 34,44,24 32,43,23 34,45,26 34,40,23 21,23,17 35,48,32 42,57,36 30,35,21 
36,44,28 41,49,32 46,56,37 40,51,28 42,50,31 39,48,29 49,61,29 51,63,33 39,45,29 47,54,37 71,85,58 53,67,41 71,87,56 40,50,31 27,34,25 32,39,29 25,29,22 33,44,25 53,72,40 49,62,43 32,43,28 27,33,26 40,57,38 40,54,37 27,35,25 28,31,25 26,29,25 30,32,31 27,30,25 49,50,58 28,32,26 20,20,20 33,39,26 34,37,29 34,40,29 57,61,59 32,37,27 31,34,27 33,42,24 36,47,26 38,47,29 41,55,33 38,49,24 34,44,22 31,39,20 43,55,32 25,28,22 31,40,26 36,45,28 41,47,30 
45,51,37 60,66,60 30,31,23 33,35,26 36,41,23 31,36,24 35,41,24 26,29,20 23,24,21 37,36,31 62,70,55 61,72,49 46,53,37 30,33,23 29,35,26 27,30,26 38,47,32 36,45,27 43,52,37 33,43,30 32,41,31 27,32,27 44,59,41 29,33,25 28,32,25 28,31,27 31,37,31 38,42,38 26,30,25 41,43,45 25,28,27 20,20,20 45,47,47 32,35,28 36,45,30 62,71,68 45,56,34 36,44,29 49,55,31 35,44,23 30,36,20 30,36,19 37,44,29 44,54,32 38,53,33 50,66,49 32,40,32 28,36,23 26,30,20 33,39,23 
86,81,91 95,92,103 40,36,40 19,18,17 42,49,32 38,39,33 37,40,24 46,50,36 24,23,21 38,38,33 30,31,27 59,66,42 35,39,27 28,30,24 48,53,30 37,37,35 26,28,24 27,29,23 26,26,24 30,31,26 27,28,26 31,31,30 33,36,31 31,34,27 29,34,29 23,24,23 33,39,32 49,52,50 30,33,29 28,30,28 26,30,25 20,19,19 30,33,29 29,31,26 27,30,25 67,73,71 36,43,30 35,43,31 37,45,27 49,63,34 29,34,18 32,40,19 38,42,38 49,56,42 28,37,29 46,51,41 25,29,24 26,30,19 24,25,20 36,37,35 
113,109,114 89,93,106 48,46,47 15,15,17 55,59,54 56,56,49 37,38,29 31,32,27 36,31,32 45,39,43 36,31,33 64,63,50 41,45,25 27,26,26 79,80,66 73,70,71 34,34,32 44,44,37 49,49,44 47,48,43 35,34,34 32,31,32 29,30,28 27,29,25 23,25,25 24,26,24 32,39,28 33,41,25 29,32,27 26,29,25 25,30,25 19,18,18 30,31,30 23,22,22 27,30,25 65,72,70 52,60,43 39,45,31 38,48,28 61,80,38 51,62,29 54,72,30 38,43,34 38,45,36 27,33,28 38,40,36 30,37,26 23,25,19 22,20,20 33,35,34 
124,128,101 121,124,102 77,74,69 30,28,30 132,131,115 73,79,51 58,58,44 79,85,56 57,59,39 78,75,67 68,64,58 98,96,82 94,91,84 38,35,37 66,65,56 55,52,46 33,31,30 27,25,24 37,35,29 29,26,26 30,27,27 34,31,30 32,31,29 34,33,30 30,29,28 25,27,25 27,28,25 29,29,27 37,33,32 37,33,32 29,30,26 21,19,20 41,43,34 34,36,27 33,43,26 66,75,70 42,53,33 37,44,30 37,44,27 48,62,31 43,54,26 45,57,25 40,45,40 28,34,24 28,35,23 54,54,41 25,26,19 16,16,16 19,16,18 36,44,28 
88,101,60 89,101,61 43,45,33 41,42,32 84,98,56 74,88,46 71,85,43 69,81,41 41,44,30 44,45,34 43,41,34 48,45,38 44,40,34 31,27,26 34,29,28 36,28,29 29,24,26 27,23,25 37,30,29 31,25,26 39,35,33 43,41,37 39,38,34 36,36,32 44,38,36 33,29,28 38,36,33 45,41,38 42,36,35 41,36,33 34,35,32 26,22,22 45,43,39 47,41,38 48,53,38 69,74,70 39,39,30 30,31,23 46,49,33 39,49,26 41,51,28 39,50,29 52,62,51 56,75,46 48,64,41 55,64,50 30,32,24 23,23,18 22,18,17 44,52,30 
86,95,54 89,97,55 37,37,27 46,44,33 73,68,52 56,49,42 44,38,33 42,36,31 34,27,28 39,29,32 31,23,27 31,23,26 33,27,27 28,24,25 37,28,30 38,29,32 33,26,29 33,27,28 40,31,32 35,29,29 33,29,29 38,32,31 37,31,29 37,33,32 41,36,34 42,37,35 52,45,40 47,42,37 42,36,34 51,43,40 45,42,38 28,23,23 51,45,38 49,45,37 60,54,47 76,75,75 57,57,44 54,63,41 53,69,41 55,69,39 41,46,30 53,72,41 56,71,56 51,69,42 52,70,46 52,69,45 39,44,30 26,28,23 22,19,18 30,32,20 
60,58,39 62,59,44 29,23,25 38,33,28 55,45,44 50,41,41 43,34,33 35,27,29 37,31,28 36,29,29 35,25,29 38,27,32 40,30,32 35,27,29 43,33,35 48,37,39 42,33,35 43,34,36 44,33,35 41,31,33 39,30,32 39,33,33 41,34,33 43,36,34 46,39,36 41,35,32 48,42,38 44,40,35 41,35,32 47,43,38 53,46,42 33,29,31 46,38,36 42,35,32 45,37,35 82,80,82 54,47,41 54,47,39 52,46,37 48,44,32 37,33,25 45,48,31 52,62,43 47,61,37 58,76,47 53,71,40 44,55,35 24,25,22 27,28,22 47,59,28 
53,44,40 51,43,39 37,27,30 43,35,34 44,35,34 42,32,33 39,30,32 36,27,28 41,33,31 40,32,31 44,31,36 46,34,37 49,36,39 49,37,39 52,41,41 54,42,43 43,40,48 48,37,40 47,35,37 45,34,36 39,31,31 39,31,32 38,33,32 37,31,30 38,33,31 40,34,32 41,37,32 42,38,33 40,34,30 44,38,35 46,40,37 38,34,33 45,38,35 43,37,33 48,40,36 78,75,78 50,41,34 51,42,36 51,44,37 49,43,33 45,37,29 43,37,31 41,35,27 42,37,29 40,43,28 48,58,33 52,64,35 25,23,21 37,42,29 42,54,31 
50,36,37 45,32,36 63,48,52 49,36,38 50,50,42 48,38,39 47,35,36 46,35,35 45,39,33 43,41,32 47,39,36 52,42,40 50,40,39 51,39,39 49,38,39 49,38,40 52,43,44 46,36,37 41,32,34 40,32,33 37,30,30 38,30,30 39,33,31 40,34,32 38,32,32 43,36,34 46,53,38 44,42,35 39,32,31 42,36,33 45,38,34 53,43,40 62,53,49 47,39,35 50,40,37 79,75,79 48,38,35 48,38,33 45,39,32 47,49,37 42,38,31 44,36,31 48,40,34 47,39,33 48,40,33 49,43,36 50,51,33 34,35,26 38,40,28 39,51,27 
63,41,51 63,37,47 67,27,40 64,34,43 63,43,47 63,49,50 64,45,48 64,45,48 64,48,48 64,59,51 60,53,48 56,51,44 56,50,44 51,40,39 50,38,39 50,38,41 65,51,52 47,36,38 44,35,35 46,38,37 43,34,35 46,36,37 43,34,35 44,34,35 45,37,36 44,35,35 48,55,43 48,45,39 50,39,40 50,40,40 51,40,38 65,47,42 73,55,52 53,42,39 56,45,42 83,78,82 52,39,40 55,42,40 53,45,41 51,52,41 49,53,40 44,37,32 51,40,34 51,40,35 50,41,34 47,37,32 50,41,36 53,45,41 51,48,37 42,53,29 
63,42,46 63,37,45 72,49,55 61,45,46 61,43,43 59,48,44 56,50,43 66,52,49 64,53,47 66,53,50 64,48,45 77,45,52 73,52,51 74,50,52 75,49,53 73,48,54 81,41,53 69,42,50 69,39,51 75,39,54 66,44,51 67,49,51 66,45,50 66,43,52 68,44,52 63,48,52 65,52,53 71,45,52 64,43,48 63,42,49 65,45,49 71,54,44 78,42,47 69,46,51 72,49,54 92,79,88 70,43,49 67,45,49 67,48,51 66,52,53 65,53,50 66,47,51 65,46,48 65,43,47 61,44,45 67,41,49 64,44,50 61,38,42 61,35,40 59,47,46 
67,48,49 61,46,45 63,52,49 57,48,43 65,42,45 55,45,40 59,54,44 66,56,48 60,52,43 59,50,42 58,47,40 77,45,51 66,50,47 65,54,49 68,55,50 63,54,48 71,48,54 68,47,52 68,45,52 75,45,55 71,55,55 67,55,52 71,52,56 67,52,54 69,52,56 60,51,49 61,51,50 71,45,52 66,49,51 64,49,50 57,43,44 66,67,44 75,52,53 65,48,50 67,50,52 91,83,88 72,46,54 72,53,54 69,52,52 63,46,47 57,45,43 66,46,50 63,45,45 63,44,45 57,45,43 71,44,52 63,45,47 55,44,41 56,34,37 61,56,49 
78,64,60 83,69,64 75,64,57 76,59,59 81,57,62 74,61,58 73,53,54 70,52,50 68,49,49 72,54,53 69,51,51 84,56,60 73,49,52 74,47,51 66,48,47 70,45,49 73,51,54 74,50,53 75,49,55 80,44,56 72,53,57 76,54,61 73,52,58 74,51,58 71,54,55 70,50,54 69,51,54 78,47,56 70,48,54 70,49,52 69,53,53 80,63,55 78,54,57 72,50,55 75,51,56 112,105,116 83,52,63 77,58,58 82,58,60 78,54,58 78,52,57 75,51,57 68,48,50 67,46,49 67,49,51 73,44,53 61,45,46 61,47,48 60,49,46 63,52,51 
79,68,60 77,67,59 82,71,60 86,71,65 86,73,65 86,70,62 82,69,59 78,67,58 80,66,57 83,69,62 70,60,53 72,64,58 78,68,62 86,75,68 86,75,69 95,84,73 96,83,75 87,76,68 84,74,67 83,72,65 87,76,68 85,75,68 81,72,65 83,75,68 80,72,65 81,73,66 79,72,65 85,74,67 85,77,69 82,77,67 89,82,71 92,84,74 98,89,81 88,81,74 93,86,76 155,155,164 92,84,80 84,75,67 85,76,68 85,76,69 85,75,69 86,75,70 87,77,73 76,68,61 79,69,65 82,66,67 82,71,67 78,67,62 75,63,58 84,66,63 
94,86,90 95,87,93 82,72,75 85,77,73 86,80,70 80,75,63 84,83,67 82,77,68 77,70,62 80,69,62 83,76,62 79,71,63 91,79,71 93,79,72 92,80,71 90,78,71 90,78,70 92,80,72 86,77,67 87,76,66 87,76,69 86,74,69 86,73,65 85,75,66 82,72,65 82,73,66 81,73,64 79,69,58 84,77,68 89,81,72 88,78,65 92,81,73 99,88,79 94,82,75 99,90,80 126,122,128 90,79,69 99,86,74 95,83,74 98,86,75 97,84,75 95,84,75 101,89,79 89,79,69 100,93,82 89,86,70 94,84,75 92,83,70 80,77,61 102,91,78 
85,82,64 89,78,69 90,85,72 82,83,63 78,80,57 77,81,56 80,90,57 77,88,57 77,86,61 80,88,60 81,92,62 84,91,66 87,99,75 91,98,78 88,99,75 88,94,73 87,96,74 98,103,87 101,108,100 94,91,86 94,97,88 93,89,87 85,84,72 83,83,72 80,78,72 77,73,72 85,81,83 99,97,101 94,89,93 95,90,91 102,98,104 107,101,107 108,102,106 98,93,97 103,102,96 124,122,129 101,95,97 85,80,80 108,103,108 103,97,98 86,81,80 80,79,68 85,81,73 72,68,62 68,64,56 74,84,57 79,78,65 74,65,63 76,68,63 91,79,73 
80,69,60 86,77,64 80,78,60 83,76,61 85,74,61 87,75,63 78,70,60 81,69,59 85,82,63 84,85,61 86,83,63 82,83,61 86,89,66 86,85,68 91,91,71 94,91,74 97,94,76 97,91,73 94,92,73 90,83,72 103,93,76 92,100,71 81,90,58 83,80,63 88,87,69 80,89,56 87,84,69 82,94,63 92,82,73 110,100,88 91,81,74 91,87,77 99,88,84 99,85,82 100,89,80 126,119,121 102,89,83 102,91,82 109,94,85 100,88,77 93,83,74 111,104,89 94,87,71 98,91,77 90,89,76 80,85,64 79,84,64 82,82,71 59,59,58 79,80,76 
84,78,66 96,90,78 89,81,72 87,79,71 90,79,74 88,78,74 83,77,74 81,74,69 91,92,71 81,76,60 89,83,69 88,88,68 101,90,77 96,96,75 94,93,75 93,87,73 99,94,79 100,85,74 104,98,81 93,88,69 97,86,72 95,89,70 83,78,63 91,89,68 94,87,69 78,76,64 86,94,70 79,76,65 85,81,67 81,80,66 92,84,73 94,92,76 104,90,82 104,91,88 106,90,83 115,105,105 108,93,84 104,94,87 94,85,77 96,87,78 92,84,75 92,85,74 86,75,66 85,71,65 87,77,66 85,77,60 85,82,55 83,76,61 79,55,55 81,77,63 
81,77,62 231,229,220 237,233,223 234,227,212 230,222,199 233,226,209 227,218,195 191,185,172 86,79,68 85,77,67 90,80,72 84,75,68 88,83,69 87,79,67 87,87,67 86,83,68 97,86,72 84,77,67 83,74,69 87,84,70 92,102,66 97,101,72 86,85,71 94,90,66 85,84,66 85,79,70 87,88,68 94,86,75 82,80,70 87,84,69 88,90,65 103,94,82 98,88,81 104,95,89 113,100,94 114,101,95 118,100,91 120,104,97 107,97,92 97,88,80 97,86,76 96,88,81 97,89,75 95,86,78 103,92,86 100,87,79 97,84,73 101,93,78 53,49,46 89,76,64 
80,70,64 239,236,228 235,230,217 232,223,200 217,193,140 232,225,209 223,215,195 192,186,173 89,81,72 92,80,73 89,79,72 85,79,70 95,85,72 87,80,71 87,84,70 87,83,71 89,81,69 85,79,71 90,82,72 90,88,75 96,108,61 91,89,68 89,82,73 98,93,81 89,86,75 93,84,76 88,83,73 92,89,80 89,85,73 90,88,72 94,90,76 93,89,76 89,84,75 101,91,86 105,95,90 103,97,84 107,95,89 115,101,95 107,96,92 105,95,88 102,92,87 93,85,79 94,87,78 93,87,80 98,90,82 100,89,81 93,86,76 95,88,74 55,54,51 95,86,76 
79,71,67 238,235,227 232,223,197 227,220,202 189,178,147 233,225,207 234,225,205 200,193,175 90,81,78 91,83,78 82,71,69 102,92,83 98,88,78 88,85,72 90,87,72 95,92,77 94,87,79 90,84,77 97,89,80 94,95,74 96,94,74 95,88,79 98,92,82 106,98,89 85,84,76 82,83,73 95,91,81 90,85,77 97,91,83 99,92,84 103,96,85 100,89,81 90,85,77 94,86,79 98,89,84 102,96,88 102,95,84 112,100,96 102,93,87 100,91,86 102,94,88 95,87,85 88,82,77 88,82,78 97,89,83 99,90,83 95,88,80 90,85,77 43,43,42 106,90,67 
88,80,72 238,235,227 235,228,209 231,221,192 219,213,199 221,214,197 221,213,195 197,191,173 100,95,85 97,90,82 90,88,73 90,86,70 96,87,81 92,94,73 96,88,81 95,91,85 98,96,83 106,103,90 98,98,81 100,100,79 99,94,82 110,101,89 104,99,89 107,104,94 90,93,80 89,91,81 94,93,84 109,101,89 99,94,82 101,99,84 110,104,93 103,96,89 98,90,78 102,92,87 108,97,90 101,92,87 106,95,90 114,105,102 105,96,90 101,92,86 99,91,85 99,92,84 97,90,84 96,88,83 97,90,85 97,92,86 99,92,86 95,92,84 55,54,52 98,92,82 
98,81,79 238,235,227 237,233,223 233,224,198 223,218,206 205,200,189 201,199,186 182,176,162 102,98,84 96,95,74 100,91,75 105,95,85 108,105,91 100,95,82 101,95,88 107,103,93 104,101,80 107,101,87 99,108,80 99,108,68 93,102,71 98,99,85 97,104,84 92,109,73 106,112,85 101,106,89 106,103,92 105,100,90 106,102,90 112,103,92 113,104,93 110,103,95 101,92,82 109,100,94 108,100,91 120,108,99 114,104,94 129,116,107 116,106,102 114,104,97 112,104,93 128,122,111 124,116,109 36,36,35 39,39,39 53,57,60 113,114,103 75,77,60 42,42,42 101,96,87 
115,104,110 116,115,112 115,114,111 112,111,108 112,109,103 109,105,97 111,108,104 105,101,96 111,97,95 120,110,107 129,112,111 134,124,121 141,129,129 131,123,124 113,103,101 106,97,89 105,99,76 113,96,90 108,105,86 106,101,78 104,104,80 105,100,83 103,105,80 89,106,62 105,112,81 105,115,86 102,105,77 103,99,89 108,103,93 103,98,88 114,103,91 120,110,97 123,107,99 113,105,96 111,103,90 116,105,95 115,104,96 120,105,96 118,107,98 120,108,100 116,107,94 126,112,102 122,110,99 63,58,54 58,52,50 59,58,54 90,87,73 72,72,59 56,55,52 96,93,85 
93,84,86 64,64,64 66,66,66 39,39,39 30,30,30 30,30,30 30,30,30 42,41,41 141,127,131 160,147,152 148,137,146 166,156,163 173,167,175 172,168,177 119,108,113 145,135,137 157,145,149 154,145,152 184,176,182 185,175,180 155,143,145 171,161,164 179,170,173 144,135,131 143,134,131 131,124,119 149,144,141 145,138,141 136,131,131 137,129,129 144,135,135 156,147,149 149,143,144 124,118,119 128,122,120 136,129,126 147,137,134 117,109,106 90,86,83 91,84,81 90,85,83 86,81,77 85,80,75 86,78,73 80,72,68 71,64,60 66,63,58 80,76,71 76,74,70 64,63,59 
