172,173,173 167,168,167 165,166,166 175,175,176 184,184,186 191,193,195 168,168,166 194,197,198 194,198,199 217,220,222 207,209,210 205,206,207 183,182,180 186,185,185 226,227,229 226,227,229 224,225,227 218,219,221 224,225,226 225,225,225 224,224,224 226,226,226 216,216,216 210,209,209 213,213,213 216,216,216 218,218,218 220,220,220 222,224,224 220,221,220 84,83,61 55,57,27 39,42,22 36,37,25 38,38,22 49,47,26 30,30,20 39,41,25 34,35,22 26,27,19 47,47,25 49,52,27 92,92,82 109,109,102 161,161,160 209,210,212 212,213,216 209,210,212 208,209,211 209,210,212 
68,68,68 68,68,68 65,65,65 68,68,68 71,71,72 70,70,72 58,58,57 62,61,60 65,65,64 205,205,205 170,168,164 212,213,213 118,116,108 198,197,196 210,210,211 231,232,233 218,219,220 220,221,223 226,227,228 227,227,227 227,227,227 229,229,229 216,216,216 208,208,208 214,214,214 216,216,216 219,219,219 221,222,221 212,213,214 173,173,166 65,64,42 45,47,25 34,36,20 43,42,34 43,41,27 50,47,29 24,26,19 35,36,23 26,28,20 26,28,19 50,53,24 44,47,26 58,61,40 62,63,42 138,139,130 202,204,205 214,215,218 210,211,212 209,210,212 210,211,213 
76,76,76 99,99,99 112,112,112 114,114,114 109,109,109 117,117,117 110,110,111 106,106,105 85,84,82 125,124,110 131,126,118 96,93,79 90,91,74 104,100,85 108,107,94 138,139,131 148,146,139 208,207,209 226,227,229 228,229,230 229,229,229 229,229,229 213,213,213 209,208,209 215,215,215 218,218,218 220,220,220 222,224,223 206,206,208 82,80,67 58,57,35 48,49,23 31,33,22 47,45,36 40,38,28 22,22,18 21,23,19 23,23,19 23,24,21 29,31,21 35,35,21 25,26,19 36,39,23 42,42,23 63,64,47 166,169,169 209,211,213 209,210,212 211,212,213 212,213,216 
70,70,70 68,68,68 69,69,69 67,67,67 68,68,68 69,69,69 58,57,57 55,55,53 40,39,37 55,57,37 108,106,92 82,81,68 104,103,92 73,73,57 55,58,41 33,39,16 88,87,72 201,199,197 227,227,229 228,229,231 229,229,229 227,227,227 212,211,211 211,210,210 217,217,217 219,219,219 221,221,221 224,226,226 166,166,158 80,78,65 61,60,35 53,51,28 26,27,18 22,23,18 27,28,24 18,20,17 26,27,23 18,19,18 21,22,20 26,28,20 28,30,21 28,30,19 26,28,18 36,37,22 73,74,62 177,179,177 150,152,147 164,164,161 149,150,146 199,200,200 
67,67,67 82,82,82 88,88,88 87,87,87 87,87,87 69,69,70 48,47,47 51,50,49 34,34,32 23,28,16 32,37,18 49,53,32 95,92,79 67,69,55 62,65,51 21,25,15 27,31,14 103,100,89 201,200,201 228,229,231 228,229,230 227,227,227 215,214,214 215,215,215 218,218,218 220,220,220 222,223,222 218,218,220 116,116,98 49,50,31 59,61,29 53,52,27 43,42,31 24,24,21 22,23,19 21,23,19 20,21,19 18,20,18 25,26,24 21,23,19 22,23,19 23,25,19 34,35,22 50,51,36 106,109,99 132,134,122 106,106,97 111,113,106 166,168,164 143,142,132 
173,173,174 166,166,168 166,167,166 169,170,170 169,170,171 181,181,183 184,184,188 90,88,81 82,80,73 37,41,30 27,31,20 22,28,15 36,39,25 28,34,20 31,35,23 16,19,16 25,28,17 93,92,74 169,166,161 229,230,232 229,230,232 226,227,227 218,218,218 220,220,220 219,219,219 221,221,221 223,224,224 181,181,178 56,56,32 53,55,27 52,53,31 49,49,26 36,36,26 25,26,19 32,34,23 20,22,19 18,20,18 20,22,18 49,51,28 21,22,18 18,20,18 22,24,19 34,36,19 54,56,40 66,68,47 66,71,50 89,93,79 116,118,109 141,143,130 120,121,104 
198,197,199 187,187,189 182,184,184 187,188,188 188,189,189 141,140,138 197,196,197 198,198,199 150,148,145 82,80,74 30,32,24 27,28,23 27,30,21 34,38,28 19,22,18 17,19,16 19,22,16 57,58,42 180,177,174 226,227,229 229,230,233 225,226,227 218,218,218 222,222,222 220,220,220 221,222,222 225,226,227 180,180,178 57,58,33 44,47,24 46,49,24 42,43,24 28,30,20 31,35,19 27,30,20 18,20,18 20,23,19 35,37,20 53,55,28 21,23,19 20,22,19 23,26,19 34,38,21 42,45,28 87,91,74 76,77,59 61,64,45 115,117,104 79,83,62 54,57,35 
196,195,197 192,192,194 184,185,186 185,186,186 190,191,192 177,179,179 102,100,93 144,143,138 128,126,120 72,70,62 18,20,16 44,41,37 48,47,40 22,23,19 15,16,15 17,19,17 17,19,17 31,36,20 96,94,85 178,176,175 230,231,234 227,228,229 216,217,217 221,221,221 221,221,221 222,223,223 219,220,221 123,122,107 61,63,31 54,57,26 46,47,21 42,45,24 37,41,22 30,33,23 23,25,19 19,21,19 26,29,20 40,43,25 40,40,25 19,21,19 19,21,19 23,25,19 34,36,21 33,35,20 59,63,36 56,58,31 57,60,42 112,114,103 76,78,58 57,59,37 
199,198,200 194,194,196 186,187,189 184,186,186 188,189,189 194,195,197 191,192,191 136,135,132 123,121,115 99,93,89 85,82,76 37,35,32 45,43,37 25,26,21 17,19,16 18,20,16 15,17,16 21,27,16 99,104,90 225,225,227 230,231,233 229,231,232 220,221,221 220,220,220 223,223,223 223,224,225 224,225,227 88,87,75 48,49,25 33,35,20 43,46,21 41,42,30 31,36,23 31,35,23 23,25,20 22,26,20 40,43,24 31,34,23 26,28,21 20,22,19 21,24,19 20,22,19 28,29,21 25,27,20 32,34,20 51,53,35 64,67,50 139,140,132 81,81,63 67,68,47 
203,203,203 203,203,204 194,195,196 187,188,190 187,189,189 193,194,195 128,127,120 86,84,75 120,115,109 138,132,128 112,105,98 86,78,70 45,41,37 18,19,17 15,16,15 15,17,16 17,19,17 21,27,17 114,116,107 237,238,241 231,232,235 230,232,232 221,221,221 221,221,221 224,224,223 224,225,225 222,223,225 100,100,85 43,46,23 30,32,23 42,45,22 55,54,47 32,35,25 29,31,24 19,21,19 19,22,19 40,44,28 25,27,21 19,21,18 31,36,19 24,27,20 19,22,19 26,28,19 21,23,18 30,33,21 56,60,49 61,63,51 105,108,96 57,58,41 34,38,22 
209,209,208 212,213,213 205,207,208 196,197,199 190,191,193 170,169,169 88,87,76 61,64,52 105,101,92 85,84,75 131,125,118 89,81,72 68,60,54 16,18,16 18,20,18 26,27,26 26,28,25 21,26,17 40,44,34 195,194,193 232,233,235 231,232,233 223,224,224 226,226,226 222,222,222 224,226,225 180,179,177 67,68,48 42,44,24 26,29,22 47,50,25 44,47,30 55,58,51 59,58,56 22,24,20 30,34,24 30,33,23 23,26,21 34,35,23 46,50,28 23,26,20 37,43,22 33,35,22 27,29,21 31,34,21 30,35,25 40,44,32 110,112,100 71,73,58 34,38,25 
210,209,207 218,218,218 217,219,219 207,207,208 199,199,201 166,166,167 73,75,68 79,79,79 72,70,62 55,53,47 49,46,39 26,25,21 18,18,16 33,32,28 23,24,22 16,17,17 16,18,17 19,21,18 22,26,19 119,121,117 233,234,237 232,233,235 226,227,228 229,229,229 223,223,222 225,227,225 193,193,193 78,78,62 39,41,25 33,34,26 43,46,24 51,54,37 53,54,44 65,63,59 32,36,28 29,35,22 20,22,19 27,28,22 39,41,27 27,29,21 21,24,20 31,35,20 33,38,22 38,42,24 32,39,21 24,29,21 73,75,64 42,44,34 54,57,49 27,32,24 
214,213,211 219,217,218 224,226,227 220,222,223 207,207,209 198,199,201 173,173,171 130,127,121 127,122,116 91,86,78 87,80,74 70,63,56 19,19,18 16,18,17 16,18,17 17,17,17 19,20,19 21,23,19 24,29,20 138,141,136 237,238,241 232,233,235 228,229,230 231,232,231 224,224,224 226,227,227 228,229,229 80,79,67 39,41,27 53,52,45 34,38,22 45,52,24 41,45,28 40,45,28 34,37,26 28,31,22 36,39,25 46,45,32 34,36,24 17,19,18 25,28,22 36,40,22 22,24,21 31,37,21 26,34,20 26,33,21 26,31,21 23,26,20 29,34,29 35,42,35 
217,217,215 218,217,216 223,223,223 225,227,229 222,225,227 195,196,195 138,138,135 80,80,71 102,98,92 51,50,43 83,72,62 132,123,121 54,49,43 16,17,18 18,20,18 19,20,19 20,21,19 24,26,20 23,28,22 66,68,59 238,239,241 227,227,227 227,227,228 230,231,232 216,216,215 226,228,227 188,188,189 91,90,81 39,42,26 46,47,41 35,38,24 34,39,22 28,32,23 23,26,21 25,29,22 32,36,24 29,31,23 39,40,30 24,26,21 16,18,17 26,29,21 41,46,25 24,27,22 35,42,22 20,23,20 21,24,21 27,31,22 24,27,23 26,31,27 41,48,40 
221,219,218 220,219,217 221,220,220 223,224,223 213,213,212 159,160,156 106,106,100 49,53,46 48,52,47 46,48,40 108,101,95 115,106,103 43,42,38 19,20,20 28,29,27 20,22,20 18,19,19 24,29,21 31,36,29 96,94,95 227,228,228 215,213,212 226,226,227 227,227,227 216,216,215 229,229,229 206,207,206 59,60,47 49,51,36 33,34,31 40,42,29 38,40,25 33,36,24 28,30,25 37,42,25 31,38,24 34,38,23 29,31,23 19,21,20 19,21,19 25,27,22 26,29,22 26,30,22 20,25,20 18,21,19 23,25,21 21,22,22 22,26,22 23,29,24 27,34,24 
225,224,222 223,222,220 223,222,219 222,221,219 218,217,214 168,167,162 93,93,88 47,51,43 48,52,45 51,54,45 139,130,126 131,124,126 22,23,22 20,22,21 20,21,20 18,20,19 22,23,23 21,23,22 41,46,37 84,83,80 229,229,229 219,217,217 231,231,231 229,229,230 227,227,227 232,231,231 193,192,189 58,60,44 58,61,44 35,38,33 45,48,29 35,38,25 30,33,23 39,42,31 27,31,22 27,31,22 24,28,22 21,23,20 18,20,19 18,20,19 21,23,21 23,26,22 26,30,22 18,21,21 20,22,22 40,46,40 60,65,57 37,41,32 21,26,23 38,46,36 
113,118,129 169,172,178 194,193,195 208,207,206 222,221,219 197,196,196 77,82,76 35,40,34 29,33,33 24,28,27 48,49,44 61,63,58 26,28,26 20,22,20 23,24,23 36,36,36 27,28,27 24,26,24 29,34,27 131,134,130 220,219,220 225,224,224 229,229,229 230,230,231 230,230,230 233,232,231 186,186,185 62,66,53 54,60,44 35,40,32 43,48,28 41,45,34 42,48,31 35,37,27 28,31,24 22,24,22 19,21,20 21,23,21 20,22,21 21,23,22 26,30,25 34,37,27 44,50,30 26,29,24 49,52,46 34,38,33 78,84,76 62,67,58 27,31,30 85,91,83 
63,73,85 63,74,86 63,69,78 130,130,135 129,129,134 96,100,97 36,43,32 32,38,30 42,47,44 28,32,29 59,59,55 22,24,22 20,22,21 28,27,27 21,22,21 28,29,29 27,28,28 23,25,24 26,29,24 86,90,85 225,224,225 228,227,227 230,230,230 231,231,232 232,231,232 234,233,231 166,167,166 58,67,49 43,50,33 35,40,26 43,48,29 34,38,25 54,58,37 58,58,43 35,39,27 20,22,21 34,37,26 23,26,22 23,25,22 24,26,23 23,25,23 30,32,26 41,45,30 29,31,26 21,23,22 43,47,44 118,125,120 94,97,91 23,28,25 30,37,33 
58,68,80 37,47,56 54,59,66 143,144,148 136,137,141 87,91,85 30,32,25 27,30,24 21,24,16 20,21,16 44,43,36 24,25,23 22,23,22 21,22,23 22,23,22 27,28,27 24,25,26 28,31,30 21,24,22 65,70,63 223,222,223 229,229,229 231,231,231 216,216,219 228,227,228 235,234,233 208,209,207 57,67,48 39,45,34 31,35,24 39,45,27 37,42,27 30,35,27 32,34,28 22,24,22 23,25,22 35,39,28 20,22,21 28,30,25 30,34,25 30,34,26 29,33,27 39,46,29 28,32,28 22,25,24 32,37,35 142,150,147 70,75,68 19,23,20 20,23,17 
61,72,83 36,44,54 55,59,65 108,110,107 105,107,105 41,46,38 49,50,44 45,48,45 44,46,46 71,72,72 40,41,40 41,42,40 18,19,17 28,28,27 24,25,23 24,25,24 28,30,29 25,27,25 22,25,22 57,63,56 210,209,211 231,231,231 232,232,232 232,232,232 232,232,231 235,234,233 148,151,149 53,62,47 41,51,31 23,26,19 33,36,25 36,40,26 28,32,26 26,30,26 26,28,24 22,25,23 20,22,21 20,22,21 25,27,25 25,30,25 28,32,26 25,30,26 31,36,28 28,32,27 33,37,32 59,65,57 74,84,79 48,55,48 27,33,26 23,27,19 
96,101,106 65,68,74 105,106,115 202,202,203 125,124,122 58,59,50 37,42,33 26,28,23 37,38,30 35,37,28 31,35,25 28,31,26 15,17,14 21,23,20 22,23,21 26,28,24 31,33,29 33,38,34 22,25,21 43,51,41 179,179,181 233,232,233 234,234,235 167,169,170 206,206,208 229,229,229 127,132,134 71,78,73 37,44,31 29,34,23 36,43,29 39,43,30 27,30,27 24,28,24 25,28,24 23,27,24 21,24,22 22,25,24 23,27,26 25,29,26 34,41,29 41,48,33 51,59,39 37,44,36 32,36,32 30,34,23 67,72,62 47,49,43 32,40,31 22,29,20 
125,127,132 127,130,134 104,107,111 141,143,149 175,177,181 86,86,89 39,40,35 27,29,23 39,39,32 24,27,20 23,30,22 22,29,20 16,18,14 19,23,19 17,19,16 23,25,21 28,30,25 35,41,35 32,38,31 39,48,40 167,170,171 234,234,236 237,237,239 127,133,132 136,145,143 90,108,85 75,85,73 52,60,41 39,46,32 32,39,27 40,49,32 45,54,33 32,37,29 32,36,28 40,45,33 26,30,26 28,33,28 27,32,29 34,39,33 25,29,25 46,51,38 53,57,47 48,56,41 40,47,35 32,37,28 32,40,26 105,108,99 103,101,100 48,50,42 38,43,34 
129,132,137 130,132,138 99,99,104 81,82,86 74,77,78 50,55,51 33,38,30 34,35,30 28,31,25 24,27,21 21,25,19 17,20,14 14,15,12 18,20,16 19,22,17 18,18,16 25,26,23 36,42,34 30,37,28 44,53,44 99,104,103 237,237,239 218,220,222 79,88,82 71,84,75 64,80,64 66,77,67 53,63,43 43,51,34 28,34,22 42,51,35 43,54,35 35,44,32 37,45,30 34,43,29 23,28,24 29,34,28 50,57,42 73,78,55 47,52,42 48,54,41 37,38,30 49,58,44 29,34,23 31,33,22 39,43,32 66,70,60 87,84,83 72,74,65 46,51,44 
90,86,79 93,89,84 84,80,78 83,82,85 83,83,85 60,63,56 32,37,27 28,32,25 34,34,29 33,38,31 28,34,26 26,32,25 22,25,18 18,18,15 17,17,15 20,21,18 21,23,18 30,34,29 33,39,31 43,50,37 93,99,98 238,239,241 106,115,106 56,65,60 62,77,64 69,82,66 73,88,67 48,55,41 39,45,31 46,57,36 56,67,44 41,52,35 34,45,30 35,47,29 41,53,33 32,39,28 36,44,32 56,64,50 75,81,64 50,57,41 33,41,27 27,28,20 35,39,30 29,33,24 42,44,34 44,48,37 65,71,59 45,47,43 41,51,37 33,43,32 
113,108,106 110,105,104 111,107,105 73,70,70 48,43,39 55,61,50 31,36,27 25,29,22 45,51,43 31,39,29 28,32,25 27,33,26 25,34,23 19,21,16 19,19,16 20,21,17 28,32,27 30,33,27 32,38,29 38,46,39 186,188,193 171,177,173 61,72,61 56,66,60 57,74,55 68,85,63 62,80,57 47,55,40 46,55,38 46,55,39 54,68,42 38,49,31 39,54,31 48,64,41 60,76,47 57,74,52 47,57,40 59,64,53 60,69,54 43,52,38 43,52,39 47,56,39 46,57,36 38,43,34 64,72,59 56,59,50 68,68,58 59,60,51 29,35,23 24,30,21 
127,125,129 126,124,127 128,126,130 69,66,65 51,52,42 41,47,38 22,25,20 24,26,18 32,40,28 35,44,32 42,44,43 27,30,25 20,26,19 22,29,20 17,18,16 24,27,22 26,31,26 26,30,24 36,43,34 43,53,43 160,165,166 77,87,74 61,71,61 57,71,55 50,69,43 55,71,52 58,67,50 48,55,42 44,48,35 50,62,39 40,50,33 38,49,29 46,65,39 42,56,39 46,61,44 41,52,38 45,53,40 41,45,35 49,56,39 39,46,33 40,47,36 60,69,48 63,72,55 65,69,51 82,93,68 79,81,69 104,95,89 53,55,44 27,31,22 30,33,25 
132,130,137 131,130,136 131,128,134 72,71,69 56,62,51 30,34,27 24,27,19 32,33,24 41,43,35 36,41,33 48,49,41 27,33,25 26,31,24 25,30,23 16,18,15 20,23,19 30,33,28 35,40,31 41,48,40 32,39,33 101,109,102 63,73,64 54,62,55 52,62,51 58,74,53 56,72,54 61,71,54 53,59,44 47,55,39 62,76,49 54,69,44 50,64,42 38,51,34 35,48,32 40,52,35 33,41,27 37,47,32 35,37,27 54,61,43 47,58,36 28,33,24 43,47,34 55,58,51 55,59,45 58,63,45 58,60,46 64,61,51 70,65,52 49,47,37 30,30,26 
134,134,139 133,133,137 128,127,133 67,65,63 42,45,39 43,43,36 43,43,36 30,30,24 53,52,48 40,39,32 75,72,71 37,35,34 26,28,22 19,21,17 15,16,14 23,26,21 26,30,25 35,39,31 41,46,36 29,34,30 57,66,56 59,67,62 54,61,55 52,62,52 55,67,54 73,84,66 63,73,53 43,47,37 52,64,46 61,75,49 53,69,47 44,58,38 30,38,26 26,31,21 27,33,22 19,23,15 25,29,19 39,46,33 51,57,43 36,42,30 35,40,23 38,41,27 49,50,45 53,50,43 46,45,36 52,52,41 49,45,41 94,83,78 84,76,72 62,59,51 
135,135,139 134,135,139 125,125,129 68,65,63 53,50,47 57,55,52 63,62,58 77,75,74 61,61,58 54,51,43 65,59,50 37,34,33 87,85,85 42,41,37 28,29,26 22,25,20 27,29,24 35,40,32 30,34,26 43,46,35 57,63,55 63,68,62 49,55,48 50,57,49 56,65,59 56,64,53 57,65,49 46,54,38 45,55,37 54,64,45 38,44,32 59,62,53 35,40,30 27,29,21 34,36,27 31,29,24 42,40,32 39,42,31 28,29,22 36,36,28 48,43,31 53,52,42 84,83,81 101,97,91 51,46,41 69,63,58 63,58,56 88,81,75 92,84,80 81,77,69 
135,136,141 134,135,139 121,121,125 75,72,71 77,75,75 80,78,78 83,82,80 88,86,88 93,92,95 94,90,87 71,65,60 51,48,49 102,100,103 101,95,94 56,56,54 43,44,41 92,91,95 72,74,67 42,47,35 97,102,86 121,121,116 100,102,92 88,83,77 71,66,62 92,93,95 62,63,58 64,64,55 53,51,40 44,48,32 39,42,31 37,37,29 35,42,25 33,37,26 27,26,21 51,46,39 38,31,28 60,53,46 51,45,38 42,36,33 33,28,24 37,33,27 48,47,41 57,57,52 67,67,60 41,36,33 63,56,51 76,69,65 65,56,51 68,61,56 70,63,59 
135,136,140 134,135,139 116,117,121 75,72,72 78,76,75 81,78,79 83,81,82 87,86,88 93,91,95 92,87,83 87,83,81 59,57,57 102,99,103 103,97,95 71,68,66 67,68,63 88,87,86 65,65,59 51,51,39 79,92,57 114,119,104 140,134,138 123,120,110 131,127,115 102,101,91 89,80,79 84,74,67 72,68,56 72,81,57 44,51,36 49,53,36 40,46,26 37,37,26 37,30,24 38,34,29 37,32,28 47,44,39 49,45,39 35,31,28 31,27,24 34,33,30 38,38,34 53,51,47 35,34,31 34,30,26 52,45,42 72,65,61 58,49,44 62,53,48 67,58,56 
135,136,140 134,135,140 112,112,116 76,72,73 78,76,77 82,79,80 84,82,83 87,86,88 93,92,95 91,86,82 88,83,81 60,56,53 84,82,74 86,82,71 61,60,54 55,55,49 66,69,57 49,50,38 49,51,42 63,75,47 98,100,85 135,128,133 140,134,136 142,133,131 114,111,95 123,119,104 120,115,107 89,84,70 71,74,49 60,60,41 64,75,40 50,56,34 47,47,27 40,34,24 41,35,27 47,41,38 41,35,27 38,32,25 36,32,25 37,32,27 36,31,27 37,36,30 42,40,36 42,39,34 40,34,30 44,39,33 58,54,48 48,43,37 53,50,43 56,53,44 
135,136,141 134,135,140 109,109,113 77,73,73 80,77,77 83,80,80 86,82,80 89,84,82 91,87,82 77,74,64 74,75,68 49,46,38 51,52,41 55,53,47 48,48,40 48,49,38 48,55,37 55,59,49 60,65,52 78,78,65 117,112,111 134,128,132 137,132,136 141,134,137 124,117,111 99,101,76 100,108,77 109,103,93 99,95,83 63,53,43 58,55,37 56,45,39 43,39,32 34,32,24 39,35,28 56,51,45 40,36,25 40,37,26 37,35,25 37,36,27 40,35,27 37,39,28 36,42,27 41,48,28 44,53,32 53,60,40 62,69,50 61,65,49 60,59,49 59,57,51 
134,135,140 134,135,140 107,106,110 79,73,70 82,75,72 81,72,67 79,70,62 72,65,56 65,61,51 50,51,41 48,49,41 47,42,36 46,45,39 48,48,42 42,39,33 40,41,33 42,46,35 72,75,66 69,69,57 88,81,78 123,117,119 130,124,129 138,133,137 138,132,135 144,134,136 113,104,100 98,96,80 92,96,75 107,101,93 84,81,74 73,68,58 58,42,37 51,47,38 51,49,38 48,47,38 60,56,50 34,43,27 35,43,29 33,42,26 46,52,40 90,88,82 81,86,76 52,61,48 39,51,32 41,51,30 42,53,29 42,59,28 47,64,30 51,66,34 54,67,38 
132,131,136 130,130,135 106,105,107 71,68,64 68,60,49 62,57,46 48,49,38 43,42,34 44,42,37 51,49,43 46,45,39 52,46,38 42,41,36 40,39,33 38,37,30 42,41,37 56,58,49 77,75,67 74,70,63 115,109,108 122,116,118 128,123,126 137,132,136 135,128,132 134,126,128 125,115,114 113,104,96 100,96,85 94,92,81 105,101,95 100,96,89 71,68,61 54,49,41 49,50,38 49,47,38 70,51,52 49,51,37 42,58,35 40,58,35 62,75,60 176,177,179 168,169,172 163,166,169 41,58,37 44,62,37 42,59,36 38,57,33 40,55,33 39,53,34 39,55,32 
104,98,89 99,96,83 87,85,73 58,62,53 42,42,33 43,43,33 47,46,41 48,47,44 48,49,43 45,47,38 48,48,40 54,48,37 40,41,35 42,42,36 47,48,41 68,70,61 84,83,72 78,75,66 90,85,81 120,112,112 121,115,117 129,124,127 132,128,130 132,125,129 135,126,129 134,124,124 113,106,100 118,111,101 97,94,82 88,92,75 90,85,77 82,78,68 122,121,113 70,68,54 54,51,38 73,43,47 51,53,38 54,53,41 51,48,38 62,74,56 182,184,188 173,175,180 166,171,177 53,71,45 50,69,39 50,71,41 48,70,41 51,72,41 45,66,37 88,103,95 
78,81,63 58,69,43 59,68,45 53,58,39 53,54,44 52,52,47 51,54,46 50,54,43 54,56,45 56,54,46 52,57,40 50,56,37 51,60,38 62,70,53 66,74,54 68,75,54 88,85,76 105,99,92 110,103,100 116,109,110 120,114,116 129,124,126 129,124,127 134,127,130 133,125,128 133,125,124 129,121,115 121,112,103 109,102,92 85,83,71 87,84,77 92,87,78 104,99,87 151,149,143 96,94,81 72,49,49 57,55,43 51,56,41 59,57,45 68,65,55 183,184,189 172,174,179 165,169,175 62,78,52 57,75,43 59,78,44 62,80,45 60,82,45 61,81,48 77,93,70 
71,76,58 88,93,86 83,87,80 74,74,66 64,63,57 60,64,50 60,62,50 65,64,53 67,69,53 59,65,47 56,65,45 52,62,42 57,65,47 62,69,52 76,76,66 93,90,83 102,97,91 107,100,93 112,107,104 119,112,112 120,113,115 131,125,127 135,129,131 134,126,128 124,115,116 136,127,126 137,128,122 103,97,91 82,73,70 70,62,60 70,64,58 94,93,79 99,98,89 108,106,94 147,147,138 121,116,109 71,67,59 57,53,42 61,61,49 59,64,51 185,186,191 173,175,181 165,168,175 71,88,63 60,81,45 62,82,44 63,81,46 66,86,48 68,87,52 74,93,58 
100,100,97 80,81,72 80,80,71 75,73,66 75,74,64 71,70,62 77,78,60 72,71,59 64,66,54 62,63,54 72,71,65 76,75,71 77,76,71 79,78,72 87,84,80 96,93,87 108,102,95 113,109,103 117,111,110 124,117,116 125,117,119 130,124,125 132,125,126 133,124,124 134,125,126 133,126,124 134,126,122 122,114,108 130,116,106 118,111,101 103,100,90 96,93,82 97,94,85 89,87,78 92,97,74 101,103,86 130,126,117 76,77,65 62,60,47 59,57,47 184,185,190 175,177,182 165,168,175 75,93,68 64,89,52 65,81,51 65,84,50 66,88,50 66,86,50 76,94,58 
89,85,76 90,88,80 91,89,80 85,84,77 82,81,75 78,76,74 78,77,72 78,76,72 78,76,72 75,74,71 75,74,71 82,80,76 87,85,81 90,88,83 98,96,90 110,105,96 106,99,94 114,109,108 119,113,113 124,117,116 127,120,122 126,120,121 132,126,127 135,128,128 133,125,125 132,125,124 130,123,122 130,122,118 126,114,106 128,119,109 115,110,101 102,97,89 100,96,86 97,92,84 90,89,83 79,76,62 100,94,84 129,125,117 98,98,89 67,67,54 178,180,185 175,177,182 165,168,175 80,100,73 60,85,49 64,86,51 69,93,57 64,88,53 64,90,52 65,90,53 
98,94,84 94,91,82 89,87,81 84,82,79 86,84,80 84,82,78 83,82,78 84,80,77 79,76,73 77,75,72 79,77,72 86,84,79 92,89,84 98,94,87 101,96,87 108,102,92 109,105,102 114,109,108 119,112,111 115,108,106 125,119,120 132,125,126 135,129,129 133,124,124 135,127,127 130,123,122 126,119,119 131,122,119 124,116,108 131,118,110 123,114,107 119,112,103 113,108,96 104,98,87 99,96,91 101,99,97 79,71,62 91,84,72 134,130,123 92,90,82 172,174,178 175,177,182 163,167,173 82,99,76 54,78,44 61,85,47 72,98,57 66,91,52 62,84,51 64,89,55 
88,84,75 91,88,84 91,88,85 88,86,84 88,87,84 88,86,84 86,83,80 82,79,75 85,82,77 89,86,80 96,91,84 98,93,86 99,95,88 106,100,91 111,104,93 108,102,94 114,108,106 120,113,110 123,115,112 125,119,118 127,123,123 126,120,120 127,121,120 131,123,124 133,124,125 129,121,120 127,120,119 124,116,115 130,121,116 127,119,112 126,120,111 126,119,109 115,109,96 116,106,95 90,84,74 102,100,97 100,98,100 80,73,64 85,76,62 106,101,91 165,165,163 175,177,181 162,165,170 88,104,82 60,86,48 63,90,49 66,91,53 67,93,52 58,60,57 67,89,57 
95,91,87 101,99,95 100,97,92 99,96,90 99,97,91 98,94,87 96,93,88 97,93,88 96,92,82 101,95,85 101,96,87 98,93,86 100,96,91 102,96,88 107,99,92 126,115,108 120,111,108 122,114,111 125,118,115 126,121,118 128,123,122 127,122,121 123,116,115 134,125,126 135,127,127 134,125,124 129,121,122 126,118,117 133,123,118 132,122,114 135,125,114 129,122,108 125,118,105 118,111,98 102,97,88 90,87,77 96,97,92 73,70,65 68,62,49 95,89,75 143,140,129 162,162,156 156,158,160 91,107,83 63,91,50 64,89,50 65,92,51 59,82,48 77,56,54 70,87,61 
90,88,85 233,226,206 232,225,206 232,223,200 226,218,197 221,213,193 225,218,202 200,194,182 102,94,84 99,94,86 93,88,81 97,92,86 103,97,91 110,103,96 114,107,100 122,112,107 120,113,111 120,112,110 126,118,116 127,120,118 127,120,120 127,120,119 129,123,121 133,125,124 132,124,123 132,123,122 130,123,123 129,121,120 120,114,108 127,120,111 139,128,117 136,126,112 124,117,102 125,118,102 112,105,91 103,95,84 91,86,74 86,81,71 77,77,66 78,75,62 107,103,87 140,136,126 131,130,119 79,91,69 57,81,49 54,75,48 68,87,63 97,109,94 53,55,52 95,102,91 
104,99,96 233,225,202 225,224,198 228,222,206 220,195,148 233,225,205 233,225,206 205,200,188 99,94,88 97,93,87 101,97,91 108,104,96 111,105,99 107,100,96 112,103,100 113,106,104 120,113,111 120,113,111 124,117,116 126,121,119 127,122,120 127,119,120 129,122,121 132,125,123 129,122,120 128,119,118 128,120,119 133,123,120 129,119,116 134,124,119 131,121,111 140,128,115 134,125,112 127,119,105 122,114,100 113,105,90 109,101,86 101,93,80 103,95,82 92,87,74 79,70,62 100,93,80 94,89,74 70,74,59 63,74,67 62,72,74 73,80,86 86,98,81 57,60,56 100,101,103 
102,98,94 232,223,196 233,225,202 223,217,200 192,177,147 233,222,199 235,228,211 206,203,195 100,94,87 102,97,89 106,102,94 111,107,97 109,104,99 110,103,101 116,109,106 120,114,109 121,115,113 120,113,111 122,115,112 123,117,116 126,120,118 128,120,120 126,121,120 129,122,121 130,122,121 128,121,119 130,122,120 134,125,122 133,124,120 135,124,118 131,123,115 143,132,121 136,127,116 121,113,101 119,111,99 120,111,99 107,98,88 106,96,84 118,108,96 112,102,88 105,95,83 103,95,83 100,94,78 92,89,76 70,73,60 72,82,74 75,79,83 79,79,74 42,42,39 93,91,82 
106,102,95 234,227,210 234,225,201 204,199,189 192,188,177 190,188,176 223,217,198 206,203,196 95,92,88 100,97,92 105,101,94 110,100,92 108,103,100 113,106,103 115,109,106 121,114,110 116,110,108 114,108,108 123,116,115 119,110,110 124,117,118 126,119,120 128,122,120 129,123,120 132,125,123 129,122,120 130,123,121 131,123,121 131,121,119 133,124,119 134,125,119 137,126,116 143,130,118 133,123,113 129,120,110 127,119,108 123,115,103 121,112,100 120,112,100 121,111,99 123,110,96 118,106,92 115,107,95 110,104,94 113,111,104 106,105,95 99,99,89 101,97,91 57,55,53 97,92,83 
103,97,92 238,235,228 237,233,223 231,223,203 224,218,202 230,225,212 235,229,213 206,204,196 103,100,96 105,102,96 110,102,95 108,102,95 116,109,105 114,108,106 116,109,106 116,110,108 122,116,114 122,115,116 125,118,116 123,117,117 125,118,117 127,121,121 127,122,120 130,123,122 131,123,122 131,123,121 130,122,120 129,121,120 127,118,116 131,121,117 139,129,122 132,123,115 145,132,121 137,128,117 135,127,117 131,123,113 127,118,108 126,117,106 127,118,107 126,117,105 128,118,106 139,130,119 134,126,115 36,36,35 39,39,39 53,57,61 113,114,103 75,78,60 42,42,42 106,102,94 
96,93,89 115,114,111 114,114,111 111,107,97 112,111,107 108,107,103 113,111,107 105,104,100 106,103,98 108,104,100 110,105,99 115,109,102 114,108,103 117,110,108 118,111,108 118,113,110 121,116,115 122,117,117 125,119,118 125,118,118 125,117,116 125,118,118 130,123,121 129,123,121 132,126,126 137,131,130 131,122,121 129,122,120 127,118,116 133,124,122 137,127,122 132,124,116 135,125,115 141,131,120 135,126,117 137,127,118 133,124,115 129,122,111 126,120,108 127,120,109 128,121,109 132,123,114 124,117,106 61,58,55 63,60,57 68,66,64 98,95,82 78,78,65 62,59,57 116,110,106 
99,94,91 64,64,64 66,66,66 39,39,39 30,30,30 30,30,30 30,30,30 38,38,37 115,110,103 114,105,98 108,104,100 116,109,104 123,119,117 120,115,113 118,112,109 120,115,114 123,119,120 121,116,115 123,117,116 121,116,115 124,118,116 124,118,116 131,124,122 131,123,122 128,121,121 127,120,119 123,115,114 130,122,120 132,123,121 130,120,118 127,117,111 137,128,120 128,118,110 140,127,117 138,130,119 139,130,120 134,126,116 111,106,98 91,89,83 87,85,79 89,86,81 75,71,66 86,82,76 79,75,69 81,76,71 71,69,64 74,73,68 83,79,75 85,82,79 72,70,67 
