56,56,49 42,43,34 32,34,25 31,32,25 34,37,21 33,36,21 54,58,46 94,91,88 68,68,59 117,117,110 174,172,172 198,199,199 202,202,203 206,206,206 210,210,211 212,212,214 205,205,205 204,204,206 205,206,208 205,206,208 201,202,204 198,199,201 195,197,200 191,195,198 190,194,197 189,193,195 189,193,194 188,192,193 91,90,83 45,46,40 27,28,22 37,40,29 36,39,24 29,30,21 27,28,21 36,35,29 40,40,32 32,34,23 33,33,25 50,50,47 39,40,30 41,44,27 50,48,31 41,39,24 52,49,28 59,61,42 57,60,37 45,47,34 37,38,27 41,41,29 
35,35,34 41,40,40 35,35,34 35,35,35 38,38,37 37,38,35 47,48,46 52,51,51 52,51,51 89,88,80 195,195,197 194,193,195 203,203,204 206,206,206 210,210,211 214,214,214 206,206,207 205,206,207 205,206,208 204,205,207 202,203,205 199,200,202 196,198,201 192,195,198 191,195,197 189,193,194 189,193,194 193,197,198 102,104,103 65,68,68 34,37,26 38,40,23 34,38,24 28,29,22 24,24,19 31,31,24 28,28,21 26,27,22 36,36,31 42,42,40 39,40,25 41,43,29 46,44,29 34,34,24 42,42,25 55,57,34 40,42,29 46,50,38 50,51,33 54,55,33 
45,45,45 76,76,76 91,91,90 91,91,90 86,86,85 95,95,94 95,95,95 112,112,113 99,98,99 174,173,175 181,181,182 171,170,170 201,201,203 208,208,208 211,211,211 213,213,214 207,207,208 204,205,207 205,206,207 204,205,207 203,204,206 201,202,204 198,198,201 194,195,198 192,195,197 189,192,194 189,193,195 192,196,198 85,85,80 89,92,96 49,52,39 35,37,22 32,33,25 22,22,19 22,22,21 25,25,20 30,29,21 49,50,47 35,36,32 35,37,26 68,69,40 46,48,28 43,41,28 33,33,23 42,42,26 44,47,36 49,51,37 66,66,59 52,53,33 62,62,36 
42,41,41 41,41,40 40,39,38 35,35,34 41,41,40 37,37,33 48,48,46 54,54,54 65,65,66 175,174,178 189,189,191 169,168,169 192,192,193 205,205,206 210,210,210 213,213,214 209,209,210 206,206,209 205,206,208 204,205,207 204,204,206 202,203,205 199,200,202 195,196,199 192,195,199 189,193,196 189,193,196 193,196,198 121,122,122 63,64,53 53,56,38 47,50,44 35,36,32 56,55,55 45,44,45 54,55,38 36,36,32 69,69,75 113,113,123 62,64,57 52,53,34 42,44,34 37,37,26 34,33,23 42,41,28 53,55,48 65,65,41 62,64,46 61,61,38 73,75,42 
41,41,40 55,55,55 62,62,61 63,62,62 63,62,61 33,34,32 33,34,30 44,44,43 48,47,46 142,144,140 195,196,197 182,182,183 165,164,163 197,197,198 206,206,206 212,212,212 210,210,212 207,207,210 206,206,209 204,205,207 203,204,206 202,203,205 200,201,203 196,197,200 192,196,199 190,194,197 190,194,197 195,198,199 186,188,188 43,43,26 40,40,22 29,30,22 30,30,24 46,45,45 52,53,37 53,54,34 67,67,72 129,130,141 101,102,106 63,64,58 54,53,33 51,51,41 51,53,29 43,45,29 47,47,34 77,80,54 65,64,38 64,67,45 65,64,42 58,60,36 
62,61,61 72,71,72 43,43,36 32,33,26 50,49,38 67,67,59 34,36,24 70,70,62 93,94,91 123,120,117 143,141,136 181,182,182 184,184,185 183,182,181 208,208,208 210,210,209 210,210,211 205,206,208 204,205,207 201,202,204 202,203,205 202,203,205 200,202,203 197,200,203 194,198,201 191,195,198 190,194,196 194,196,198 153,154,151 71,72,64 40,41,30 25,26,19 27,27,20 26,25,19 44,44,31 40,41,28 45,45,41 72,72,71 65,64,57 57,59,43 54,55,41 61,60,53 64,65,38 64,69,43 56,59,34 77,79,45 65,69,38 56,56,38 55,54,37 52,53,36 
73,73,70 75,74,71 58,57,46 28,30,24 24,28,18 35,37,28 42,45,38 126,127,126 95,92,87 86,87,81 108,105,101 162,163,160 205,206,208 192,191,190 210,210,210 211,210,211 210,210,211 204,204,207 204,205,207 203,204,206 203,204,206 201,202,204 199,201,203 197,201,204 195,198,202 192,196,199 191,195,197 193,194,196 115,114,109 66,67,63 50,50,44 32,33,21 30,32,24 35,35,30 47,47,33 43,45,32 36,39,27 49,50,39 41,43,28 57,59,36 57,58,41 72,70,57 56,54,34 50,53,36 53,56,35 77,84,42 78,86,47 47,50,36 64,64,60 42,41,31 
79,77,72 48,46,39 75,72,66 31,33,22 44,46,40 112,113,110 114,114,111 164,161,164 163,163,164 143,143,143 168,168,168 190,191,192 202,202,204 187,185,185 211,211,211 212,212,212 210,210,212 205,205,207 205,206,208 203,204,206 203,204,206 201,202,205 199,201,205 197,200,205 195,198,201 191,195,198 190,194,195 191,193,194 180,181,183 136,136,130 47,45,32 84,85,83 30,31,23 47,47,41 57,58,45 56,58,39 41,44,31 41,43,31 62,61,41 46,50,32 47,48,36 60,59,43 46,47,29 48,54,36 46,49,31 55,57,29 57,62,40 43,46,35 37,38,30 33,34,27 
78,76,73 44,45,41 61,62,57 21,24,18 27,32,23 97,96,88 113,112,112 154,151,153 163,162,162 189,191,190 181,181,183 193,193,195 192,191,194 192,191,192 210,210,210 214,214,214 212,211,212 206,206,208 205,205,207 202,203,205 200,201,203 202,203,207 199,201,206 196,199,204 195,197,201 190,194,197 189,192,195 187,191,192 190,192,194 130,130,126 77,77,76 129,131,130 29,29,19 37,39,27 55,56,40 45,45,30 48,50,30 57,59,38 55,58,38 50,53,38 58,58,51 59,61,41 56,60,40 62,67,42 51,55,35 55,57,42 57,57,52 37,36,36 27,28,24 34,35,29 
41,47,36 34,39,27 93,96,89 125,126,123 28,30,22 31,35,19 119,121,116 195,197,198 168,168,167 178,178,179 194,197,198 193,194,197 185,185,188 197,197,198 190,189,188 213,213,213 211,209,210 207,207,209 205,206,208 204,205,207 203,204,208 201,202,206 200,201,205 196,197,201 193,196,200 188,192,195 187,190,192 186,190,192 188,191,192 162,162,163 186,188,187 71,73,62 37,38,25 42,43,29 59,61,42 57,59,38 62,64,37 61,66,46 58,60,56 75,77,77 59,54,40 52,55,38 43,46,31 44,48,30 41,46,31 36,39,33 63,64,68 84,84,90 42,44,28 31,32,27 
39,45,35 31,36,26 61,65,54 154,160,156 60,62,50 51,54,41 57,62,45 162,167,166 194,196,197 160,160,160 173,173,176 193,195,198 196,197,200 200,200,201 179,178,176 209,209,209 211,211,212 208,208,210 206,207,209 206,207,209 205,206,210 201,202,206 199,200,204 195,196,200 191,194,198 185,189,192 184,188,191 185,189,192 186,189,191 189,190,192 155,157,155 33,34,24 48,50,30 50,47,33 48,51,34 51,55,40 44,47,32 48,51,45 81,81,88 84,84,85 44,42,29 37,39,30 34,37,28 36,41,30 40,45,34 50,54,46 68,69,68 53,59,40 49,51,36 33,35,29 
37,42,31 41,47,37 64,69,61 101,106,100 83,83,80 49,52,39 90,93,86 184,187,188 194,196,198 179,180,181 177,178,179 189,190,193 208,210,213 186,185,184 206,205,205 209,209,210 210,210,211 209,209,211 207,207,209 203,204,206 202,203,207 199,200,204 197,198,202 194,195,199 187,190,194 185,189,193 183,187,190 182,186,189 183,187,189 184,187,188 165,167,167 72,73,66 50,50,32 53,53,42 48,50,40 34,36,29 29,31,25 32,34,29 48,50,43 57,58,59 44,43,36 41,41,36 41,44,39 36,39,34 36,42,33 48,53,43 41,46,36 43,45,35 48,48,34 34,36,30 
33,40,30 51,57,44 77,82,72 72,74,66 71,74,66 57,63,49 80,84,75 142,144,143 161,162,163 169,170,171 187,190,191 186,188,189 186,187,189 195,195,194 171,170,168 204,204,205 208,208,210 208,208,210 203,203,205 200,200,202 199,200,203 197,198,201 194,195,199 191,193,197 186,189,194 184,187,192 181,184,189 179,183,186 180,184,187 180,184,186 156,160,161 94,97,97 59,61,55 59,64,51 51,54,42 81,81,84 48,50,51 28,31,27 57,61,57 46,47,40 41,42,38 62,61,63 51,50,47 37,40,34 39,44,38 44,47,40 33,37,32 35,37,30 39,40,31 33,36,29 
30,36,27 22,28,22 39,42,37 36,41,33 35,40,33 92,99,92 99,102,97 137,141,141 159,161,160 155,157,157 177,179,180 183,184,185 167,169,167 183,183,183 145,145,140 188,188,189 205,205,207 202,202,204 198,198,200 196,197,199 195,196,198 193,194,196 191,192,196 188,190,195 186,189,194 185,188,193 181,184,189 181,184,188 181,185,188 179,183,184 159,162,162 64,67,64 55,58,47 46,49,31 31,33,24 72,74,73 74,76,82 33,36,33 67,67,68 47,51,37 37,39,33 72,73,76 49,50,45 43,48,48 39,43,43 36,39,35 39,43,31 31,34,31 33,35,33 32,35,29 
53,61,55 54,61,51 38,43,34 79,84,70 120,125,121 126,127,124 100,100,96 158,162,162 148,152,151 146,149,147 172,176,176 175,178,179 178,180,181 181,182,183 177,178,178 192,193,194 200,201,203 197,197,198 194,194,195 191,192,194 189,190,192 189,190,192 187,188,192 187,190,195 187,190,195 184,187,192 185,188,193 186,189,194 182,186,189 177,182,184 96,99,89 77,80,80 74,78,79 86,89,87 45,48,40 53,56,44 83,84,91 39,40,43 59,59,61 134,141,143 111,112,119 50,52,49 41,44,40 84,85,90 67,67,69 62,66,61 45,50,37 39,44,38 42,45,35 52,55,38 
31,37,32 21,24,21 23,27,22 62,70,56 125,129,128 144,148,145 128,130,128 112,114,111 137,140,139 145,147,147 145,148,147 181,185,186 178,181,183 178,181,181 181,183,184 180,181,182 192,194,195 193,194,194 190,191,192 186,187,189 184,185,187 185,186,188 186,187,191 183,186,191 183,186,191 186,189,194 172,176,180 143,149,148 179,183,187 175,180,183 114,117,116 143,147,148 79,84,80 72,71,67 51,53,36 31,34,26 61,65,68 40,41,43 52,54,57 103,107,115 102,103,109 48,51,42 50,54,42 58,61,56 53,56,47 53,58,39 55,58,41 63,67,44 60,65,45 55,58,40 
102,111,106 45,49,43 22,26,21 47,55,44 86,93,82 112,117,105 86,91,75 97,102,91 94,97,86 140,145,142 136,140,138 169,174,175 180,184,186 175,179,180 187,190,191 178,181,181 191,193,194 190,192,193 187,188,190 185,186,188 184,185,187 183,184,186 184,187,190 182,185,189 180,184,188 167,171,174 101,108,99 75,84,63 140,147,143 128,137,133 166,173,173 182,187,188 91,95,87 52,54,40 42,45,32 43,45,43 93,98,105 34,38,35 44,49,37 57,66,50 66,70,68 53,59,49 56,60,53 62,64,55 57,63,48 66,73,46 52,57,40 60,63,47 53,57,40 58,63,44 
69,76,72 59,64,56 32,41,35 95,107,103 97,104,91 64,70,47 51,57,32 71,79,50 77,83,62 108,113,104 136,141,137 162,168,168 175,180,181 195,199,202 193,196,198 170,174,173 188,191,194 187,190,192 185,186,188 185,186,188 184,185,187 181,183,185 180,184,186 179,183,186 157,162,164 83,93,70 46,57,23 34,44,16 38,50,22 77,88,78 139,148,146 116,123,121 62,68,56 49,55,49 59,62,60 86,89,96 105,110,115 49,56,42 53,60,48 60,65,58 63,68,63 58,65,49 59,64,53 66,72,55 65,76,52 56,59,40 51,57,42 36,40,32 45,48,39 52,58,46 
38,44,38 47,53,48 156,168,166 84,92,89 46,54,44 49,55,32 35,40,23 45,54,29 65,73,47 71,77,57 109,115,103 161,168,167 180,187,188 190,195,197 189,194,196 171,176,178 183,187,190 186,189,193 184,185,187 181,183,185 179,181,183 177,181,182 177,181,182 169,173,175 119,126,118 39,50,19 30,40,16 25,34,15 21,28,16 69,81,71 122,132,127 146,154,150 41,43,26 35,38,26 80,84,86 103,105,111 48,57,40 53,64,38 50,55,41 42,45,41 68,73,70 61,67,56 65,70,57 54,60,43 59,69,45 51,56,38 34,32,23 35,36,27 44,46,39 55,57,47 
26,30,27 55,63,53 126,136,125 128,138,130 110,120,107 52,57,33 33,36,25 33,37,25 51,57,34 47,56,26 54,58,38 113,120,109 181,189,190 183,189,190 182,191,191 177,184,185 184,188,192 186,189,193 177,182,183 174,178,179 171,175,176 170,174,175 170,175,175 98,104,92 59,67,48 30,39,18 28,37,18 22,29,16 18,23,16 25,35,17 41,52,37 159,167,164 47,50,37 34,35,27 37,42,31 38,40,32 43,52,36 52,58,39 45,46,45 87,89,92 99,100,103 103,106,109 87,92,86 51,57,45 40,43,30 52,58,41 48,51,38 45,49,36 36,37,31 57,63,53 
25,29,26 31,38,28 40,50,31 80,90,69 61,73,42 47,55,29 38,44,27 30,33,26 37,41,26 37,44,25 60,65,50 111,120,111 178,188,188 183,192,193 166,175,173 123,133,123 162,169,167 160,165,165 172,177,178 167,172,173 165,170,171 164,170,170 163,171,171 66,76,58 44,53,31 26,35,19 20,25,17 18,22,16 16,18,16 24,33,18 32,43,22 86,96,79 46,50,39 39,41,31 38,46,31 48,53,38 48,54,38 49,54,42 35,37,31 67,73,62 155,155,153 168,166,165 55,58,51 42,44,33 38,40,29 49,53,42 43,46,34 47,55,47 52,57,47 54,59,50 
36,40,30 40,49,31 33,43,27 39,47,33 54,68,42 45,56,33 38,46,33 31,35,29 36,44,30 34,40,29 42,49,37 172,183,183 162,172,172 172,183,183 141,153,147 108,121,108 162,172,172 121,128,122 169,175,175 170,175,176 169,175,176 166,173,173 152,160,158 47,56,38 30,41,19 25,32,17 19,24,17 16,18,16 17,20,16 22,28,18 30,39,24 45,53,36 35,38,25 44,48,38 36,39,27 45,48,35 39,42,31 44,47,38 39,37,30 58,63,49 78,83,77 94,104,90 59,65,47 62,70,53 44,48,40 46,55,47 41,44,34 40,45,37 42,49,42 49,55,45 
44,56,28 34,45,29 32,42,30 41,55,32 54,68,35 45,55,33 42,47,33 36,44,30 33,39,31 28,33,32 56,64,52 156,170,169 164,177,178 143,156,152 126,140,130 90,106,88 116,129,119 161,169,166 183,188,188 173,177,179 170,174,175 177,182,183 150,157,153 34,43,24 25,33,19 20,24,18 16,18,16 17,21,16 22,28,18 17,19,17 41,48,43 67,74,63 48,50,38 46,47,36 32,36,23 43,52,32 44,50,38 56,63,49 58,58,49 55,57,46 61,70,54 63,76,55 60,68,52 67,75,59 61,69,51 49,57,48 55,63,56 39,43,31 38,40,32 45,53,44 
44,56,33 37,46,28 33,41,30 43,54,35 40,52,33 47,59,42 29,34,29 38,44,31 34,40,33 33,38,36 50,61,50 152,166,166 160,175,173 130,147,134 63,82,49 55,74,51 71,88,76 130,142,133 182,186,186 170,173,175 162,165,166 180,185,186 144,152,148 38,48,30 28,36,23 20,25,19 17,19,17 16,20,16 21,27,18 18,21,19 23,24,22 51,57,39 62,63,54 54,52,44 41,48,35 45,53,35 50,53,46 55,62,48 63,72,59 72,83,66 67,78,58 72,88,67 55,65,48 51,59,37 57,64,47 48,55,45 52,59,51 55,67,48 54,66,53 42,48,41 
40,50,32 32,41,21 37,43,28 36,44,32 33,43,30 29,33,23 30,34,24 30,39,29 28,36,28 38,46,38 71,88,77 137,152,151 88,108,90 64,84,57 55,76,47 67,88,73 53,72,46 65,81,54 146,154,148 177,183,183 170,177,177 177,185,184 106,115,103 37,46,24 24,31,19 21,27,18 18,20,17 24,30,22 24,28,23 19,21,18 22,25,23 46,54,40 41,46,33 53,54,46 47,56,43 58,70,49 57,67,49 54,57,45 67,80,63 62,71,53 55,67,51 54,66,49 59,67,48 70,86,65 63,68,55 56,60,51 47,49,39 51,61,48 58,71,59 43,51,40 
42,51,31 37,44,26 28,32,22 37,45,34 31,34,29 45,47,49 51,54,52 74,81,80 86,93,94 87,93,95 89,107,98 65,86,65 59,79,58 46,66,33 51,75,30 61,84,52 55,76,48 54,71,45 104,117,99 172,181,181 128,136,128 110,118,104 67,77,57 29,36,20 20,23,18 20,25,18 16,18,17 19,23,18 18,21,18 20,21,19 34,40,26 41,50,32 30,35,20 29,30,22 35,41,30 65,80,53 75,90,62 64,72,57 45,53,39 40,46,30 63,72,54 49,59,39 55,65,50 50,58,45 49,54,44 49,50,41 38,38,29 49,56,41 45,52,37 43,43,36 
38,49,32 45,54,35 39,46,34 42,51,42 47,53,48 76,80,85 62,65,66 101,110,117 128,137,144 111,118,124 59,78,62 63,81,64 63,84,63 52,70,45 48,70,36 48,68,37 50,70,43 51,72,40 48,66,29 95,107,92 66,77,59 46,57,38 39,51,25 26,33,21 20,23,17 22,27,19 17,19,16 20,24,18 17,20,18 36,41,24 34,39,26 42,51,32 29,30,20 30,34,24 29,34,23 60,67,53 71,85,59 62,72,54 50,56,39 61,69,51 73,85,63 72,85,62 46,52,38 40,45,31 38,41,30 39,42,31 41,43,31 48,55,40 36,41,32 37,38,33 
38,49,37 42,54,37 47,58,44 41,50,40 59,66,63 67,65,69 79,79,82 111,119,126 127,137,144 76,90,74 57,75,55 41,59,41 44,65,46 45,63,40 50,68,43 50,66,45 41,60,40 37,56,31 49,68,31 61,76,49 52,66,40 40,54,27 31,42,22 22,27,21 24,32,19 23,30,19 23,29,19 21,26,19 16,18,16 31,34,23 32,37,27 35,41,29 35,39,30 46,47,38 52,57,38 62,64,50 52,62,44 53,59,46 54,62,46 62,76,55 71,79,65 62,73,59 50,52,41 52,62,47 44,53,39 42,49,36 37,38,29 36,41,29 35,40,29 27,28,23 
38,51,35 45,59,42 43,57,40 38,49,36 37,49,40 45,53,46 60,71,66 80,90,91 120,129,137 74,89,77 44,68,42 37,57,33 45,66,45 31,44,30 47,63,42 44,59,45 31,43,28 31,45,33 41,55,31 56,70,50 50,67,32 47,62,26 24,30,21 25,30,25 27,35,23 25,31,21 24,29,20 26,34,21 17,20,16 20,23,20 28,34,26 33,38,28 42,49,38 38,39,31 48,56,39 59,67,46 46,51,33 35,40,24 49,55,42 50,63,44 56,67,54 57,68,55 48,58,42 61,71,56 63,78,61 46,52,36 43,48,31 35,38,26 38,42,30 30,29,25 
42,54,41 39,50,41 23,32,23 31,41,32 33,46,34 39,46,40 33,41,34 38,50,42 107,116,123 48,65,50 35,54,32 30,48,23 42,59,41 33,47,29 39,59,44 40,62,47 37,56,41 38,54,38 46,59,37 75,88,63 49,65,31 47,61,31 25,31,24 29,37,24 34,44,24 27,35,23 25,30,21 20,23,20 20,24,20 21,22,21 26,30,25 34,38,29 38,41,33 56,62,51 45,52,35 38,46,31 43,49,29 36,43,23 36,44,27 41,49,34 39,45,33 42,50,37 48,55,41 51,56,46 52,61,47 43,48,33 44,46,30 56,57,33 41,44,33 34,35,29 
48,63,53 48,64,57 30,39,34 24,34,26 21,32,24 38,45,40 44,53,48 51,62,58 92,100,109 46,60,44 39,58,29 28,44,19 31,46,23 26,36,21 38,60,41 44,67,48 40,62,42 37,55,36 38,53,31 60,74,48 39,50,33 39,51,29 31,37,27 31,39,25 28,35,24 25,33,23 23,27,22 21,24,21 19,20,20 23,25,23 24,25,24 28,29,28 34,37,32 46,53,43 51,57,46 41,48,34 59,64,47 39,46,25 38,43,27 34,44,24 35,42,26 44,52,36 40,41,30 43,42,34 47,49,39 40,39,30 48,46,36 52,58,27 49,57,33 43,44,35 
43,53,45 39,49,42 42,54,42 22,27,24 18,22,19 50,54,52 62,69,68 69,78,79 84,91,99 48,56,48 31,46,25 38,56,26 28,40,18 32,46,29 31,44,29 41,61,40 35,55,30 42,63,41 41,56,41 58,70,54 30,38,29 38,48,34 47,53,45 33,41,28 29,34,28 28,35,27 23,24,24 21,23,22 22,23,23 25,28,26 24,26,27 31,33,30 40,47,42 39,43,33 38,37,27 71,77,74 53,67,38 49,64,38 46,55,36 44,57,32 41,50,31 56,64,49 39,37,30 42,35,32 68,63,58 35,31,25 46,46,33 53,57,41 46,53,41 48,54,42 
44,53,46 38,48,39 58,69,65 46,49,52 42,44,45 63,68,70 72,80,83 82,89,95 84,93,102 65,71,71 42,64,35 46,67,34 39,46,30 49,64,49 38,51,38 48,68,45 38,55,27 39,56,31 53,70,48 75,83,73 33,42,33 65,71,57 113,122,124 92,99,98 43,47,39 33,39,31 33,37,33 34,36,35 25,25,26 27,28,30 38,38,43 54,58,56 51,61,52 44,47,44 35,29,26 70,78,72 68,76,56 72,94,60 54,71,45 47,55,37 44,52,37 60,62,53 46,49,41 42,39,34 80,73,71 51,46,38 54,52,41 52,47,38 55,61,47 50,55,44 
40,47,40 61,71,68 103,113,117 99,107,112 81,86,90 78,85,90 78,85,91 90,97,105 97,106,114 67,72,74 48,60,44 41,57,31 40,53,30 40,57,32 71,85,77 96,102,107 41,48,33 40,54,36 63,78,55 84,98,66 68,82,49 98,106,86 81,83,83 98,99,97 100,108,88 59,68,50 60,63,53 67,67,66 36,35,34 51,51,55 64,66,71 76,80,83 44,51,43 43,48,45 50,49,45 67,77,67 67,85,61 60,78,55 50,65,46 51,58,42 45,50,38 62,66,57 59,67,55 60,62,59 86,79,78 78,66,59 54,44,34 56,54,27 59,62,38 37,44,27 
38,43,40 52,57,58 70,75,78 52,57,59 46,48,48 51,56,59 50,54,58 80,84,91 71,76,75 65,67,69 63,71,72 57,69,57 39,52,31 43,61,37 79,88,95 65,71,70 49,59,53 56,66,61 66,78,62 75,89,63 95,104,95 119,120,117 128,128,125 127,126,122 107,111,102 67,83,50 55,58,43 124,121,116 41,36,31 41,36,32 43,40,33 48,44,39 43,46,40 54,61,53 60,67,58 88,86,79 59,76,56 52,67,49 48,55,43 60,64,51 60,69,55 72,86,67 63,78,62 51,51,53 66,62,61 92,89,89 77,72,70 51,43,33 56,62,29 40,46,23 
102,102,110 104,106,115 77,80,85 49,49,49 52,51,49 51,52,52 56,58,58 83,84,86 102,104,108 53,54,52 73,79,75 63,73,59 48,55,40 61,70,59 83,84,85 86,89,90 84,89,88 67,76,64 78,90,70 103,113,107 123,124,121 126,126,122 127,126,122 123,122,118 102,100,93 69,73,56 44,44,33 90,86,80 46,42,40 117,116,121 125,126,131 93,92,95 83,81,82 87,85,86 87,83,85 93,85,86 56,60,48 47,54,44 63,71,59 69,78,67 68,82,66 72,89,66 76,96,74 67,59,57 73,68,69 89,82,82 84,77,77 78,72,69 80,74,70 68,66,55 
135,137,151 129,135,151 88,97,96 52,61,48 60,62,51 67,74,64 67,72,64 74,78,69 79,83,72 57,58,51 79,88,71 65,72,56 76,79,76 57,69,49 76,75,65 78,82,72 73,82,64 64,77,57 104,110,111 116,116,114 116,116,112 114,113,110 112,111,106 104,102,96 90,87,83 77,75,73 43,42,39 84,85,88 47,46,47 148,150,154 156,158,167 139,138,145 118,115,118 114,112,116 108,105,108 101,101,101 73,84,73 43,50,37 41,47,36 67,78,63 58,72,57 58,74,56 60,74,60 63,65,60 70,71,73 97,90,92 91,85,86 84,78,77 87,78,81 82,73,74 
131,134,150 129,135,150 80,98,79 54,78,43 48,64,38 59,80,48 64,86,52 65,88,52 69,84,55 57,73,41 64,87,41 56,71,44 48,65,40 50,70,37 50,58,34 50,58,36 56,63,52 80,85,90 92,93,94 100,100,101 100,100,100 100,99,96 93,92,88 95,92,87 97,95,92 62,62,60 44,41,36 44,45,38 41,37,34 151,153,156 162,165,175 138,138,145 106,104,104 103,101,103 99,96,96 106,103,105 73,84,72 44,52,39 44,51,37 68,79,62 51,53,40 68,82,63 58,70,56 50,57,49 81,84,83 88,88,83 76,78,67 76,72,66 75,71,63 70,62,56 
128,131,147 131,137,151 72,81,69 55,71,46 60,80,48 62,86,48 63,89,49 60,85,44 52,61,39 49,73,36 64,89,40 52,73,40 50,70,42 51,70,36 50,70,35 71,85,69 83,88,96 86,87,85 95,94,96 99,98,99 103,103,102 104,102,99 99,98,94 93,92,87 96,93,88 83,84,85 63,64,51 58,61,50 59,58,49 156,157,160 168,171,179 122,121,126 71,64,63 81,76,76 90,78,79 103,85,87 82,71,69 68,53,50 69,59,53 73,90,70 57,68,51 74,80,66 76,73,66 63,60,54 69,66,58 58,49,40 46,57,37 65,54,47 58,55,40 60,52,40 
128,133,147 132,137,152 71,86,65 63,86,51 57,84,43 61,88,50 56,81,40 55,79,41 54,77,38 60,84,41 56,78,36 53,76,37 49,64,40 50,66,37 81,94,83 78,81,87 96,92,89 109,108,107 109,108,110 111,109,110 115,113,111 114,112,109 110,108,104 105,103,98 99,95,87 94,95,99 77,81,65 73,80,64 80,82,66 158,160,162 171,174,182 130,126,133 76,60,61 84,70,71 80,60,60 66,55,42 68,72,49 66,63,46 57,53,41 70,83,64 65,80,63 57,60,44 70,65,55 74,73,60 54,61,41 52,52,37 42,48,33 48,47,36 60,44,41 62,60,50 
128,134,147 131,137,149 53,77,40 54,80,41 55,81,39 55,79,38 57,80,39 59,82,42 61,84,41 58,80,39 45,61,31 50,71,38 53,65,46 58,66,61 88,90,96 104,98,94 126,124,122 133,132,133 133,133,134 130,126,126 124,121,119 121,117,115 123,119,116 122,117,114 113,108,102 95,99,101 73,82,66 60,83,55 63,85,53 156,162,160 175,177,186 130,136,133 74,72,61 74,73,61 81,73,65 91,89,67 70,82,56 89,82,58 64,66,50 54,61,46 61,72,50 61,66,44 71,56,52 65,64,51 54,58,43 46,59,38 57,56,42 61,57,47 67,56,49 61,65,47 
130,134,149 121,128,135 52,76,38 54,80,40 54,77,39 56,79,39 55,78,39 57,80,39 58,83,41 59,83,46 59,83,43 53,75,42 124,133,139 112,114,122 91,83,75 100,93,87 110,105,103 112,109,106 120,116,115 125,120,119 125,121,118 126,122,118 130,126,122 130,125,121 115,110,102 160,167,168 81,88,82 67,92,61 66,88,58 158,163,160 178,180,188 131,137,133 74,83,61 75,89,63 84,87,72 82,88,62 78,90,59 89,84,63 53,52,37 64,61,54 58,59,46 64,75,60 74,57,52 63,65,49 63,56,48 66,63,52 68,62,50 72,55,50 56,54,54 65,53,48 
129,133,147 111,118,117 61,74,51 62,78,51 62,78,50 62,79,49 60,72,51 62,72,53 53,66,47 58,75,53 60,67,55 54,60,64 74,76,83 88,84,75 97,88,79 101,96,88 111,106,104 115,111,109 126,124,124 133,128,127 132,127,124 133,128,125 138,132,129 138,132,128 124,115,109 120,124,128 89,95,89 77,97,65 85,85,75 164,164,166 181,181,190 133,134,134 72,75,58 79,76,61 65,80,50 66,83,50 66,70,51 79,61,52 71,50,44 67,44,45 65,54,48 63,60,51 78,48,51 72,59,52 67,54,48 69,56,52 68,62,50 62,60,46 79,56,56 68,68,58 
120,125,138 232,223,200 226,224,201 231,224,208 229,222,204 229,223,209 229,221,202 203,201,191 62,76,55 70,82,66 157,163,177 85,88,95 83,79,71 98,92,82 109,104,100 123,120,119 128,125,124 136,131,130 135,130,129 135,128,125 140,134,131 146,139,135 144,139,135 145,138,134 131,125,117 162,163,162 107,107,108 79,98,71 83,100,75 168,171,171 179,178,187 133,136,131 73,85,56 69,79,57 74,86,64 79,92,67 69,78,59 83,94,67 81,84,69 82,82,75 87,89,77 84,86,75 102,82,87 114,109,107 117,114,112 119,115,113 129,126,122 127,123,120 64,62,62 110,105,100 
121,127,140 233,224,201 229,226,207 232,224,205 221,196,148 232,223,198 235,229,211 207,206,197 82,96,91 56,64,74 108,110,116 101,96,88 103,95,86 111,104,99 130,124,123 141,134,134 146,140,139 143,138,136 141,135,133 144,137,135 148,143,140 154,149,145 149,143,139 148,142,136 137,130,123 130,130,132 155,158,165 77,93,69 68,97,61 168,171,170 180,179,186 151,150,151 118,115,97 141,134,114 139,134,113 138,132,121 152,145,139 166,164,165 176,175,179 170,168,170 165,163,165 164,162,165 168,167,170 156,155,155 153,152,154 163,162,167 165,164,168 156,155,156 60,60,60 142,139,138 
121,128,140 231,221,191 230,224,206 207,201,186 185,172,146 218,211,193 237,232,217 214,212,206 136,142,156 91,90,89 108,102,96 111,104,98 116,109,103 128,122,119 145,137,136 150,142,142 149,143,141 149,145,143 148,143,141 152,145,144 160,155,152 162,157,154 161,155,152 158,151,148 143,135,129 127,118,112 100,105,118 121,126,128 65,84,58 170,171,171 180,178,186 180,178,185 151,146,136 145,142,132 155,154,141 144,144,126 154,155,146 176,176,178 161,161,161 168,167,169 162,162,160 164,164,163 175,177,182 162,162,164 150,150,149 154,154,154 148,146,142 156,154,152 51,50,49 139,136,133 
121,127,140 235,228,210 227,222,209 214,208,192 205,202,190 212,207,191 238,235,223 207,205,197 110,105,99 111,105,99 111,105,99 116,109,105 128,122,119 141,135,132 144,136,135 145,138,137 145,141,140 153,148,147 155,149,147 159,152,152 156,150,147 160,153,150 166,160,157 156,149,145 139,127,121 127,115,108 121,119,120 223,226,234 96,100,109 157,157,152 172,174,177 179,177,186 156,154,148 152,149,142 155,154,141 146,146,131 153,153,142 162,162,154 156,156,147 159,159,153 161,161,156 158,158,151 155,155,148 144,143,139 131,130,125 156,155,155 140,136,126 143,138,123 60,59,53 121,117,104 
117,121,134 238,235,227 235,229,214 233,225,205 228,224,214 228,221,204 240,237,228 207,204,197 109,104,100 112,104,98 114,105,100 120,113,108 132,124,122 143,134,133 148,140,140 140,132,131 143,137,135 157,149,148 161,154,155 160,153,154 162,156,154 162,154,152 149,141,137 135,126,122 128,117,110 137,125,118 137,125,117 140,135,135 86,92,107 131,135,129 157,160,161 174,171,179 158,156,152 143,141,131 143,144,127 123,122,108 131,135,115 144,145,129 124,124,112 119,122,111 129,128,116 168,169,164 147,146,133 36,36,35 39,39,39 53,58,61 113,114,103 75,78,60 42,42,42 103,99,85 
65,70,79 115,114,112 114,113,107 111,108,100 113,112,109 109,108,105 113,112,109 106,105,102 114,108,103 116,109,103 123,115,112 139,133,130 151,143,142 158,151,150 164,158,159 165,158,158 159,153,151 160,153,152 161,153,152 154,146,146 163,156,155 154,145,142 137,127,123 129,118,111 121,110,100 140,129,124 138,124,116 135,123,114 107,104,103 130,128,129 138,140,134 164,160,163 149,148,141 143,146,134 158,157,147 133,131,118 121,128,108 150,152,143 143,144,137 123,129,113 115,117,105 145,147,140 104,107,93 53,55,49 54,56,50 55,59,51 87,87,71 68,71,54 49,52,44 91,88,73 
58,64,75 64,64,64 66,66,66 39,39,39 30,30,30 30,30,30 30,30,30 39,38,38 117,112,108 122,117,113 131,126,122 139,132,130 140,134,132 141,134,132 143,136,135 145,139,137 152,144,143 147,139,137 145,136,135 141,132,131 144,135,134 126,120,117 135,126,124 132,122,117 129,117,108 129,115,104 122,107,98 125,112,103 130,120,110 126,118,110 129,125,113 136,129,118 137,137,122 110,124,100 121,126,102 113,115,93 115,119,96 102,105,89 82,83,76 73,74,64 74,76,68 61,61,55 74,79,67 67,72,61 66,73,62 57,63,52 62,66,56 72,76,67 69,74,63 59,63,53 
