48,46,44 34,38,26 44,47,36 39,44,32 49,53,36 46,52,36 47,53,32 49,57,31 66,71,61 155,152,163 90,92,97 99,98,107 101,102,100 171,173,173 220,223,222 219,220,221 218,219,221 222,223,223 227,227,227 221,221,221 222,222,222 220,221,220 224,226,225 173,172,172 103,104,93 69,73,53 59,66,40 58,63,41 66,71,51 65,71,40 51,57,36 101,104,93 65,72,42 97,100,86 101,104,92 99,101,97 69,72,63 38,41,39 55,56,52 28,28,27 29,29,29 42,43,41 36,35,36 46,48,43 45,47,35 49,53,44 64,72,55 111,113,131 104,106,124 181,179,199 
34,35,34 36,37,35 38,39,36 38,40,36 41,42,38 37,38,35 40,41,39 48,48,47 42,43,43 142,140,150 129,128,134 107,106,113 92,94,95 121,127,122 222,224,224 221,222,223 220,220,222 222,223,223 227,227,226 224,224,224 227,227,227 222,223,223 226,228,227 154,155,147 90,93,77 73,80,52 38,46,18 89,91,78 43,51,25 40,49,19 43,51,25 60,65,45 46,55,20 62,68,45 147,149,146 158,161,161 87,87,84 44,47,45 76,75,72 35,34,32 35,36,35 46,48,46 41,42,40 45,46,43 52,55,45 71,73,83 56,60,47 52,55,56 127,123,152 174,172,194 
44,44,43 67,68,67 86,86,85 92,93,91 81,81,81 93,94,92 82,83,81 104,104,104 86,86,88 136,134,142 94,96,100 90,94,93 69,78,66 114,119,116 212,214,214 230,230,229 226,227,228 223,224,225 228,228,227 227,227,227 227,227,226 223,223,223 212,213,212 73,80,48 52,62,26 57,64,33 35,41,19 44,49,26 35,42,18 41,46,23 41,48,29 49,56,30 48,55,32 112,117,107 149,150,149 182,183,187 65,68,59 47,50,45 60,62,57 33,33,30 32,34,30 33,34,33 40,42,40 50,53,48 58,62,63 63,66,63 61,63,68 50,49,57 123,122,149 135,133,162 
37,38,37 34,35,34 36,37,35 37,38,35 37,38,36 37,38,37 41,43,40 49,50,50 45,45,46 49,52,46 44,51,38 85,91,85 58,68,55 90,101,94 154,159,160 229,229,228 232,232,233 229,229,229 228,228,228 226,226,225 224,225,223 221,222,221 183,185,180 61,70,35 39,49,21 48,57,26 44,51,19 37,44,21 41,47,26 43,48,32 77,80,68 34,40,18 43,49,33 188,191,195 186,188,192 158,159,160 53,57,47 36,39,34 42,46,39 44,45,43 41,44,40 34,35,37 46,50,47 57,64,54 76,81,84 68,75,71 50,56,47 50,55,51 118,117,147 47,49,55 
35,36,35 51,52,51 59,60,59 58,59,58 59,61,58 34,35,33 34,35,33 40,42,41 35,37,33 49,54,49 38,46,38 46,57,49 44,51,47 68,77,74 118,126,123 223,223,223 237,237,237 233,233,233 229,229,229 226,226,225 222,222,221 217,218,218 197,198,197 60,67,39 57,64,35 45,53,20 37,42,22 34,39,22 44,48,34 51,54,41 57,61,42 40,44,25 105,107,98 130,135,126 122,126,110 89,93,77 111,113,110 57,59,56 36,38,36 57,60,57 32,33,34 38,40,39 60,69,57 64,73,57 66,72,61 58,63,58 47,50,38 53,54,62 139,137,166 92,94,123 
34,38,34 66,67,74 34,38,34 35,37,35 48,49,50 38,44,34 38,43,40 38,45,41 42,49,46 35,43,32 36,44,39 46,57,55 45,51,44 134,136,138 80,88,82 151,157,152 181,184,182 237,237,236 232,232,232 230,230,228 222,222,221 220,222,221 148,152,143 56,66,32 50,57,33 40,49,25 49,51,35 34,38,24 54,56,47 72,73,62 45,49,27 90,94,80 122,123,115 75,83,63 48,60,21 73,79,63 150,152,153 61,66,60 47,50,46 38,41,39 33,35,33 40,45,39 56,67,52 58,67,47 57,64,55 43,43,42 57,56,70 50,52,48 115,112,141 146,138,158 
48,49,48 114,106,118 50,52,54 40,45,40 56,60,62 55,60,59 35,42,38 66,69,76 37,47,43 34,38,35 37,40,40 38,44,41 54,58,54 105,109,112 95,103,97 123,128,129 153,157,157 240,240,240 235,235,235 233,233,231 228,228,227 227,227,225 127,132,119 50,57,36 49,56,34 65,66,50 64,65,47 41,44,33 58,59,49 106,107,98 60,67,47 53,58,42 72,74,63 30,37,24 42,54,26 112,116,108 114,116,113 76,80,72 82,88,81 56,64,51 58,66,50 49,59,43 70,82,71 57,71,55 49,57,40 44,43,50 66,68,69 54,51,47 149,139,141 122,118,117 
53,57,55 66,65,70 42,44,47 39,42,45 70,71,78 68,72,83 46,53,57 39,46,49 41,48,49 33,40,40 57,57,61 38,43,42 66,71,69 64,69,67 66,77,64 88,99,88 112,120,114 235,235,235 238,238,237 236,235,233 234,233,231 235,234,231 127,134,113 49,57,35 40,47,31 57,60,46 46,48,33 56,58,46 50,57,39 65,72,57 89,91,81 67,69,56 71,73,64 31,36,28 40,49,26 141,147,142 96,102,91 99,107,96 84,91,79 44,52,35 48,57,40 44,50,39 71,79,78 66,75,73 62,69,73 39,38,32 51,53,39 70,63,60 55,55,44 77,79,63 
58,59,60 66,63,73 71,70,77 41,44,50 68,70,78 44,46,58 39,43,44 38,44,45 52,57,54 29,35,32 55,60,60 41,49,46 59,66,67 108,110,118 70,78,73 75,86,74 126,129,136 157,161,161 238,239,237 237,237,235 236,235,233 219,219,216 80,92,76 56,65,39 39,45,32 69,72,63 58,60,51 49,53,42 34,39,30 28,32,26 47,52,34 84,88,76 68,70,62 37,41,34 53,60,51 147,151,149 165,171,174 132,139,134 78,88,70 47,58,39 42,50,36 40,45,36 44,55,43 67,69,82 48,50,42 47,53,37 56,55,40 50,50,34 66,70,55 91,92,81 
55,58,66 114,114,126 156,155,162 79,78,90 42,46,43 40,43,45 42,49,52 36,46,45 40,48,44 38,48,37 53,57,56 36,42,37 44,51,49 48,56,54 51,61,49 64,76,61 141,147,144 200,201,205 233,234,233 238,239,237 238,237,236 184,187,180 70,81,64 67,74,50 39,46,30 42,47,33 44,47,35 43,45,36 63,66,55 32,37,29 64,66,57 72,76,66 48,56,41 39,43,39 115,121,116 142,149,148 172,179,186 159,165,170 59,67,57 41,49,38 41,48,37 32,35,25 42,44,34 74,78,64 43,42,29 63,67,52 54,58,40 40,45,31 67,72,53 69,78,56 
44,49,47 131,132,148 94,96,106 109,106,114 52,54,57 39,48,43 35,44,42 34,42,42 38,49,49 44,54,55 49,55,49 39,47,35 40,47,45 50,58,53 47,55,49 54,67,52 88,98,90 235,237,236 241,243,241 239,240,239 239,240,237 180,183,179 60,73,54 54,66,42 44,51,32 66,69,53 73,74,67 40,44,37 66,70,62 114,115,112 78,79,73 35,42,34 73,81,73 90,97,91 159,164,167 185,193,203 183,190,202 134,142,149 62,71,68 39,49,32 43,55,40 46,54,55 69,69,63 94,91,88 47,45,35 61,69,51 42,47,34 95,94,85 123,124,115 133,138,125 
30,34,32 101,106,113 72,75,82 40,46,43 52,60,64 41,49,45 34,39,38 27,34,31 35,44,44 35,44,42 43,55,51 43,52,45 36,40,33 44,51,43 52,60,51 42,50,47 91,98,95 205,207,211 242,244,243 240,242,240 239,241,238 179,183,181 80,89,71 50,60,41 48,55,37 61,66,48 76,81,70 39,44,35 90,92,89 88,89,86 47,52,50 38,46,42 97,104,98 80,89,81 83,90,79 134,144,145 134,141,151 111,117,127 58,66,61 64,73,77 40,50,33 40,49,34 87,84,84 81,75,74 52,53,47 64,70,52 69,70,59 79,77,74 112,115,112 92,105,80 
47,49,56 31,34,28 29,34,30 39,45,43 48,55,56 42,49,43 32,35,29 26,30,26 23,28,24 34,41,37 37,44,43 63,68,69 40,45,36 52,61,56 54,65,60 54,62,54 76,84,79 191,193,196 244,245,245 242,243,241 219,223,218 105,115,99 77,89,64 47,57,37 45,52,40 48,53,40 56,62,51 54,58,52 55,58,51 57,62,55 41,46,44 65,74,68 56,65,57 110,116,111 165,163,157 138,140,131 70,81,76 86,94,95 49,56,50 39,44,36 47,59,48 48,54,43 79,78,75 58,56,53 54,55,49 67,69,57 49,54,37 64,68,52 129,132,124 80,90,72 
156,154,171 71,70,88 23,27,16 32,42,34 31,39,33 56,60,66 69,70,81 26,31,27 27,34,30 34,40,40 40,51,48 57,65,65 36,40,31 36,43,35 47,57,52 61,67,61 74,80,74 171,174,175 245,246,246 244,244,245 226,228,227 81,92,70 67,79,59 49,57,37 61,68,49 51,57,39 58,64,50 82,87,82 39,44,41 54,59,55 75,82,84 59,70,56 57,69,55 92,97,88 192,187,180 179,174,175 111,110,111 52,59,43 38,41,29 46,57,46 43,57,40 50,57,43 110,107,109 85,82,76 68,63,58 73,78,63 67,72,55 76,89,66 97,105,88 98,101,94 
242,242,242 153,156,159 38,41,30 31,37,29 41,51,52 114,111,138 39,40,41 42,47,51 37,44,45 33,40,40 31,38,35 38,48,44 40,43,37 35,39,32 39,44,35 72,77,71 103,108,104 148,152,155 247,249,248 246,246,247 214,216,215 85,96,76 75,85,66 67,74,56 53,63,42 42,50,30 60,69,51 75,81,80 54,56,57 45,53,46 43,52,44 64,77,70 106,114,117 155,155,154 162,161,159 169,166,166 108,111,111 76,80,80 43,53,38 50,64,46 47,56,37 68,70,63 108,106,104 92,89,88 144,140,139 57,60,47 48,53,40 90,101,84 93,104,86 115,115,116 
119,125,128 74,78,88 37,39,30 32,34,32 47,55,56 58,65,74 38,43,41 36,39,41 32,33,34 22,25,26 29,35,33 45,53,49 37,41,35 39,43,34 41,47,36 59,70,50 79,89,71 99,111,106 208,214,210 248,250,249 161,168,158 92,104,76 67,79,60 70,78,62 68,75,56 56,67,34 62,72,55 93,96,103 74,73,82 133,132,149 57,66,63 56,67,69 133,132,142 159,152,156 163,156,157 139,135,134 91,96,87 58,66,52 50,63,41 49,60,40 55,64,52 91,89,91 118,116,119 93,92,90 115,113,111 63,66,57 47,51,40 85,98,80 98,106,90 104,108,100 
48,56,39 36,44,33 32,38,26 31,35,28 33,37,30 43,49,44 47,54,50 50,53,60 34,34,34 23,24,24 26,32,28 42,52,50 43,46,39 34,38,30 44,50,36 57,69,46 73,86,66 76,88,84 84,99,89 188,192,192 97,107,93 92,101,82 63,72,57 64,69,58 73,78,68 68,74,59 59,65,47 152,151,162 106,103,119 108,111,129 96,101,113 127,133,144 121,123,125 138,136,131 171,162,165 96,97,95 84,86,82 57,65,55 46,55,38 91,90,87 68,74,64 64,70,60 73,73,70 116,114,116 138,136,137 46,50,39 48,51,41 104,103,98 134,137,132 112,118,111 
52,61,39 38,45,28 34,38,26 34,40,26 36,40,35 38,43,38 40,44,42 71,71,79 96,91,102 41,46,40 39,47,38 37,43,33 37,42,35 36,43,33 42,50,36 52,62,45 72,84,67 62,71,72 70,82,82 101,114,103 83,94,76 92,100,82 76,86,68 73,74,66 112,116,118 70,82,61 65,72,53 141,141,159 148,146,150 201,199,206 96,102,115 97,108,106 142,139,140 124,118,123 136,131,136 107,106,124 74,82,80 61,67,57 51,58,44 78,78,74 69,75,70 123,120,126 101,100,98 91,88,87 75,73,64 80,78,68 64,65,56 148,146,144 174,171,169 119,121,122 
49,56,40 37,44,33 35,41,33 41,47,36 34,38,32 47,57,53 46,54,52 48,60,59 42,52,52 41,51,49 47,56,53 45,54,44 35,39,30 38,46,31 45,50,40 56,67,49 69,79,71 54,65,68 62,74,74 74,89,76 81,91,81 89,101,80 69,82,61 76,80,70 69,83,63 74,88,62 84,91,82 175,178,178 155,154,155 196,196,200 85,92,100 72,84,76 164,162,163 191,181,186 190,180,187 174,163,169 123,121,120 68,72,65 76,80,71 89,94,89 173,167,175 164,159,167 134,129,132 128,123,122 102,101,96 102,101,97 83,88,69 114,117,107 151,147,142 97,102,97 
57,66,55 47,55,48 40,49,35 40,48,42 35,44,38 37,41,36 46,52,48 39,47,46 34,41,39 35,43,38 39,47,42 52,61,53 52,57,39 53,60,49 48,57,44 68,82,63 89,103,84 94,113,87 67,82,75 57,70,60 65,76,69 74,85,75 60,69,58 69,75,63 61,76,56 66,78,68 68,75,70 77,92,82 88,94,88 141,153,152 73,87,75 68,86,64 129,133,124 202,192,197 193,181,188 180,169,175 140,135,140 125,119,122 96,95,90 146,144,146 202,192,198 146,141,147 116,114,116 167,163,168 64,66,62 61,63,58 111,111,103 141,141,136 170,165,171 144,143,152 
85,102,79 71,80,64 52,58,48 53,65,58 61,68,66 40,38,37 80,86,77 96,101,102 51,55,55 47,54,43 47,54,47 58,65,51 64,68,56 57,62,50 63,72,53 89,108,77 91,106,88 72,86,76 57,67,67 78,87,83 70,75,88 99,110,104 66,70,67 68,72,68 58,67,60 52,61,61 52,59,60 45,58,65 115,116,124 79,87,92 75,85,86 77,87,68 138,132,127 130,121,130 154,143,153 91,92,101 129,124,131 124,117,119 61,67,58 173,165,173 146,141,151 142,141,142 63,71,61 104,105,102 115,118,110 92,93,93 177,174,175 124,123,119 153,152,158 158,156,163 
133,144,112 142,150,121 119,127,99 129,139,107 71,78,59 59,61,53 148,148,132 132,133,116 121,127,103 84,88,67 94,98,75 75,76,57 67,77,47 56,64,45 96,105,73 108,119,83 95,98,83 72,81,72 91,98,89 98,104,99 128,132,125 128,129,130 101,98,95 109,115,102 115,119,105 116,120,112 114,116,108 146,150,145 139,134,137 95,98,96 100,105,85 94,88,59 134,126,113 176,164,165 183,166,175 164,150,160 161,152,165 124,126,122 115,111,109 151,143,151 164,160,163 142,138,137 125,128,127 146,145,145 139,141,136 107,117,100 181,183,179 164,162,158 160,155,152 168,168,173 
135,141,115 143,149,120 146,149,120 140,151,114 104,114,83 67,69,58 168,169,137 133,143,108 131,139,103 119,123,85 88,92,62 70,73,47 89,100,59 67,74,49 136,151,110 119,135,99 114,130,95 112,132,100 115,124,105 123,120,142 122,118,134 114,118,107 105,109,88 107,110,92 107,117,88 116,129,98 124,130,104 119,135,102 107,114,92 123,133,104 85,96,62 88,101,64 95,108,69 130,139,105 147,155,128 145,154,126 140,151,121 131,148,114 130,145,113 144,161,133 141,161,132 137,158,129 113,133,106 115,133,107 135,153,131 108,131,103 139,154,131 141,157,128 154,167,140 206,207,205 
125,133,100 124,133,101 136,144,110 150,154,121 149,158,122 87,85,76 148,152,117 132,135,100 115,123,83 89,99,60 58,65,45 98,110,58 83,91,46 88,98,64 130,143,100 129,144,101 131,145,103 135,146,109 138,134,148 141,137,162 129,125,147 123,127,107 113,131,92 105,115,86 96,111,75 100,117,82 104,117,89 108,127,91 94,102,79 106,124,91 78,90,60 53,69,36 90,106,62 127,137,96 144,157,120 145,160,121 144,161,122 146,164,125 138,158,119 139,160,120 135,158,120 128,154,115 128,154,117 124,151,114 117,143,109 128,152,116 132,153,120 137,160,122 135,158,122 138,160,127 
108,122,87 134,140,112 135,142,109 122,131,95 126,134,98 76,74,64 111,126,82 110,125,88 112,127,86 78,89,59 53,56,42 93,100,69 57,65,42 63,73,48 91,106,70 96,113,75 101,117,82 113,112,119 130,127,153 129,126,153 124,121,145 116,116,112 121,125,99 117,129,93 104,112,80 95,109,72 95,108,76 95,114,74 87,93,68 94,113,76 76,94,57 50,63,32 66,78,38 90,102,56 125,143,107 129,147,110 131,149,112 134,153,114 134,154,113 132,151,109 139,160,121 134,158,119 133,158,118 132,157,118 136,160,123 140,161,126 144,164,127 131,158,114 139,160,122 124,147,108 
113,124,91 124,136,102 131,139,103 130,143,103 132,145,103 86,82,75 112,122,84 109,119,86 104,117,85 84,93,61 76,75,57 86,98,66 88,101,67 83,96,64 89,106,70 90,104,71 93,91,92 104,100,124 117,113,140 117,114,142 116,113,139 110,109,119 118,109,98 120,112,95 114,121,88 102,101,79 96,99,73 90,99,68 91,92,73 90,107,70 78,92,57 48,63,29 60,70,37 80,99,55 108,130,89 112,134,96 114,137,98 116,139,98 118,141,103 128,149,108 127,151,114 130,155,116 132,157,118 140,163,128 143,165,127 146,165,126 132,149,112 122,142,107 137,156,116 120,140,102 
128,135,93 129,137,94 128,131,95 114,124,83 113,123,80 93,86,79 98,112,71 94,107,70 85,94,65 70,77,57 67,74,55 75,86,59 81,95,66 80,94,64 83,94,62 81,80,80 86,82,104 103,100,124 114,111,137 112,109,136 112,109,134 106,105,127 109,106,100 110,105,104 106,105,86 113,112,95 104,93,84 95,93,75 94,90,73 92,99,72 86,103,64 46,61,30 63,76,38 93,114,71 104,125,83 108,128,90 110,130,90 114,135,96 113,135,97 117,141,99 116,141,99 121,144,105 126,151,112 131,153,118 135,156,116 138,160,124 142,164,124 142,162,122 134,154,112 131,153,114 
113,124,81 111,121,81 113,118,82 115,124,83 102,116,73 87,62,59 77,89,59 82,91,62 74,85,58 75,84,58 73,82,60 80,92,68 80,96,61 82,93,63 82,81,74 80,77,94 90,86,108 103,99,124 108,105,129 107,104,131 110,108,132 107,105,127 105,101,112 108,104,112 100,96,96 105,98,82 109,108,94 107,97,90 92,87,69 94,101,72 82,94,62 46,58,30 59,74,38 94,109,74 106,121,87 107,125,89 112,131,98 116,134,97 113,133,95 111,132,93 109,132,87 117,141,95 119,142,103 119,142,102 124,146,106 129,148,115 128,147,107 133,154,113 130,151,109 118,139,102 
92,101,65 89,99,63 95,109,71 98,115,67 78,90,60 82,72,68 59,70,46 65,80,53 68,78,54 73,82,63 85,94,69 84,86,67 89,87,73 88,81,79 75,71,88 81,78,97 92,89,110 104,100,126 107,103,129 105,102,127 108,106,130 108,106,128 98,95,116 103,98,108 100,96,103 99,94,89 103,97,78 108,100,95 107,95,84 94,87,70 81,85,58 53,59,34 76,86,55 88,99,66 96,111,77 106,120,85 104,119,87 103,120,89 110,130,92 114,131,94 115,134,96 115,136,96 119,139,101 121,142,103 124,146,105 126,147,109 128,147,107 130,150,109 123,143,104 125,144,106 
89,100,62 91,99,66 88,102,65 82,99,64 72,83,55 74,85,61 66,81,55 61,70,52 75,82,68 85,93,68 92,88,73 94,87,87 95,89,89 80,73,90 83,79,96 87,83,102 94,91,112 103,99,122 104,100,124 104,99,124 106,103,127 105,103,125 103,100,122 104,99,115 101,96,106 91,86,90 90,80,80 110,98,82 112,106,100 108,100,91 91,82,68 84,73,57 83,93,59 90,96,67 94,104,72 98,106,77 101,108,76 106,117,84 109,120,85 113,127,93 113,128,96 116,128,96 118,135,106 119,138,103 127,143,104 120,137,101 121,138,102 122,141,104 122,138,99 131,147,110 
89,106,66 87,104,66 80,97,61 78,96,58 79,99,61 77,94,61 67,76,57 84,87,81 91,100,78 93,87,81 100,94,92 98,97,88 83,77,88 82,76,95 85,81,100 92,87,108 100,95,118 103,98,122 105,100,123 103,99,122 105,102,126 104,102,123 103,102,122 98,95,112 113,106,121 103,95,105 87,81,87 103,84,83 103,92,78 114,109,98 113,104,92 104,90,79 89,87,64 84,94,59 98,105,73 96,107,77 103,110,87 107,114,87 111,116,90 105,118,84 100,117,84 109,124,88 116,133,100 117,130,96 120,136,95 124,137,101 122,136,108 122,137,98 125,138,99 125,135,99 
75,92,55 74,91,54 70,87,53 76,90,59 72,84,55 67,78,60 87,96,85 92,94,78 89,83,76 95,89,88 92,94,77 87,79,81 83,76,92 85,79,99 89,84,105 96,91,110 101,96,118 103,98,120 103,99,121 101,97,119 103,100,122 104,102,124 104,101,122 97,96,116 102,97,101 99,95,105 90,85,94 89,81,85 97,79,74 101,99,74 117,114,101 121,111,102 99,100,77 88,98,67 88,98,66 95,106,79 98,111,86 100,116,84 110,121,85 103,117,86 104,117,87 103,118,87 104,120,86 107,125,83 115,130,91 116,132,93 117,132,96 123,138,98 124,137,104 127,139,102 
78,95,58 81,98,58 86,107,66 75,90,56 74,79,62 78,82,82 92,93,76 88,82,80 95,86,89 101,96,84 94,84,82 85,79,97 85,80,98 89,83,104 93,87,107 99,93,114 102,96,118 102,97,119 103,98,120 101,97,119 104,99,122 104,100,122 105,101,122 100,99,119 95,91,105 101,96,108 90,86,97 89,85,95 88,79,82 99,82,75 108,102,81 114,106,100 98,97,74 103,99,75 98,90,68 95,104,79 99,107,81 94,109,74 96,109,74 99,112,77 99,111,77 108,123,83 105,121,81 110,126,86 111,126,89 110,122,87 109,124,85 114,126,89 118,132,91 117,131,92 
84,100,66 86,100,63 82,88,57 76,76,60 74,77,80 95,92,86 108,96,93 105,91,100 105,97,96 96,92,75 86,78,90 85,79,97 85,80,99 91,84,105 94,90,110 102,94,115 103,96,118 104,99,121 103,98,121 102,97,119 103,99,121 104,100,122 104,100,121 103,101,120 96,93,113 104,97,109 103,97,112 91,87,99 86,83,89 96,87,86 105,92,76 111,100,80 120,115,100 122,110,99 119,108,96 108,112,89 100,111,83 85,100,67 88,102,68 105,116,80 105,114,83 105,121,82 104,122,85 107,123,89 114,127,93 109,120,87 108,121,86 112,128,91 112,124,91 115,128,93 
81,95,58 77,83,59 77,75,70 82,82,89 101,99,90 95,85,87 98,89,95 95,86,92 107,104,96 89,80,87 88,82,98 83,78,95 87,82,102 91,86,106 96,91,112 101,94,116 103,97,118 103,98,119 101,97,119 99,96,118 103,99,120 103,99,121 104,102,123 103,101,120 101,98,118 90,87,105 101,96,110 102,97,113 100,94,107 104,94,103 104,85,85 114,87,82 114,98,73 125,120,108 131,123,112 111,121,88 98,112,80 85,98,63 84,101,61 97,113,72 103,119,80 100,115,81 96,112,80 97,115,83 113,127,92 115,132,93 118,134,99 111,128,95 117,130,94 113,129,90 
77,80,60 79,78,79 83,84,86 95,94,89 94,87,91 103,95,99 106,99,102 104,100,95 95,84,81 87,78,94 80,75,93 84,79,98 90,85,105 94,87,106 99,94,113 101,96,117 103,97,117 103,97,118 103,98,118 101,96,117 102,98,118 100,97,117 103,99,120 102,100,119 102,100,119 92,90,108 117,106,123 123,110,128 109,99,115 104,96,105 98,92,98 109,91,90 115,97,76 118,118,85 117,112,97 106,116,86 99,113,76 96,111,76 91,110,65 94,108,66 100,114,75 99,113,78 92,110,74 100,115,88 103,110,78 109,127,89 110,130,96 112,130,89 116,130,91 114,130,92 
80,78,76 91,92,85 101,99,88 103,98,97 102,96,98 102,94,100 106,101,97 95,89,79 82,75,88 80,75,92 82,77,96 87,82,103 90,84,104 92,87,106 97,92,111 101,95,114 102,97,116 104,98,118 103,99,120 100,96,117 102,99,119 99,96,116 104,100,121 103,101,120 102,99,118 95,93,114 89,84,102 118,107,116 101,98,110 103,99,110 104,102,111 101,96,100 116,94,89 110,104,73 113,117,87 107,115,86 104,115,80 96,106,68 99,111,74 91,102,64 96,107,69 95,107,76 89,103,72 98,116,85 107,108,79 100,115,77 101,118,83 107,121,81 107,122,82 112,127,89 
86,85,79 102,99,90 103,103,92 106,98,96 102,93,102 98,96,95 101,99,82 88,72,76 79,74,91 82,77,96 82,80,98 86,81,103 89,84,105 94,88,109 96,91,109 101,96,113 103,97,115 102,98,117 101,98,118 100,96,117 100,97,117 99,96,117 104,101,122 102,99,119 103,99,118 103,98,115 89,86,107 108,100,112 107,101,114 107,102,115 111,108,117 110,106,113 119,98,101 105,86,70 96,104,70 98,110,77 106,118,92 120,125,116 124,130,115 113,124,86 98,117,76 93,103,73 92,98,71 102,110,82 97,105,76 101,112,78 99,111,80 103,112,69 98,110,74 106,118,83 
94,96,77 80,81,64 94,84,80 100,93,91 105,99,103 104,102,89 94,81,79 78,71,88 81,77,96 81,78,97 82,80,99 89,85,105 91,87,107 92,88,107 94,91,110 99,93,112 102,97,115 102,98,118 102,98,120 101,98,117 99,96,116 100,97,119 103,101,121 103,101,121 103,100,119 100,97,117 96,92,113 92,87,102 118,105,121 113,107,121 115,107,118 117,109,117 107,101,107 109,89,87 102,89,64 107,105,79 102,113,88 102,107,101 100,97,87 100,107,67 100,112,69 102,115,81 108,122,80 100,116,78 103,117,81 99,111,80 96,106,76 112,110,60 101,107,72 94,100,63 
86,80,74 87,78,70 102,89,87 97,88,87 104,91,88 99,85,83 85,74,85 77,73,93 78,76,95 83,80,99 88,84,103 91,88,107 91,88,106 92,89,106 98,94,112 100,96,113 101,98,114 102,99,117 102,96,118 99,95,114 100,98,118 100,98,119 105,102,123 111,108,129 119,115,136 103,99,120 98,95,114 88,86,107 104,94,110 120,110,126 115,108,122 114,106,119 104,100,108 104,90,98 132,104,99 104,95,71 104,96,73 105,99,77 116,112,92 111,115,89 101,104,74 109,125,90 108,124,85 101,119,69 99,110,75 102,105,80 85,96,62 91,113,70 104,117,76 97,109,67 
90,76,72 92,72,67 102,84,82 110,101,102 99,86,88 79,74,90 76,74,94 82,78,100 83,79,100 86,82,101 91,88,107 93,90,109 93,90,108 95,91,108 99,93,111 105,98,116 102,98,115 103,97,117 103,97,117 99,97,118 98,96,116 98,96,117 102,99,119 113,110,131 123,120,141 107,103,124 98,95,116 94,91,113 91,87,106 126,113,121 108,104,118 110,105,119 109,103,113 109,99,104 123,106,102 108,76,70 126,113,77 112,105,82 117,114,86 113,119,97 114,117,100 115,120,92 105,122,79 97,117,68 101,119,73 102,115,69 91,100,61 84,96,58 87,104,71 98,114,73 
82,74,66 107,87,82 111,101,105 118,106,112 93,86,90 73,72,92 78,77,96 80,78,98 85,81,101 88,84,103 91,88,108 93,90,108 95,91,108 97,93,109 101,95,111 103,97,114 102,96,113 104,98,118 104,98,119 100,98,118 99,95,115 99,97,118 101,98,116 99,97,118 100,97,116 96,91,108 98,94,113 96,94,113 92,90,112 114,100,110 115,107,119 109,104,119 110,105,117 113,105,111 123,100,95 121,87,87 125,100,85 105,90,74 120,107,81 133,118,95 112,126,98 122,126,111 111,121,83 91,99,60 104,125,79 105,128,71 102,122,71 97,111,64 59,61,58 78,96,64 
94,83,81 109,101,102 106,101,98 100,95,91 87,81,93 84,82,97 87,85,99 86,84,99 83,80,101 88,84,102 91,88,106 95,92,109 96,93,109 101,95,112 102,96,114 101,95,114 104,98,118 104,98,119 102,98,118 101,99,118 98,95,116 94,93,111 99,96,114 101,98,118 100,99,119 100,98,118 97,95,115 97,96,117 94,93,114 90,86,107 109,100,111 105,101,113 101,97,108 111,104,116 118,105,112 123,97,99 123,94,86 143,103,92 140,101,90 140,116,95 105,119,85 115,125,97 104,117,81 109,116,81 107,121,82 95,120,60 93,115,66 86,97,64 79,57,55 82,95,69 
94,86,90 238,234,227 233,226,207 235,230,219 236,232,225 238,235,228 239,236,229 204,201,197 87,84,105 88,84,104 89,85,104 96,93,110 102,96,112 101,97,113 100,95,112 102,96,114 104,99,119 104,99,118 103,99,117 102,100,120 101,96,118 98,95,114 97,97,116 97,94,113 100,99,118 98,97,116 97,96,116 98,96,116 96,95,117 92,91,113 92,88,103 110,101,112 112,105,118 115,109,121 119,110,117 125,106,110 127,103,98 144,103,99 137,105,100 119,97,85 96,88,67 103,101,74 104,103,81 109,123,85 112,124,86 93,113,60 95,116,62 94,112,67 57,64,50 98,122,87 
89,80,88 237,233,223 233,225,206 232,225,207 222,198,147 234,230,222 236,233,226 203,200,198 85,83,103 88,85,106 92,86,107 95,91,108 102,95,114 97,94,112 99,96,114 102,97,115 103,99,118 104,100,120 101,99,116 101,96,117 99,96,115 99,97,116 97,94,112 97,94,111 99,97,118 98,96,117 95,94,114 98,97,117 94,94,116 95,94,116 94,91,112 102,95,106 118,108,121 114,108,121 119,110,119 131,113,120 125,104,104 120,93,91 140,104,104 118,92,80 111,78,72 123,81,77 131,103,90 107,117,83 110,118,92 98,102,73 98,101,66 90,93,66 57,60,55 85,102,72 
85,81,85 234,227,210 233,224,203 226,218,197 188,172,135 221,213,190 223,216,200 201,197,191 87,85,105 90,86,106 92,87,107 94,92,108 99,94,113 97,94,111 102,96,113 102,96,115 103,100,119 104,101,120 102,98,118 102,98,118 101,98,117 138,135,150 101,96,115 99,96,117 99,97,117 99,97,119 96,95,116 96,94,114 96,95,116 98,97,118 98,95,117 92,90,109 114,100,110 117,108,120 126,112,123 147,125,141 134,111,121 128,105,108 122,94,86 128,94,90 125,90,90 130,91,86 149,117,109 132,109,98 109,115,90 105,104,84 102,107,79 133,124,87 51,52,49 94,111,72 
90,85,88 234,226,207 226,224,198 228,220,202 224,217,201 230,224,211 230,222,204 202,197,188 90,88,108 90,86,106 94,89,111 94,92,110 99,96,114 99,95,113 102,99,114 103,100,118 105,100,121 103,98,118 103,99,120 103,97,117 121,118,134 128,126,142 97,95,115 100,98,118 99,96,116 96,96,118 98,97,118 98,97,117 98,98,118 99,98,119 98,97,118 95,94,115 94,89,104 124,108,120 141,121,133 147,126,139 143,123,135 115,101,102 123,103,96 132,102,93 126,88,83 129,89,89 129,89,91 120,87,88 120,101,88 125,113,96 107,104,93 105,93,82 66,66,58 105,107,67 
86,75,80 232,222,194 231,227,208 231,224,205 235,225,207 233,222,195 234,226,207 205,201,195 89,86,106 90,87,108 94,91,109 95,93,111 96,94,112 100,97,114 101,98,115 107,103,121 106,101,122 100,93,114 102,99,119 105,101,120 139,135,148 111,109,127 99,98,119 101,98,119 100,100,120 105,103,122 100,98,120 99,99,120 100,100,119 100,99,120 97,96,116 97,96,116 92,91,111 104,91,101 130,107,114 139,118,127 116,105,114 112,103,112 118,109,97 123,107,100 122,101,101 144,118,116 152,121,116 36,36,35 39,39,39 53,58,61 113,114,103 75,78,61 42,42,42 114,115,86 
72,65,85 113,110,100 112,109,98 110,108,101 111,108,100 111,107,98 112,110,103 103,102,101 91,86,105 94,91,113 95,91,108 95,93,110 98,96,113 100,97,115 115,110,127 141,139,152 118,112,131 107,100,122 104,100,120 122,118,135 134,129,143 97,95,116 100,96,117 100,97,118 110,108,126 114,114,129 102,101,122 100,99,120 101,101,121 100,99,119 100,99,120 98,96,117 97,95,116 90,88,106 120,101,105 133,111,112 107,97,103 131,124,135 120,114,113 130,121,133 110,101,110 120,112,119 122,108,108 76,69,63 72,61,59 69,58,60 97,86,74 87,78,65 65,60,55 101,108,88 
69,66,86 62,62,62 64,64,64 40,40,40 30,30,30 30,30,30 30,30,30 36,36,38 92,89,108 92,88,106 95,91,107 94,93,111 98,96,113 100,97,115 131,127,142 141,138,152 144,141,155 134,129,147 107,104,125 141,137,152 120,116,135 98,94,116 98,92,113 102,99,121 99,98,120 98,97,118 101,100,121 99,98,119 100,100,120 99,98,120 101,99,120 99,96,117 97,95,116 96,93,114 92,88,104 128,103,102 119,101,103 106,99,106 86,82,86 88,84,91 86,81,87 72,67,72 84,80,83 79,74,74 89,78,75 70,54,55 68,52,51 92,77,75 82,75,67 72,74,59 
