54,57,41 114,112,108 113,111,111 43,43,34 32,35,27 30,33,25 29,36,23 27,30,22 41,46,23 48,54,24 50,53,24 49,53,24 40,43,23 42,45,25 40,41,24 35,35,22 41,41,24 38,40,25 48,53,27 40,41,23 40,43,25 31,34,20 39,43,23 62,69,28 64,71,31 45,50,25 49,55,27 35,40,20 36,41,21 44,52,23 47,54,23 61,71,29 48,62,22 21,21,19 22,24,19 21,23,19 21,23,19 27,32,21 31,38,23 71,77,57 201,202,194 193,193,188 187,188,183 188,188,182 120,126,88 66,77,28 99,104,57 104,102,50 75,84,38 71,82,28 
41,42,35 45,46,40 43,44,37 42,44,36 38,38,36 33,33,32 36,37,34 37,37,36 32,32,30 32,35,23 47,49,28 48,53,24 44,46,24 36,38,22 43,49,24 41,44,25 46,48,27 44,48,28 42,45,25 38,39,25 36,38,23 36,38,22 27,28,19 40,42,23 66,68,23 63,73,32 64,75,34 34,37,21 47,52,28 39,45,20 36,41,22 38,49,23 53,67,27 52,63,27 26,30,20 21,22,19 21,21,19 33,37,24 42,49,29 151,153,145 197,198,192 189,189,184 188,189,184 125,131,94 71,82,44 75,81,33 113,115,78 109,114,78 86,94,52 70,84,29 
49,51,46 77,79,72 94,95,89 95,96,91 84,84,82 90,90,90 79,79,79 92,92,91 70,71,68 44,48,30 50,55,29 42,47,25 52,53,29 47,49,27 41,43,25 47,52,25 49,56,26 39,39,23 48,52,26 44,46,26 49,52,32 44,46,23 24,24,19 28,29,20 46,50,19 58,70,27 56,66,28 26,28,20 58,64,33 35,39,21 24,26,18 25,29,19 37,47,22 48,62,22 27,32,21 51,59,25 31,35,24 27,31,24 63,70,49 186,185,177 192,192,188 189,190,185 154,157,129 88,99,47 89,95,61 66,71,32 98,107,48 95,102,47 74,87,31 68,81,29 
40,42,38 37,40,33 43,44,36 41,42,36 40,41,34 34,34,33 34,34,33 35,35,33 35,36,33 44,49,27 58,66,26 63,65,30 52,52,27 51,55,25 55,55,24 63,70,24 40,46,22 41,45,26 42,48,24 44,46,26 45,52,27 58,63,26 28,30,19 25,26,19 46,48,20 43,51,21 43,49,23 42,49,24 48,55,25 39,45,24 23,27,18 48,57,28 44,55,22 41,51,25 39,46,25 52,65,26 39,44,27 28,31,26 101,105,93 192,191,186 189,189,185 190,192,189 110,118,76 61,71,30 88,93,48 80,85,38 97,108,39 84,97,38 68,79,28 73,81,37 
38,40,36 57,59,55 67,68,62 62,63,59 58,59,56 31,31,30 32,32,30 32,32,30 33,33,30 43,47,29 56,61,26 58,63,31 34,37,19 49,54,25 65,64,22 37,41,20 42,47,20 46,49,28 41,43,25 37,39,23 41,46,23 54,58,27 42,43,23 23,23,19 43,47,23 45,53,23 30,34,19 45,52,24 44,51,23 42,48,25 31,37,21 54,68,30 51,63,28 30,34,24 47,57,28 40,51,24 30,34,25 56,59,53 192,192,186 192,192,188 188,189,185 191,192,189 106,114,89 67,73,35 96,95,52 88,95,40 103,115,46 76,90,35 98,110,49 79,89,36 
50,57,49 53,65,40 43,50,24 40,48,28 51,59,31 25,27,18 27,29,19 40,44,23 54,60,40 48,50,31 45,50,24 59,62,34 56,58,28 50,54,27 39,43,23 54,56,24 40,42,18 48,53,28 38,42,23 31,32,22 45,47,26 53,56,29 48,51,24 29,29,23 39,45,21 48,55,26 24,27,19 29,34,21 28,31,19 34,39,21 43,53,26 47,60,26 56,67,27 38,47,26 37,44,26 36,46,27 35,41,33 67,73,56 197,197,192 191,192,187 188,187,185 183,183,181 147,150,134 93,98,53 77,83,41 83,93,36 79,89,34 82,92,36 83,96,43 73,88,28 
41,48,41 40,47,32 43,50,29 35,40,31 29,35,21 38,43,16 28,31,21 35,37,24 73,77,42 67,71,39 34,39,20 50,54,28 67,70,37 31,33,21 46,50,25 43,51,22 31,34,21 34,40,21 35,39,22 28,29,20 41,43,26 53,55,22 40,42,22 28,29,19 41,47,21 33,37,19 30,35,20 26,28,22 21,22,19 31,36,21 56,68,31 46,59,28 46,56,32 46,58,30 37,45,25 41,49,35 43,51,36 60,69,46 154,155,149 191,190,187 189,189,187 145,147,135 118,122,106 75,83,43 62,67,31 67,77,29 65,77,30 81,93,36 74,89,35 61,75,30 
49,56,49 56,65,57 54,63,51 48,60,37 52,61,43 35,41,25 32,33,25 33,37,23 49,52,26 56,58,35 32,35,19 29,31,23 56,61,48 22,22,17 36,38,26 30,34,21 31,33,20 29,30,22 26,28,20 28,29,20 31,33,21 40,42,22 28,29,21 30,33,20 39,46,20 28,30,19 25,30,19 24,26,19 24,25,19 42,53,25 33,42,21 28,34,17 32,40,22 31,40,22 32,37,33 39,46,20 42,49,31 75,83,66 202,199,197 197,195,191 195,195,191 122,127,112 81,89,53 73,82,43 93,101,49 65,72,37 60,70,27 64,76,26 62,79,27 70,83,33 
36,43,31 48,56,50 62,71,56 42,54,35 41,52,34 45,55,31 32,35,20 31,32,21 41,44,38 50,55,28 38,41,23 27,26,25 61,62,66 31,33,20 38,40,23 32,35,23 27,30,21 30,33,22 30,31,22 28,30,20 27,29,20 35,38,21 24,25,19 26,28,19 35,41,19 26,29,19 23,26,18 22,23,18 27,30,22 37,47,23 28,32,29 25,30,22 25,31,18 27,32,25 35,45,24 58,72,32 65,74,35 83,93,72 212,209,205 206,203,198 165,167,166 104,109,89 64,72,42 78,86,41 81,94,43 68,73,42 74,82,40 60,66,26 49,61,23 66,78,34 
62,73,54 57,66,56 45,51,33 49,59,46 56,65,52 37,43,23 36,38,20 28,28,19 23,25,19 27,28,21 39,42,27 38,39,36 58,62,61 26,27,23 34,35,25 38,43,25 33,38,22 31,34,21 34,36,24 22,23,19 25,25,18 25,25,19 24,25,19 23,24,19 33,37,20 23,26,18 26,29,19 20,20,18 23,25,18 38,46,27 42,47,52 24,29,25 29,33,32 31,34,27 38,50,29 49,69,31 51,64,28 97,101,94 216,213,208 209,206,202 119,123,109 71,77,39 81,88,48 80,92,41 63,75,33 81,91,40 70,82,28 50,60,21 54,59,26 63,73,31 
55,62,34 47,58,33 38,48,32 49,59,43 41,50,35 34,41,27 34,40,24 34,35,26 26,27,25 21,23,17 20,20,16 31,37,22 59,62,59 52,54,53 44,46,28 39,46,24 53,60,22 33,36,21 34,35,23 26,27,19 28,28,19 26,27,20 26,27,20 23,25,18 23,25,18 23,25,18 25,27,19 20,20,17 21,21,18 24,26,23 41,47,38 23,28,22 36,42,36 33,40,21 53,68,36 66,82,38 122,130,113 216,212,212 215,212,207 205,202,198 92,96,67 64,71,45 59,68,37 65,76,34 60,66,36 57,70,26 49,63,22 49,61,26 76,87,37 91,107,48 
32,40,23 40,47,34 47,55,40 62,71,44 40,48,37 38,47,33 45,50,30 43,44,41 27,27,25 25,26,23 17,18,15 30,30,30 53,55,53 44,50,40 36,38,27 48,55,26 47,55,25 54,63,26 40,47,22 33,37,20 49,54,21 43,47,21 40,45,22 30,33,19 23,24,19 24,26,18 25,27,18 19,20,17 23,23,19 23,24,21 26,29,23 27,32,20 30,36,19 36,44,21 46,59,20 68,81,38 95,105,67 221,217,215 208,205,203 198,193,192 152,146,145 144,138,134 71,69,60 41,44,33 59,65,52 56,67,25 42,53,21 48,59,27 67,83,35 68,84,38 
56,64,43 48,57,39 52,61,41 49,58,38 42,50,34 39,48,26 45,52,27 42,45,32 56,54,58 51,51,51 19,19,18 18,19,16 46,48,43 64,66,64 38,40,29 59,71,28 38,45,23 49,59,23 34,37,23 48,61,25 45,57,22 42,51,20 27,28,20 31,31,19 26,27,19 29,32,18 23,25,19 22,23,20 26,28,22 27,30,22 32,39,26 34,41,27 27,32,20 28,37,22 45,58,31 66,84,40 110,114,88 185,175,177 183,175,176 178,169,170 189,182,181 201,195,193 42,41,37 64,63,62 66,75,40 71,82,33 72,82,42 50,62,30 54,64,30 50,53,25 
60,71,44 49,59,41 57,62,45 48,53,35 48,57,39 51,58,43 35,38,21 33,36,19 24,27,17 43,44,36 31,31,29 31,32,27 61,63,65 69,73,61 36,39,27 45,52,26 32,34,24 56,65,27 37,41,26 54,63,40 52,66,32 56,69,25 32,34,23 26,27,20 27,29,20 31,34,21 45,48,46 24,24,21 39,46,24 35,42,26 44,52,28 28,36,22 31,36,21 39,50,25 52,68,28 73,85,44 111,118,78 210,202,203 196,188,189 196,190,189 197,191,191 188,182,182 56,51,42 60,60,42 87,98,43 93,105,48 74,84,45 61,69,35 53,62,29 46,48,26 
63,72,42 50,60,41 67,76,62 61,70,56 63,74,61 54,66,53 43,49,26 37,39,27 25,27,17 31,33,24 42,43,34 23,25,17 36,39,26 53,64,33 53,60,38 39,43,25 60,67,46 119,129,113 80,89,66 69,83,50 52,66,32 42,51,22 38,41,22 27,29,21 33,37,21 30,31,24 26,27,23 37,39,35 44,48,32 40,45,27 39,47,21 44,50,27 79,80,56 44,52,29 50,65,31 78,94,69 107,118,91 214,210,211 206,203,201 202,198,197 197,192,192 179,173,173 80,79,56 75,85,38 67,78,31 64,77,30 60,72,37 52,63,30 45,55,27 41,41,25 
57,66,46 59,68,50 58,69,53 59,68,58 70,85,60 48,60,42 38,42,19 37,41,20 31,34,20 32,35,19 31,35,19 33,36,21 31,32,23 56,64,44 56,69,31 50,61,25 89,96,74 168,175,159 154,162,145 62,73,40 56,71,35 48,60,26 45,49,37 27,28,22 30,34,21 27,27,20 25,25,20 34,34,28 36,38,28 45,47,36 65,70,44 78,82,46 147,144,118 86,90,84 57,72,41 84,103,67 99,111,71 215,210,211 208,204,203 202,198,199 196,191,192 164,159,159 68,76,40 60,69,33 73,84,41 60,72,34 56,68,28 45,54,26 44,52,23 46,42,31 
57,65,45 52,60,41 58,66,49 62,73,59 62,75,56 51,61,38 53,59,33 43,48,19 38,41,21 30,34,18 33,38,23 41,46,26 46,50,32 63,70,45 63,78,36 54,67,25 49,52,27 74,76,60 89,95,69 56,70,32 50,65,32 56,73,32 51,58,39 30,32,20 34,36,23 42,42,34 24,24,20 44,45,28 47,50,36 110,108,102 94,98,64 95,100,57 173,168,156 200,196,203 78,93,42 75,91,42 127,132,113 218,212,216 192,186,191 202,196,200 195,189,193 157,148,152 75,72,53 65,71,34 61,73,34 64,73,35 53,64,28 53,61,28 45,50,25 47,52,29 
53,64,47 52,61,45 59,72,41 52,64,45 58,67,52 59,69,44 65,68,45 49,53,29 42,48,24 56,63,31 55,60,36 94,96,79 74,85,48 71,85,42 56,69,26 38,44,21 41,36,30 78,79,69 49,57,28 61,73,34 50,64,31 64,82,47 46,55,26 29,32,18 27,28,17 23,23,18 27,28,21 55,50,43 82,79,66 86,80,69 81,83,49 95,98,53 122,119,102 77,80,69 64,73,25 75,87,55 93,91,69 89,73,76 79,62,64 91,72,72 185,179,184 147,138,141 98,86,83 67,60,53 60,60,42 47,56,29 50,61,25 41,51,19 45,48,28 53,59,30 
56,68,51 53,64,50 48,55,36 49,54,35 51,59,40 75,76,55 152,140,145 78,77,63 78,77,65 55,60,32 84,81,74 101,93,88 81,85,58 80,93,56 60,74,34 58,62,41 44,40,32 84,81,73 66,73,42 64,77,29 67,82,42 53,66,36 54,66,34 47,51,38 38,40,28 24,23,20 34,33,26 43,40,34 50,52,35 81,77,65 75,72,61 103,100,75 71,58,49 61,52,40 68,84,50 76,91,58 83,86,57 69,58,58 76,64,63 76,64,63 105,103,108 118,112,116 80,70,69 79,72,60 106,102,88 121,115,113 65,62,50 41,51,20 61,65,33 48,54,30 
40,50,29 46,58,35 45,55,39 49,58,34 62,78,48 68,79,61 167,166,169 168,165,172 155,150,157 48,38,36 129,123,127 155,153,156 129,126,127 132,135,128 104,110,92 138,138,139 71,64,60 96,93,94 120,124,107 52,63,23 53,66,28 47,63,33 73,80,58 73,76,64 94,97,87 37,42,24 43,41,32 46,47,33 44,48,33 58,61,43 57,57,39 95,95,65 116,103,101 90,87,75 65,79,46 59,70,36 102,113,61 89,66,66 103,86,86 132,114,112 160,152,156 133,123,126 103,90,90 93,82,80 161,153,152 129,124,123 86,82,75 49,55,30 76,77,49 78,87,85 
61,67,41 55,67,42 56,69,45 62,73,52 46,58,35 68,76,60 155,156,156 169,167,173 161,155,162 61,48,52 148,141,148 166,163,169 134,129,137 117,123,109 141,143,143 155,154,159 124,111,113 91,84,84 133,135,123 69,80,38 59,72,31 44,54,23 73,83,50 93,101,75 101,104,88 39,41,28 49,45,36 37,37,28 39,43,29 51,51,35 68,64,48 101,97,79 140,131,122 80,93,58 79,88,44 66,74,44 87,96,54 84,56,55 109,91,92 142,125,125 192,186,190 139,127,130 115,102,102 85,76,74 73,71,67 110,108,104 76,81,65 63,75,39 80,84,47 71,75,53 
63,72,45 45,54,32 65,73,50 65,79,47 49,59,42 72,84,60 134,127,125 150,144,143 146,139,138 139,135,128 137,136,129 137,136,128 120,119,111 103,110,91 116,127,105 106,118,92 98,108,84 92,85,81 89,100,63 71,83,38 62,75,36 65,78,44 61,71,22 59,72,35 56,64,34 50,55,35 62,58,47 38,39,30 50,54,38 53,53,38 63,61,44 126,118,122 144,128,110 80,87,54 82,94,64 83,97,62 107,103,81 86,55,56 112,95,97 146,129,128 191,185,189 140,127,130 125,111,112 96,85,88 75,66,70 100,92,92 72,76,56 66,76,36 79,87,44 73,77,57 
52,62,35 43,43,32 50,59,38 50,63,35 52,63,43 66,81,45 59,52,37 63,51,42 63,49,42 69,64,49 65,74,44 66,73,44 58,65,34 56,61,34 59,64,37 55,60,34 53,57,32 92,80,78 88,99,52 66,80,37 73,86,44 73,88,48 50,54,30 50,51,32 53,53,35 56,58,36 70,65,50 61,70,47 75,79,63 52,57,37 59,63,43 55,58,39 165,146,132 109,111,83 88,103,67 74,87,49 99,102,57 89,60,59 116,99,102 150,135,134 174,168,166 128,122,109 132,119,117 72,64,62 86,73,78 87,71,77 102,96,101 89,91,75 86,93,50 111,103,100 
70,74,51 74,81,62 51,61,33 51,62,34 59,72,42 68,78,53 72,66,56 66,54,48 59,47,41 53,51,38 42,53,27 49,43,35 51,43,34 50,40,36 54,45,38 54,45,37 52,45,36 98,85,81 74,74,48 64,81,32 74,94,51 69,86,45 61,61,39 63,63,42 62,66,43 63,69,43 73,70,53 66,77,50 72,87,54 77,95,60 78,97,59 75,89,54 129,127,99 97,102,62 72,86,53 80,94,61 93,97,59 105,81,76 119,104,92 112,110,87 96,108,72 96,107,68 97,106,68 90,95,64 77,80,60 74,74,59 77,74,63 90,82,75 92,76,63 81,74,70 
71,83,58 66,78,53 41,53,30 61,78,38 58,71,43 73,82,63 68,72,54 56,44,43 54,45,39 55,47,39 57,45,40 59,50,42 64,51,44 68,54,47 69,55,48 64,52,44 60,50,41 90,76,69 82,76,70 68,67,40 60,69,33 61,71,24 74,67,41 79,64,53 81,67,56 83,70,57 90,75,65 84,80,62 90,89,69 95,96,72 93,95,71 98,94,71 90,91,65 88,102,48 84,99,56 83,98,57 86,97,59 101,99,76 97,93,72 94,96,70 99,99,71 98,94,68 96,92,65 96,93,66 102,100,69 100,104,70 97,100,70 98,94,68 97,98,71 92,92,67 
64,75,53 55,65,50 56,58,42 43,53,28 65,76,51 55,66,41 58,62,45 63,45,44 71,48,48 80,52,55 85,56,59 92,56,63 97,63,68 97,65,69 94,65,67 95,67,68 94,67,66 98,68,70 115,92,94 93,61,60 83,65,55 80,67,47 80,67,50 82,65,55 80,69,55 91,70,63 87,80,63 88,88,67 94,94,69 97,93,70 94,93,69 98,81,67 90,88,66 88,101,40 76,91,44 85,100,32 91,108,43 96,94,68 102,95,74 93,96,67 87,82,61 83,77,53 84,80,51 87,82,57 90,80,56 94,98,62 98,99,72 93,95,65 93,90,66 88,89,62 
62,70,48 53,58,39 68,71,52 61,48,42 60,71,44 59,68,45 64,61,37 70,46,47 72,52,50 80,51,54 79,60,57 91,59,62 106,63,72 102,68,70 99,70,69 102,74,71 101,82,70 97,76,68 119,102,98 101,67,64 95,72,64 89,66,57 90,63,58 88,68,60 88,71,61 96,67,64 89,77,64 91,82,68 95,83,68 96,86,69 100,83,70 105,73,70 91,72,61 85,69,51 79,70,52 78,77,37 92,89,51 102,79,70 102,84,73 97,82,68 82,69,55 79,61,49 79,60,50 78,61,49 88,66,54 91,92,60 94,84,64 94,80,63 92,81,64 87,73,57 
60,69,51 59,65,50 68,78,45 72,54,49 67,61,49 65,65,50 64,48,43 70,48,48 74,52,51 84,56,57 95,64,66 103,67,71 118,65,78 103,81,76 109,78,76 107,78,75 101,78,71 105,81,77 125,109,106 119,94,92 104,89,80 91,81,70 99,89,77 112,101,88 125,113,100 166,156,150 151,139,133 143,133,128 135,126,116 127,116,106 148,135,127 155,136,134 182,167,166 168,154,153 151,134,134 139,129,122 129,124,97 147,135,128 157,146,142 161,150,147 169,161,157 166,159,155 161,152,147 148,138,132 145,132,125 154,148,138 154,144,137 144,135,124 143,134,122 137,129,116 
66,75,51 69,80,59 71,58,46 78,47,53 63,40,42 68,44,46 72,44,49 78,53,54 83,63,62 94,75,72 102,89,82 115,102,95 135,118,116 120,109,98 127,115,103 128,115,105 146,128,117 132,118,111 132,123,118 166,158,151 129,116,102 134,120,105 127,109,92 121,110,87 128,116,95 126,118,96 141,129,115 112,112,83 121,120,93 122,119,93 125,124,97 144,129,113 147,134,123 169,157,147 147,132,117 125,122,104 95,99,70 102,115,80 130,130,108 144,141,126 117,118,97 126,123,105 138,135,117 135,131,112 154,149,134 134,131,110 116,120,91 140,137,120 123,124,99 132,133,110 
68,80,37 79,76,52 78,65,61 92,70,72 79,68,64 96,84,77 105,94,85 127,114,104 131,117,106 134,118,106 156,145,135 147,136,124 157,148,138 123,113,94 123,113,95 125,113,94 119,109,86 107,104,77 138,136,129 111,107,83 114,105,82 108,104,77 115,104,79 103,101,71 99,109,71 101,105,74 102,104,75 103,110,77 98,112,76 99,115,76 102,115,79 114,115,83 104,107,76 100,112,78 105,108,78 97,110,71 91,105,69 91,110,70 95,110,71 95,107,68 91,107,67 96,109,71 100,111,72 91,104,64 98,109,70 99,111,72 99,110,70 99,108,70 95,105,64 97,107,66 
94,86,61 87,76,63 90,76,66 102,89,80 93,84,71 100,90,76 105,94,78 113,102,83 117,113,92 109,108,84 113,108,83 113,109,85 108,111,82 107,107,77 120,111,87 112,112,79 111,117,79 99,112,73 157,155,153 101,106,74 105,105,77 100,106,73 104,105,76 101,108,68 103,104,70 109,103,80 109,103,81 107,107,81 102,106,81 111,111,88 120,115,100 121,116,98 123,115,103 120,113,99 129,120,109 131,126,113 123,121,108 115,120,101 118,118,103 127,126,113 118,121,105 109,107,90 120,115,100 101,102,82 91,101,67 97,103,71 104,108,79 104,103,77 100,105,68 106,109,73 
93,76,65 96,74,66 101,79,70 106,90,79 93,79,67 99,92,72 96,100,75 96,104,73 95,100,73 100,107,75 100,109,75 100,110,76 104,112,78 116,114,84 116,117,86 115,120,84 112,117,80 118,116,90 145,139,135 127,117,104 135,124,119 136,128,124 133,126,121 129,125,115 128,132,119 117,120,104 113,121,97 126,130,114 126,129,111 123,128,105 131,137,118 133,132,120 139,136,124 128,127,109 129,130,108 128,127,113 134,133,120 133,134,120 126,128,109 129,128,115 121,117,107 108,111,93 114,118,99 129,129,119 138,132,126 123,116,106 107,107,92 114,117,95 110,113,86 112,115,93 
90,83,66 94,88,70 103,91,75 104,97,77 110,97,79 100,106,74 98,101,73 103,100,77 113,105,87 123,116,102 137,126,117 135,127,123 125,112,107 137,127,124 133,125,117 117,111,94 112,106,90 128,125,108 139,137,129 115,115,92 118,121,98 117,115,94 110,109,86 104,110,85 103,111,85 103,110,84 104,111,83 117,115,97 114,115,90 114,116,92 111,115,90 115,115,93 123,116,100 124,116,98 123,116,97 118,110,90 119,114,91 112,109,93 107,99,89 115,104,94 112,97,88 115,103,94 117,106,93 112,106,90 123,112,98 126,114,98 121,112,93 106,112,78 107,115,78 110,116,81 
94,93,79 108,96,89 118,112,104 130,122,116 137,127,124 121,119,111 114,105,98 117,110,96 119,117,96 125,128,112 120,121,107 120,118,103 124,114,102 118,104,94 126,120,97 122,119,94 116,118,91 127,122,102 146,139,138 127,115,106 126,122,103 129,120,111 120,110,104 122,113,102 124,115,100 123,114,101 115,111,94 119,111,98 128,118,106 123,117,101 125,121,101 121,118,97 122,118,99 124,118,101 123,116,101 120,115,96 121,113,97 121,112,103 108,99,95 100,94,88 105,95,86 104,94,84 114,104,95 117,110,101 114,102,92 118,110,90 126,116,96 117,112,86 108,112,78 109,113,78 
125,124,122 111,114,105 104,113,96 103,111,90 95,98,81 93,94,75 95,99,78 101,105,84 108,104,89 119,106,96 122,109,99 126,107,100 119,107,96 123,111,99 130,120,104 129,120,102 125,122,98 142,131,128 148,132,132 130,121,106 127,119,105 122,109,107 126,112,108 118,106,101 120,113,99 120,113,101 117,112,96 117,113,99 117,111,100 114,107,96 113,105,96 117,111,95 117,115,94 118,115,95 119,112,96 121,113,96 121,113,95 114,105,98 106,97,93 103,97,95 102,97,86 105,95,88 113,101,94 105,95,92 101,90,82 117,108,87 124,115,91 125,120,89 121,114,92 118,114,89 
92,93,77 92,97,77 100,99,84 98,90,79 109,95,89 114,99,94 113,102,94 106,96,90 110,99,95 119,106,103 127,112,108 113,99,96 107,97,92 124,116,101 127,120,104 133,125,107 131,120,111 131,118,117 139,124,116 134,122,117 131,122,117 125,115,112 120,109,104 123,112,106 118,112,98 118,110,99 130,114,108 123,113,105 126,117,106 120,112,104 116,108,99 120,113,102 118,110,105 113,107,96 114,113,91 121,117,98 116,113,90 108,105,95 109,101,96 112,106,96 105,105,90 102,105,89 111,112,91 121,118,102 130,126,114 113,108,87 116,114,88 128,123,95 128,124,94 128,127,93 
102,88,87 104,93,87 101,89,87 107,96,93 111,98,97 124,111,110 112,100,96 114,99,99 115,104,99 121,110,109 122,109,107 118,106,101 114,104,96 120,109,104 129,120,112 129,118,117 126,115,114 122,108,107 138,120,118 128,118,112 136,123,121 123,111,107 122,115,107 117,106,102 118,109,102 113,103,100 126,110,108 118,110,103 122,114,109 120,110,110 122,112,109 125,113,109 133,124,117 122,115,102 120,121,97 111,114,84 120,116,92 105,109,81 106,114,86 103,114,83 106,115,85 101,110,82 97,106,77 101,109,80 109,111,90 105,111,81 107,116,74 117,121,81 123,124,88 119,124,84 
100,90,89 117,108,107 102,91,90 95,83,82 117,105,106 105,93,94 117,101,101 110,96,97 116,105,102 115,105,101 119,112,104 124,118,105 113,102,98 127,118,110 130,120,118 134,123,123 125,113,111 127,110,109 122,110,109 132,123,117 152,141,138 125,117,105 118,112,101 117,109,103 118,112,101 111,103,99 130,120,115 119,114,105 118,112,105 119,116,103 125,121,101 124,121,98 125,119,99 116,108,89 114,108,92 109,104,82 112,105,85 106,104,80 104,99,77 102,98,75 108,102,79 112,105,86 100,91,85 94,89,82 105,94,88 97,85,85 92,89,77 103,103,80 104,102,79 107,110,85 
94,84,86 113,104,105 112,99,97 101,89,89 109,95,96 106,89,89 106,95,90 109,98,95 124,116,111 116,108,106 119,109,101 120,111,103 122,110,109 119,107,103 123,113,110 124,114,112 131,114,117 131,113,115 121,111,112 127,119,109 128,120,119 123,119,105 122,114,107 122,116,105 122,119,103 116,117,98 115,117,98 114,119,98 109,110,96 107,101,93 97,88,88 88,79,85 84,74,82 86,76,85 84,76,84 82,73,83 95,85,87 106,104,85 103,104,78 107,106,81 110,105,88 109,103,84 103,95,88 88,80,86 84,74,83 83,74,83 86,78,85 85,79,84 85,77,83 86,78,82 
111,101,101 99,88,88 115,105,103 119,109,103 111,92,94 115,104,103 123,114,110 119,107,103 116,109,105 104,97,93 120,120,103 125,123,111 112,102,100 115,105,101 119,111,105 139,132,130 129,109,113 120,107,107 130,117,114 130,121,109 124,124,110 115,117,98 124,118,112 120,113,102 116,116,96 117,116,98 103,97,92 92,83,90 87,79,87 86,78,86 88,78,88 87,79,87 88,79,87 88,78,87 88,78,87 88,78,87 86,79,87 95,87,87 104,100,80 112,104,86 95,86,85 91,82,85 99,90,87 88,79,87 91,82,88 91,81,88 90,80,87 92,83,88 92,83,88 94,84,88 
109,98,97 99,87,86 120,104,106 110,96,97 118,108,106 138,131,133 129,124,113 131,123,119 133,129,127 148,145,145 135,131,130 166,167,165 141,138,133 117,116,100 138,135,122 129,135,110 134,132,113 120,121,101 119,121,98 116,115,97 111,105,96 109,109,98 92,84,89 87,78,86 91,82,88 92,84,90 87,79,88 88,79,89 89,80,89 90,81,90 91,83,92 92,83,91 92,82,90 91,82,89 87,79,87 86,79,87 83,77,84 84,78,86 92,86,90 98,93,89 83,77,84 84,77,85 85,79,86 86,79,86 90,82,88 93,82,89 91,82,87 89,81,85 88,79,82 92,83,87 
102,95,91 107,93,95 99,86,87 106,99,92 126,115,108 121,116,109 115,109,102 132,129,122 159,158,157 141,138,135 129,129,115 106,113,89 111,116,90 113,118,93 113,118,91 116,117,95 115,109,94 103,97,95 108,99,96 98,88,94 94,86,93 94,85,92 89,79,88 88,78,88 88,79,89 88,80,88 90,81,90 90,81,90 92,83,91 92,83,91 91,83,90 87,78,87 91,81,90 88,80,87 88,80,86 87,79,86 83,78,84 82,77,84 84,78,86 83,76,85 84,77,85 86,79,86 86,79,86 86,80,86 89,80,88 89,82,88 87,81,88 87,80,84 51,42,43 83,77,79 
114,105,106 114,107,107 109,105,98 120,117,108 124,120,109 112,109,95 120,117,108 134,132,122 118,116,102 116,119,103 111,114,92 114,110,94 114,116,94 109,102,94 104,96,96 101,93,97 97,89,94 97,88,95 100,90,96 96,86,93 92,83,90 93,83,91 90,80,89 91,82,91 87,79,88 90,82,90 91,82,91 92,83,92 96,86,94 97,88,96 92,84,91 89,81,89 117,108,114 119,109,115 91,82,88 89,81,87 87,80,86 85,79,86 85,79,87 85,78,87 86,79,87 88,82,89 88,81,88 89,83,89 88,82,89 88,81,88 88,82,87 85,79,84 87,71,72 85,80,83 
130,120,120 233,227,208 226,224,202 233,225,207 232,222,202 233,224,203 236,231,217 208,206,196 110,110,92 105,96,92 108,95,95 100,90,93 105,98,96 98,90,95 99,90,95 100,91,97 99,89,96 96,87,94 95,86,94 94,86,93 93,84,92 89,81,90 87,78,87 90,81,90 89,81,89 90,81,89 89,81,89 97,88,96 94,86,94 97,89,97 96,89,96 111,104,111 148,138,142 143,133,138 96,89,94 89,81,86 87,79,86 86,79,86 86,79,88 85,79,88 84,80,88 84,79,87 86,80,87 88,83,89 89,83,90 89,83,89 91,85,89 92,85,90 53,51,53 91,84,87 
104,96,96 232,221,192 227,220,204 218,211,194 210,187,144 228,220,202 238,234,222 206,203,196 93,85,88 97,88,93 99,90,94 100,90,95 100,93,94 98,91,94 98,90,95 97,89,95 97,88,95 99,90,97 95,86,94 92,84,92 89,81,89 88,80,87 87,79,88 91,84,92 93,85,93 90,82,90 88,80,88 87,81,88 89,82,90 93,85,92 90,84,92 111,105,112 113,107,112 103,96,102 120,112,117 91,83,89 87,79,85 85,80,85 85,81,87 84,80,86 84,80,87 85,81,87 86,82,88 88,83,89 90,83,88 90,84,88 91,85,90 91,84,90 54,54,54 90,83,88 
101,95,90 233,224,200 222,217,204 203,198,187 181,172,148 216,210,192 240,236,227 207,204,197 98,91,93 100,91,93 100,91,95 104,94,97 100,92,95 101,93,98 98,91,95 98,91,97 98,89,95 94,86,93 91,83,91 87,81,89 88,81,89 87,79,88 88,81,90 90,83,90 90,84,90 88,83,89 88,82,90 87,83,90 87,81,89 87,82,89 88,84,91 89,85,92 92,86,91 94,87,92 101,94,99 100,93,97 89,83,88 87,82,87 85,81,87 84,81,88 87,83,89 85,82,87 88,83,88 90,85,90 90,84,89 93,87,92 92,86,90 92,87,91 45,44,44 92,86,90 
86,78,82 238,234,226 234,227,209 228,220,203 220,216,205 234,227,210 240,237,228 206,203,196 98,89,92 99,90,92 102,93,96 102,93,96 101,93,96 98,91,96 99,93,97 99,90,96 97,90,95 95,86,93 88,81,90 85,80,88 85,80,87 87,80,88 91,85,92 91,85,92 88,83,90 87,83,90 88,84,91 88,84,91 86,82,90 88,83,91 89,85,92 86,83,90 105,100,105 93,84,89 97,89,94 91,84,88 87,82,84 87,82,86 86,81,87 85,82,86 83,79,85 84,81,87 89,84,89 90,84,89 89,84,88 93,86,91 90,84,87 93,86,90 54,53,53 93,86,90 
82,74,78 238,235,227 236,230,214 236,230,216 239,236,228 232,229,221 239,236,227 206,203,196 104,94,95 104,94,96 105,96,98 102,93,95 103,95,97 101,94,98 98,91,95 97,90,94 97,90,96 92,85,92 88,81,88 86,80,88 88,82,90 91,85,92 91,87,93 89,87,92 91,86,93 94,91,97 87,84,91 89,86,92 88,85,92 88,84,91 89,86,92 85,82,89 97,91,96 102,92,98 100,92,97 90,84,86 86,82,85 87,83,86 89,83,87 87,82,86 86,83,87 107,105,109 108,104,109 36,35,36 39,39,39 53,57,61 113,114,103 75,77,61 42,42,42 92,85,88 
86,77,82 115,114,111 115,114,111 113,112,109 113,112,109 113,112,109 112,111,109 104,102,100 103,93,95 102,93,95 106,97,98 100,92,94 102,95,96 100,93,98 99,92,97 97,90,95 94,88,94 95,88,95 90,83,90 88,82,89 90,85,91 91,87,93 91,87,93 95,91,96 102,100,105 108,106,111 89,86,93 90,87,92 89,86,92 90,86,93 90,86,92 89,86,93 88,81,91 103,91,100 104,97,100 92,87,88 87,84,85 90,86,89 88,84,86 87,84,88 88,84,87 97,94,98 97,92,97 52,50,52 55,53,54 57,57,59 87,84,74 69,69,60 54,52,54 91,84,88 
91,82,88 64,64,64 66,66,66 39,39,39 30,30,30 30,30,30 30,30,30 36,36,36 101,91,93 104,95,97 107,98,101 96,88,92 108,101,105 100,94,97 101,94,97 96,89,95 97,90,96 92,85,93 88,83,90 87,83,90 91,86,93 93,89,93 94,90,96 92,87,93 87,85,92 87,84,89 90,87,92 90,88,93 90,87,93 92,89,95 91,88,94 91,87,94 87,80,90 99,90,95 100,92,95 93,87,87 90,85,85 79,77,76 71,70,71 68,67,68 70,68,70 58,56,59 73,71,72 66,65,66 64,62,64 58,56,59 61,59,60 74,72,73 73,71,72 61,58,59 
