119,119,124 117,116,122 115,115,121 114,115,120 113,114,119 113,114,118 109,108,111 98,96,97 131,131,129 199,199,197 233,233,231 224,224,222 211,211,211 219,221,222 210,210,211 191,191,191 184,185,186 185,186,188 192,193,195 178,178,180 166,166,171 162,163,167 156,157,162 151,152,158 157,157,165 154,154,157 119,118,110 60,61,47 74,76,62 45,50,32 81,87,70 62,68,54 30,35,23 40,47,33 40,45,29 62,73,38 59,67,34 61,69,30 47,55,24 45,51,31 31,34,20 51,60,34 47,54,31 38,46,27 33,39,20 35,40,19 33,39,21 32,37,19 42,48,32 39,48,24 
56,56,57 57,56,58 55,55,56 56,56,57 57,57,58 54,54,55 55,55,56 55,55,56 50,50,50 93,90,90 114,111,109 174,173,170 225,225,225 214,215,214 201,201,203 189,189,189 179,181,180 175,176,178 185,185,187 176,176,178 167,167,170 161,162,167 156,157,162 153,154,159 161,161,167 176,177,181 72,73,62 30,33,21 28,32,23 32,37,22 49,54,40 33,39,28 39,48,31 33,38,28 39,44,29 51,61,28 57,67,34 44,53,26 43,51,29 43,49,35 31,35,25 44,54,32 39,45,27 38,47,26 36,42,22 47,56,28 47,55,26 39,45,26 41,49,25 71,82,45 
52,52,51 78,77,77 98,98,99 105,105,106 97,96,97 107,107,108 94,94,95 105,105,106 85,85,86 123,125,130 117,118,121 99,98,100 114,112,113 143,143,141 183,184,181 192,193,192 176,178,177 172,175,174 177,178,178 174,175,177 167,169,170 160,161,165 155,156,161 156,157,162 164,165,170 181,181,185 100,102,96 51,55,41 28,31,24 35,38,29 26,30,23 25,30,23 32,37,27 36,42,30 40,45,28 48,60,27 39,46,24 39,47,24 38,45,24 35,38,27 43,52,38 45,55,34 45,52,31 38,43,24 53,59,28 59,70,37 50,59,32 50,61,35 45,54,29 70,85,54 
45,44,44 43,42,41 44,43,42 45,45,44 50,49,49 54,54,54 57,57,58 57,57,58 55,55,56 134,135,139 133,134,139 123,125,130 123,125,129 98,95,95 118,117,119 158,158,158 180,182,180 175,179,177 179,181,179 174,176,176 169,170,171 158,159,162 157,158,163 163,164,169 170,171,176 188,189,194 198,199,199 86,87,76 27,31,24 50,54,43 23,26,21 23,26,22 29,35,24 46,59,21 45,54,30 41,47,26 40,47,22 32,37,17 33,38,22 31,35,24 45,51,41 46,55,34 33,39,21 35,40,19 42,50,19 54,64,32 57,68,35 49,59,33 35,41,20 45,55,26 
44,42,41 59,58,57 66,65,65 65,64,64 66,65,64 41,40,39 42,42,41 47,47,46 51,51,52 136,137,141 138,138,143 129,130,134 130,132,137 124,126,131 125,127,131 125,125,129 158,158,159 181,183,182 182,184,181 176,178,176 170,172,171 159,162,163 165,167,170 175,176,179 179,179,183 186,187,189 164,166,155 71,74,58 34,38,29 33,38,30 29,33,28 47,52,43 29,37,23 43,53,23 39,42,31 41,47,34 50,57,33 37,45,23 30,34,19 32,35,25 41,45,37 36,42,21 34,39,19 38,42,22 48,55,30 41,48,26 49,59,28 43,51,25 44,52,30 63,76,53 
73,62,50 72,61,50 71,63,53 71,65,57 72,66,60 62,57,53 58,55,48 70,67,61 70,68,62 78,75,70 100,98,96 114,114,116 135,137,142 130,134,138 127,129,133 125,126,129 115,114,115 91,86,80 119,112,107 152,150,146 177,178,176 173,175,174 183,185,185 186,188,188 187,188,190 180,181,176 52,58,38 39,47,32 60,63,49 44,50,40 33,36,30 27,31,25 31,40,26 36,43,28 38,43,32 42,50,37 56,66,37 37,43,24 35,39,24 36,38,35 40,43,33 44,54,26 40,45,23 40,46,26 41,45,35 39,46,23 33,38,22 38,45,27 41,51,28 39,46,28 
86,72,60 83,71,55 81,69,55 80,67,53 79,67,52 77,67,55 74,67,56 78,71,61 77,73,64 77,73,66 78,73,66 75,72,67 77,74,69 94,93,91 115,116,116 129,129,133 122,121,125 107,105,101 102,97,90 97,92,82 90,84,76 128,124,118 178,176,174 200,201,200 200,202,202 142,145,126 66,71,55 43,51,36 28,32,27 27,30,26 31,37,29 30,39,28 34,43,29 35,43,30 34,40,28 35,41,30 39,43,33 39,43,28 35,37,29 34,36,34 48,51,45 56,66,37 50,56,35 35,39,25 36,40,35 36,41,26 26,29,19 32,37,24 46,55,30 36,42,24 
81,76,64 86,77,66 88,76,65 88,75,63 85,72,58 82,69,56 80,67,53 78,66,52 79,66,53 78,68,56 79,70,59 77,72,61 76,72,63 75,71,63 71,70,61 70,69,59 87,87,79 103,100,94 107,102,95 104,100,90 99,95,87 96,91,84 87,81,73 105,100,92 152,147,144 188,190,185 93,99,84 39,47,34 28,34,27 28,33,26 31,40,28 28,34,28 32,38,30 35,41,31 34,38,31 31,35,32 38,41,29 43,48,39 38,41,36 42,44,46 52,57,42 70,79,65 54,60,53 39,45,31 35,37,27 30,32,22 38,43,26 44,51,28 42,50,29 31,37,22 
78,74,64 74,72,59 74,73,60 79,74,65 83,75,66 85,76,67 85,75,64 85,73,60 84,71,56 82,68,54 80,66,53 79,66,52 77,66,53 75,67,55 73,69,57 70,68,56 67,66,53 72,69,57 98,93,83 111,105,95 107,102,93 103,98,90 98,94,87 94,91,83 91,89,79 99,99,87 132,140,123 56,64,51 35,44,33 32,40,30 29,36,29 34,42,33 34,43,34 29,32,27 29,32,26 24,25,20 32,35,28 28,30,24 42,43,38 36,40,35 54,59,47 51,55,43 50,54,41 37,42,26 29,32,20 31,35,22 34,41,32 52,63,42 36,43,26 26,32,19 
85,78,68 82,76,67 76,73,61 75,73,60 80,75,62 82,76,66 82,76,68 82,75,67 76,69,60 85,76,66 85,75,65 85,73,60 84,70,57 79,68,54 77,65,51 75,62,49 70,60,48 64,58,48 58,57,42 59,58,41 70,68,54 85,81,69 97,93,83 100,98,87 98,98,85 95,97,83 73,83,60 58,67,53 34,45,31 34,47,30 32,38,32 43,49,36 27,32,25 23,23,20 26,28,20 27,29,22 33,34,28 25,26,22 40,42,37 40,44,39 78,77,78 75,74,71 43,51,32 34,38,27 33,37,21 34,37,24 43,48,34 55,64,40 31,38,24 26,33,22 
93,83,75 88,80,70 84,76,67 79,75,63 77,75,59 82,76,64 86,78,69 85,79,69 83,76,67 84,78,69 84,77,70 83,78,69 84,77,68 83,76,66 82,75,62 80,72,58 77,67,52 70,60,47 63,58,44 58,56,42 56,55,39 53,54,37 48,50,34 55,57,42 74,75,62 104,105,95 69,79,67 46,58,48 43,59,37 32,45,23 46,55,49 42,51,42 21,23,18 18,19,14 30,37,27 31,35,27 36,38,32 24,26,21 43,45,39 37,44,35 44,44,38 57,57,47 48,55,34 36,39,24 30,32,20 28,31,18 28,32,19 29,33,21 28,35,23 31,39,25 
74,66,56 85,76,66 88,78,69 90,82,72 84,78,66 81,77,62 85,79,67 90,81,71 90,82,72 88,82,71 88,81,70 86,81,70 85,79,69 81,75,64 82,78,67 80,77,64 73,71,58 72,70,56 69,66,52 63,60,48 59,55,44 53,50,40 48,51,38 53,58,40 70,81,58 153,157,146 188,188,182 74,82,73 42,57,38 32,45,26 53,63,52 41,52,45 21,23,19 20,22,17 38,42,41 42,49,40 34,37,31 28,29,24 52,55,48 34,38,30 36,37,30 37,37,29 40,41,28 37,39,27 29,32,19 28,30,20 29,33,22 29,34,21 29,36,22 25,29,19 
77,67,57 84,77,63 85,76,66 83,74,64 84,75,65 89,81,69 85,79,66 83,77,63 89,81,69 86,78,67 89,81,70 92,86,74 91,85,73 86,79,69 87,82,71 83,81,68 80,78,65 76,75,61 73,73,59 74,72,59 67,65,52 73,67,55 53,53,42 51,68,36 49,69,25 64,83,50 78,89,68 40,54,25 36,51,32 46,60,47 53,65,54 45,48,41 23,27,22 21,23,18 44,47,49 38,41,35 32,32,27 32,34,30 44,49,41 35,40,32 39,42,35 33,36,27 30,35,21 32,37,23 31,36,21 30,33,22 36,43,27 39,49,28 28,34,22 23,27,19 
95,88,70 96,119,55 94,111,63 102,114,75 118,122,108 83,89,73 91,83,68 81,76,60 85,81,67 85,79,65 83,76,63 84,78,66 86,80,67 87,81,68 89,83,69 88,84,70 81,79,66 83,80,67 82,80,66 74,74,60 66,66,52 89,82,73 52,56,47 52,66,40 51,72,35 51,67,31 70,77,56 45,56,35 32,41,24 39,49,39 60,63,54 37,38,31 21,23,18 22,25,19 62,60,53 44,45,36 32,32,27 40,43,37 47,52,44 29,32,25 42,46,37 33,36,23 31,36,22 40,45,28 33,36,23 39,46,27 45,55,29 49,62,28 25,29,19 23,27,20 
100,89,81 78,99,43 71,94,39 83,103,51 96,115,70 76,95,52 81,80,58 79,75,58 68,83,63 110,121,105 92,99,86 105,107,98 135,133,129 124,121,115 101,97,87 83,81,66 80,78,63 79,76,62 85,82,68 83,85,70 66,71,56 100,95,88 52,68,40 55,69,49 56,74,44 48,67,24 53,67,28 54,70,36 39,48,31 30,35,25 41,43,29 24,27,15 22,24,18 25,30,23 49,50,45 41,46,38 47,50,42 53,59,50 41,43,37 34,37,29 34,38,30 37,41,28 40,47,30 49,53,31 42,49,27 49,59,31 49,60,27 45,56,24 26,31,19 27,31,19 
100,91,85 79,94,49 76,97,38 88,110,45 91,113,59 70,84,51 78,79,58 80,77,55 55,74,48 55,70,49 64,77,57 107,116,97 132,143,123 208,212,206 184,189,181 113,123,109 118,126,115 106,116,98 91,89,69 88,110,67 50,71,33 110,106,102 49,68,33 56,75,44 61,77,59 47,59,34 69,91,49 52,69,38 47,57,43 42,44,31 37,42,24 36,43,29 30,36,27 23,30,20 51,56,53 44,50,42 48,49,42 38,37,33 47,48,41 37,40,31 32,32,27 35,37,27 39,45,28 60,73,36 50,57,34 48,54,27 33,39,20 29,36,21 29,34,19 31,39,19 
105,97,94 91,103,57 77,101,38 82,107,42 89,113,49 78,93,51 90,93,69 83,74,57 70,87,61 56,68,46 58,72,50 66,81,57 76,93,66 78,95,74 88,101,77 71,86,66 84,98,74 76,93,61 75,73,53 61,78,48 54,73,40 118,116,113 43,59,30 49,62,44 43,55,37 60,74,40 63,77,52 46,59,44 53,60,49 45,48,34 56,58,46 34,39,30 30,32,25 32,40,26 65,71,66 48,53,44 60,60,53 36,34,29 56,55,48 76,76,70 68,65,59 40,39,32 57,60,49 66,75,50 72,76,60 50,55,32 52,60,33 48,58,26 45,55,23 37,42,22 
112,107,107 77,80,52 55,77,25 62,84,30 68,93,36 80,99,45 72,78,55 90,77,61 95,110,56 102,119,50 94,112,56 71,85,62 65,81,55 61,77,60 66,80,58 47,61,45 65,75,56 56,67,48 75,73,56 59,79,46 47,67,32 124,121,121 45,59,33 46,60,42 44,58,37 73,81,58 87,90,76 71,74,58 50,55,43 58,57,45 59,59,50 35,37,31 37,39,30 17,21,12 40,46,40 52,59,49 47,48,41 39,38,31 56,56,51 104,103,98 77,76,65 62,62,49 62,62,52 65,69,53 49,56,25 55,62,27 55,63,30 46,55,25 62,72,32 44,54,25 
119,115,116 82,79,59 42,57,17 49,68,20 52,71,23 74,94,39 64,72,46 93,79,63 78,94,66 85,94,58 78,90,42 71,85,56 49,62,48 51,66,52 52,64,47 40,52,39 67,77,58 61,70,55 80,77,65 48,57,40 50,68,35 125,123,124 55,68,50 47,60,38 44,56,39 61,74,53 69,77,56 48,57,37 76,76,68 67,66,55 77,73,67 59,57,46 59,57,48 59,55,46 30,29,25 55,59,48 50,49,41 46,45,38 67,68,63 95,93,87 112,108,99 112,111,104 112,113,108 74,74,68 82,83,68 100,105,86 66,77,40 66,81,44 48,58,26 57,70,40 
126,121,125 93,82,72 59,68,39 50,65,20 51,68,22 82,98,69 116,125,128 96,82,69 103,116,121 105,110,111 107,111,110 90,97,97 62,61,60 52,60,56 27,93,88 32,77,72 73,92,74 68,79,58 97,96,81 66,80,80 70,80,60 127,124,127 62,74,55 56,66,44 45,55,38 83,88,73 63,72,50 68,72,60 66,76,61 64,72,57 96,92,86 129,122,113 105,99,92 80,74,68 69,65,57 105,104,96 81,76,68 87,84,79 93,93,88 91,87,80 128,121,113 116,113,106 115,115,111 71,69,63 100,98,92 109,109,100 105,117,86 114,123,90 61,69,43 95,97,79 
131,126,131 109,95,88 113,97,83 74,61,48 73,66,47 77,67,55 100,85,82 101,84,71 116,102,98 98,84,79 123,106,102 88,96,74 71,76,61 89,97,65 75,102,69 70,92,60 90,111,74 85,104,64 105,105,84 83,95,88 87,94,77 127,125,126 69,82,52 55,66,43 49,59,36 77,92,60 62,77,45 88,101,65 67,79,52 68,73,54 137,128,121 155,146,136 127,120,110 108,103,86 102,97,83 130,131,127 87,83,77 99,97,92 113,111,105 113,109,102 119,111,101 106,104,93 113,112,104 103,104,91 105,102,94 96,95,84 101,116,74 89,103,66 51,64,36 104,115,83 
135,130,136 98,87,83 81,64,55 81,65,56 83,67,59 85,67,59 90,70,58 101,82,70 101,82,68 93,71,56 100,80,69 122,120,104 127,126,114 132,130,119 138,136,127 135,133,124 123,130,110 91,108,67 109,108,93 102,114,79 91,106,61 129,127,126 83,93,59 73,81,49 51,57,36 48,59,39 57,69,43 76,87,55 84,97,57 72,81,46 99,107,70 126,132,94 114,119,85 92,103,63 99,108,72 121,130,107 92,91,82 100,111,84 107,118,88 97,110,74 92,107,67 84,99,58 93,108,69 78,99,56 82,101,59 79,100,57 78,100,55 83,104,58 76,95,51 76,98,56 
137,135,140 103,94,92 66,49,38 68,53,42 72,59,48 75,60,49 79,62,51 93,74,64 99,80,67 88,70,57 95,78,66 119,112,96 142,137,131 155,150,144 158,154,149 150,146,139 139,135,132 143,154,130 115,115,91 97,116,61 94,114,59 131,129,126 82,96,58 79,94,51 75,84,50 75,87,50 66,75,44 65,69,45 77,80,54 74,76,50 88,91,54 94,109,56 99,115,56 82,100,39 74,91,39 86,101,61 92,87,77 85,97,57 94,111,62 102,120,66 92,111,60 76,96,45 81,102,47 77,97,47 90,109,57 93,113,59 85,108,55 80,103,53 76,98,49 73,96,51 
143,138,145 113,105,106 65,49,39 66,53,42 70,57,46 72,58,49 73,56,45 90,73,63 99,76,63 92,75,60 89,78,64 103,95,85 120,114,107 135,129,124 136,131,125 137,131,126 135,130,124 137,132,125 134,126,119 98,117,62 91,110,57 132,129,126 88,102,60 80,97,45 73,81,46 75,89,45 74,85,44 73,79,42 73,80,41 62,64,39 61,61,38 60,61,41 53,51,36 34,37,16 41,49,27 62,71,46 97,68,60 62,72,37 60,74,37 56,72,34 67,87,39 69,90,38 69,90,35 70,92,37 71,94,38 72,95,39 70,94,38 73,94,41 71,94,43 68,91,40 
145,141,148 120,114,115 89,77,69 57,44,35 61,48,37 67,55,46 72,57,47 83,67,55 95,77,64 94,78,66 101,90,81 122,114,106 133,125,117 140,132,124 140,132,125 142,134,126 143,136,127 144,138,129 129,122,113 123,127,112 89,102,54 131,128,125 84,95,59 76,89,45 73,87,43 71,84,41 69,81,41 69,78,40 68,74,38 71,74,47 68,74,36 68,76,38 67,75,35 56,66,25 58,64,36 81,79,62 94,81,68 58,53,42 42,43,33 41,39,30 47,53,30 52,62,32 54,65,28 51,64,27 42,56,23 50,66,29 52,64,29 54,64,30 50,62,29 50,63,29 
148,144,150 124,118,122 95,83,75 90,75,65 75,63,54 61,50,42 75,64,56 87,77,69 105,97,89 117,109,102 125,117,110 128,122,115 127,119,112 128,121,114 124,118,111 125,118,111 121,115,107 120,115,108 117,112,104 112,109,102 106,109,100 131,128,127 78,88,55 73,85,44 74,88,44 74,89,42 75,88,43 74,88,43 71,82,40 68,69,42 67,78,37 71,80,42 71,81,41 64,73,32 75,83,47 83,90,57 77,84,52 75,80,52 73,76,51 68,74,47 64,70,43 61,63,42 54,53,36 51,49,35 43,43,29 35,43,26 36,44,27 38,42,26 42,46,27 43,45,30 
149,145,152 127,123,126 99,88,82 99,87,78 99,90,82 113,106,99 110,102,96 112,106,101 112,105,101 115,109,103 124,119,112 133,129,124 127,124,121 143,139,136 130,126,122 112,107,100 114,110,103 114,110,104 109,105,97 89,85,78 98,96,94 140,134,139 75,82,53 67,78,41 69,81,41 75,86,43 75,88,46 76,89,47 78,89,48 79,90,47 78,88,48 77,89,47 76,89,46 74,87,42 85,97,58 88,95,60 86,96,58 86,93,56 79,86,51 75,85,47 73,83,45 72,81,45 69,77,44 70,76,44 71,73,45 63,67,39 58,62,37 54,58,35 48,52,33 43,45,30 
147,141,149 131,126,130 90,78,73 105,96,90 113,106,101 110,104,99 109,104,99 110,105,100 107,102,96 117,112,107 140,138,134 128,125,122 137,134,132 129,125,122 117,111,106 111,107,101 109,105,98 108,105,99 108,105,100 106,102,96 86,80,74 117,110,112 125,128,126 70,79,47 72,81,47 74,82,49 77,86,49 78,90,49 87,92,54 87,95,54 91,99,57 82,99,48 80,96,48 83,95,50 92,102,64 90,99,58 93,102,62 92,100,60 89,98,57 86,96,55 81,93,51 77,89,47 78,87,47 78,85,49 75,83,45 75,84,46 70,80,42 73,77,44 69,73,45 67,70,43 
143,137,143 134,129,134 107,100,96 104,98,92 109,103,98 107,102,98 102,97,91 101,96,90 100,97,91 100,97,91 104,99,96 108,105,101 119,116,113 115,110,106 118,111,109 114,108,103 108,104,99 111,108,104 110,108,104 103,98,92 79,73,67 62,55,51 82,78,81 78,81,79 74,83,54 75,85,51 79,89,54 78,92,52 79,94,50 82,98,52 97,100,65 101,103,68 95,101,61 92,101,56 93,102,66 94,100,61 101,105,67 99,104,65 100,105,66 97,105,64 88,100,54 86,98,52 83,94,51 87,94,53 82,91,50 82,90,51 79,85,48 77,83,46 73,83,44 75,82,45 
139,132,139 135,131,136 107,101,97 97,93,87 99,94,90 95,91,87 94,90,85 95,92,88 97,95,91 103,99,96 107,102,99 109,105,102 108,105,102 106,104,99 101,97,92 103,99,93 107,104,98 100,97,89 109,106,101 107,105,100 117,115,113 87,82,80 70,62,60 124,122,129 118,121,122 76,85,55 75,85,51 77,88,51 82,97,56 88,92,65 93,90,74 98,91,77 99,103,66 94,104,58 124,129,112 105,110,76 107,108,71 105,106,69 104,106,68 100,104,65 95,102,60 89,102,55 86,99,53 91,102,55 92,99,55 88,95,54 88,93,53 86,91,52 87,89,54 80,87,48 
133,125,130 137,131,135 107,98,96 88,84,79 92,90,86 93,90,86 100,97,94 103,100,97 108,104,102 109,105,103 106,103,100 102,97,93 99,95,91 98,94,88 109,106,102 117,113,111 121,117,115 108,103,97 103,100,94 112,110,106 114,111,107 117,113,113 99,91,89 81,72,70 63,60,64 90,94,90 92,98,74 81,90,58 83,78,70 87,80,75 95,85,79 93,81,70 95,85,72 97,94,69 129,132,122 103,109,76 104,113,67 104,110,67 103,108,66 102,107,65 101,106,63 95,105,59 94,104,55 97,103,59 97,102,60 96,103,60 94,101,56 91,97,55 88,96,54 85,93,50 
121,113,116 140,133,136 117,109,105 111,107,103 113,113,109 112,110,107 112,111,108 111,110,108 107,105,104 103,100,99 109,107,106 114,113,111 121,119,116 118,116,112 116,112,108 107,103,96 114,109,105 112,107,102 109,105,99 120,117,112 120,117,116 116,112,112 107,101,100 99,86,83 87,78,75 147,145,151 191,193,203 88,95,69 81,87,58 92,86,78 102,93,87 90,82,71 85,71,60 87,80,67 110,111,100 101,110,71 102,112,65 109,115,70 105,112,68 102,108,64 102,106,62 100,108,61 99,105,59 98,104,59 93,105,56 95,105,58 94,100,56 92,98,56 87,97,52 87,96,51 
117,111,110 116,113,109 120,117,116 118,117,115 114,113,111 112,113,112 107,107,105 101,100,97 111,110,109 121,119,120 120,119,118 120,119,117 117,115,113 110,106,101 106,101,94 111,105,100 111,106,101 111,107,103 121,118,115 119,113,107 121,117,113 122,119,120 119,116,117 118,111,112 102,95,93 92,83,80 105,102,100 72,75,84 81,84,68 80,85,57 95,89,79 87,82,70 95,95,72 89,99,60 108,117,91 100,112,65 99,112,64 105,113,67 104,108,65 104,109,65 104,108,66 104,106,64 99,104,61 100,106,59 100,105,62 96,104,59 94,105,58 115,120,86 99,104,65 90,97,53 
108,107,107 112,111,110 114,113,112 116,116,115 111,110,109 112,112,111 104,104,101 108,108,104 111,109,106 117,116,113 115,114,111 111,108,104 104,100,96 104,101,95 109,104,99 114,109,105 111,107,102 115,109,106 121,116,113 123,120,117 124,122,119 122,117,117 124,120,121 130,127,130 117,110,110 101,92,89 98,89,85 66,65,70 81,82,90 134,140,124 87,92,61 90,100,59 94,109,58 95,105,59 109,111,93 94,108,59 100,111,64 105,112,67 107,113,71 109,112,70 105,108,66 108,109,66 106,106,65 102,108,62 99,106,60 100,107,63 98,106,61 101,106,64 89,102,57 95,109,59 
104,102,102 113,112,112 116,115,115 92,90,85 104,101,98 113,113,111 109,107,104 107,106,102 111,110,106 112,109,106 109,108,103 106,104,100 105,101,98 107,102,98 112,108,104 112,109,104 113,110,105 115,111,106 119,116,112 129,128,127 138,136,138 127,125,125 108,103,102 94,89,87 95,88,86 97,89,87 129,121,119 106,97,92 148,146,150 221,221,230 175,176,168 98,108,65 94,105,57 95,107,60 103,107,78 96,103,63 101,108,65 100,108,66 106,110,67 108,113,68 108,112,70 111,111,71 109,111,70 108,109,67 105,106,66 102,107,65 103,110,65 99,106,61 100,103,63 96,101,58 
94,91,89 105,103,100 98,95,89 96,94,87 100,98,94 105,103,99 117,117,116 111,111,107 116,114,112 109,105,103 111,109,107 108,106,103 110,106,104 111,108,104 116,111,107 115,110,106 114,110,106 122,118,115 139,137,135 127,124,122 109,104,102 99,93,90 98,91,89 98,92,92 105,97,95 101,93,91 103,94,91 126,118,114 111,104,99 200,199,203 187,189,190 77,88,63 94,104,69 101,109,67 99,104,66 98,103,64 97,104,61 99,106,65 105,111,66 106,112,65 106,113,69 109,112,70 109,111,69 107,111,66 108,113,69 106,110,66 105,110,66 104,106,61 106,102,63 100,103,63 
90,87,83 97,96,91 98,96,89 99,98,91 101,100,95 111,111,107 127,128,129 119,118,117 117,116,115 106,104,101 109,107,104 108,105,101 109,106,101 112,108,104 111,107,101 109,104,99 113,108,103 111,107,104 101,97,91 104,97,92 111,102,97 107,98,94 102,94,92 106,99,97 105,99,97 106,97,96 108,99,95 98,92,88 118,110,103 121,115,109 119,113,108 89,87,92 78,80,90 78,83,75 100,105,74 101,110,73 96,107,65 96,106,62 101,109,67 107,116,70 103,111,68 113,115,73 113,113,72 110,110,71 106,108,68 102,107,68 105,109,68 104,103,63 105,108,65 107,110,64 
94,92,86 102,100,95 100,98,94 103,101,97 116,116,111 122,122,120 123,123,121 120,119,118 106,104,99 109,106,101 107,103,99 107,103,98 110,106,102 109,104,99 107,102,95 110,104,98 105,100,95 104,97,91 110,101,93 102,95,91 85,83,89 90,86,90 96,88,86 99,93,90 104,98,96 115,107,106 118,110,107 115,106,100 120,112,106 127,118,111 126,119,111 96,94,94 84,85,95 82,85,95 90,95,81 210,209,212 194,195,192 168,171,157 122,132,97 104,113,73 105,113,71 113,116,74 109,111,72 112,111,76 107,106,69 108,108,70 107,109,70 114,107,69 109,105,66 98,103,64 
112,110,107 106,105,102 114,114,111 126,127,125 111,111,108 117,116,112 122,121,119 112,110,107 109,106,103 109,105,102 112,107,104 109,106,101 109,104,98 112,108,102 110,105,99 111,106,100 106,100,95 106,99,93 107,99,91 86,87,92 86,86,92 92,91,98 94,87,86 97,91,88 112,105,104 121,114,112 109,102,100 108,100,95 120,112,107 138,130,124 139,134,130 142,136,130 112,105,98 107,103,97 105,91,80 234,234,238 235,236,240 233,236,239 181,181,175 82,84,80 76,79,77 92,93,78 100,101,75 109,109,75 112,107,77 105,105,72 111,109,74 120,112,76 110,108,68 109,109,69 
107,105,101 110,106,101 118,116,113 117,115,112 111,110,105 110,108,101 112,110,104 113,110,106 108,105,101 110,107,102 110,105,101 109,105,99 109,105,98 111,105,98 101,97,90 105,99,93 102,95,91 110,103,94 105,98,93 95,95,99 93,92,98 93,91,97 91,86,83 101,96,93 111,105,103 121,115,112 114,106,102 112,105,99 124,116,109 127,121,116 147,143,139 106,102,97 114,107,98 114,107,96 115,108,95 125,118,111 166,163,161 211,213,214 195,194,193 91,89,84 73,77,87 65,67,75 67,70,77 87,86,77 175,172,163 171,171,161 142,141,120 118,112,80 108,105,68 97,99,61 
111,108,104 116,114,110 115,113,109 112,109,102 100,100,86 111,107,100 113,109,106 113,111,107 104,102,96 107,103,95 107,103,97 113,108,103 112,106,101 108,102,96 95,89,81 106,100,95 108,101,95 109,102,96 102,94,88 91,88,89 90,87,90 97,90,87 96,90,86 103,98,93 116,109,106 120,112,108 118,109,105 119,111,104 149,145,142 140,135,130 118,112,107 111,106,99 115,108,99 113,107,97 114,107,97 111,103,93 103,98,87 107,101,89 117,105,94 102,94,87 83,85,89 82,85,93 78,83,93 74,79,89 152,147,141 230,233,238 222,225,229 220,222,226 177,178,174 153,151,133 
112,110,105 113,112,108 114,110,103 109,103,96 109,107,99 114,112,107 116,114,111 105,100,95 104,100,93 111,104,99 113,105,103 110,107,102 108,104,98 105,98,92 94,87,81 105,98,93 104,98,91 101,95,89 102,94,87 102,95,89 98,90,84 110,101,94 109,102,96 108,103,97 115,109,104 115,107,102 119,112,106 121,114,107 123,118,113 124,120,114 112,106,98 120,114,107 121,114,106 116,110,102 121,114,105 117,110,101 113,106,98 109,104,95 107,101,90 109,103,89 106,99,88 105,100,90 102,99,94 95,95,97 124,114,104 227,230,234 212,215,220 209,212,217 68,68,69 187,189,193 
115,113,110 116,113,108 115,111,104 114,111,105 119,117,115 116,114,111 114,111,108 107,104,100 106,102,95 112,108,101 111,106,103 110,108,103 97,92,85 91,85,78 99,93,87 103,98,91 102,97,90 100,95,89 100,93,86 97,93,88 104,98,92 118,112,105 110,105,98 108,104,98 116,111,106 116,109,104 118,111,105 118,113,108 115,112,106 118,113,105 121,114,109 126,119,113 128,121,114 124,116,110 119,112,105 118,113,105 115,111,103 114,110,100 117,110,102 113,107,96 108,101,91 108,102,90 104,98,87 110,104,91 113,107,92 129,120,108 155,156,146 172,173,175 89,65,67 176,178,181 
109,106,101 238,235,228 238,235,227 238,234,226 235,232,225 238,235,228 239,236,228 207,204,198 111,107,101 117,115,110 104,99,96 97,93,87 93,87,80 93,87,80 99,92,85 104,96,90 101,96,91 101,94,88 99,93,86 96,91,86 103,99,92 107,103,97 126,122,115 119,114,107 112,107,100 106,101,96 119,115,109 106,102,97 118,112,106 119,113,106 120,115,109 127,120,114 125,118,111 126,118,112 124,117,110 118,110,103 118,112,103 115,110,100 121,116,107 121,114,104 119,112,103 116,110,100 112,106,95 106,100,89 104,99,87 105,100,89 103,98,86 106,100,89 56,54,51 150,148,144 
100,97,92 238,235,228 235,229,215 233,226,208 222,198,158 238,235,228 239,236,229 208,205,199 112,109,104 112,109,102 103,97,90 94,89,83 94,87,81 95,87,80 100,92,85 103,96,89 104,99,92 98,93,84 98,91,85 101,96,89 100,95,88 114,110,104 124,119,111 103,99,92 103,99,93 114,111,106 114,111,106 120,116,110 119,113,106 120,114,108 123,116,110 125,118,112 128,121,115 126,119,113 124,117,112 121,114,109 115,110,103 115,109,102 123,116,106 119,113,104 121,114,104 123,117,107 113,108,98 118,111,99 117,112,100 110,105,94 107,102,90 105,99,87 57,56,54 99,95,83 
92,88,82 239,236,229 234,228,213 226,219,200 196,180,149 233,227,211 228,224,214 206,202,196 103,98,91 106,101,93 92,85,81 95,89,82 96,90,83 93,87,79 95,88,80 96,91,84 108,100,93 100,92,86 97,92,86 98,92,86 102,98,91 126,122,115 111,106,99 102,99,92 113,110,105 103,100,94 115,111,105 125,120,115 121,115,109 124,118,112 124,118,111 126,120,114 129,122,117 131,123,118 126,118,112 118,113,107 117,111,105 120,115,108 127,119,110 122,116,106 123,116,106 123,117,106 119,114,105 121,114,104 121,114,105 119,112,102 118,110,99 115,108,96 48,47,45 108,103,92 
98,95,92 237,232,220 233,226,207 231,222,198 225,218,198 221,212,187 222,214,196 193,187,174 94,89,83 94,88,81 91,87,83 95,90,83 93,87,79 88,83,75 94,87,80 103,98,91 114,105,100 99,93,87 98,93,86 112,108,103 117,113,107 116,111,104 103,99,92 100,97,91 102,100,94 112,109,102 113,108,102 119,114,106 123,118,111 124,119,112 132,127,120 126,121,114 126,119,114 133,125,119 137,130,126 129,123,118 119,112,106 118,113,107 118,113,107 129,122,115 127,119,108 121,115,105 123,118,109 119,113,103 121,115,104 123,116,105 118,110,99 112,104,94 60,58,55 108,102,91 
99,96,90 235,228,209 232,223,199 223,225,201 232,225,209 233,226,208 233,226,209 199,192,175 87,83,77 91,85,80 95,89,83 94,89,83 91,87,79 88,83,76 94,86,80 102,93,89 105,98,93 102,93,88 105,99,94 132,130,127 121,116,107 111,106,100 114,111,106 108,106,100 117,115,108 112,108,104 109,105,99 121,117,111 125,121,112 122,118,110 129,125,118 127,122,116 129,123,118 129,122,117 129,121,117 128,122,117 121,114,108 120,115,108 119,114,108 125,119,110 124,118,109 136,132,125 140,135,126 36,36,36 39,39,39 53,58,61 113,114,103 75,78,61 42,42,42 110,103,92 
94,92,86 114,110,101 113,110,102 111,109,104 111,108,101 112,108,100 111,108,98 101,99,92 90,86,81 90,86,80 94,87,81 92,86,80 89,84,75 90,85,76 94,86,79 99,92,88 99,94,88 101,96,88 103,98,94 117,112,108 111,106,100 105,101,95 103,101,96 112,108,101 117,115,109 124,121,117 112,108,101 113,109,102 119,116,108 121,116,108 121,116,110 127,122,117 128,121,117 128,122,118 127,121,115 121,115,111 121,115,109 125,119,112 122,117,110 124,118,110 126,119,112 124,119,113 130,124,115 65,62,59 65,63,60 70,68,64 99,95,81 79,79,65 60,59,56 121,115,105 
91,87,84 62,62,62 64,64,64 40,40,40 30,30,30 30,30,30 30,30,30 35,35,34 89,85,79 90,86,80 88,84,77 92,85,80 90,84,75 90,84,75 92,85,78 90,86,80 94,88,81 101,96,88 96,91,87 98,93,87 111,107,102 105,101,95 105,100,94 104,101,91 107,104,95 108,105,98 114,109,102 111,108,100 117,114,108 123,119,112 122,118,112 126,120,114 133,127,123 132,126,123 128,122,117 120,117,112 123,117,112 99,95,91 87,85,82 85,81,77 86,83,79 73,70,67 88,85,81 84,81,76 81,78,73 76,72,67 76,74,68 87,84,80 85,82,77 73,70,64 
