34,48,24 39,51,28 31,38,26 24,26,25 26,28,26 27,31,25 29,34,25 29,30,24 28,30,24 34,39,21 49,57,24 59,64,36 64,67,44 79,82,62 137,138,131 181,183,184 190,191,193 188,189,191 190,194,196 194,198,201 192,196,198 190,193,194 125,127,117 51,55,26 41,44,23 75,78,71 51,54,47 32,34,22 47,51,43 70,79,64 102,111,95 131,138,130 163,172,172 163,170,165 127,129,103 122,125,94 99,102,60 107,107,45 91,94,38 107,113,78 102,103,62 78,81,47 102,104,76 97,98,85 102,104,89 109,115,91 93,98,62 92,97,68 86,90,56 68,70,37 
36,38,34 37,38,36 35,36,33 36,36,36 37,37,37 33,33,33 35,35,35 36,36,35 32,33,31 29,33,21 32,40,18 47,55,25 50,56,28 53,58,35 86,88,69 97,99,88 122,126,116 171,173,173 193,196,199 193,197,200 193,197,199 188,192,193 99,102,84 48,49,22 41,45,25 62,64,56 42,44,43 34,37,29 38,42,28 51,58,45 101,108,97 130,136,128 129,138,126 130,135,114 112,113,70 98,101,59 95,101,63 96,98,36 79,86,42 85,89,47 86,89,40 88,92,40 80,83,52 94,95,81 110,112,101 107,110,84 86,88,58 82,85,53 92,92,60 72,74,41 
44,45,43 72,72,71 88,88,87 90,90,90 84,84,84 92,92,92 81,81,80 93,93,92 70,70,69 30,33,23 25,28,18 31,38,18 46,55,23 42,47,28 41,45,29 58,62,40 63,69,49 117,119,108 196,199,203 195,199,202 192,196,199 195,199,202 97,100,85 41,43,22 45,49,36 64,66,62 46,47,47 52,56,48 35,39,30 44,50,37 72,83,53 127,136,113 99,109,84 100,104,67 98,102,57 88,89,38 78,83,51 85,89,37 91,94,47 85,91,53 73,77,33 96,92,28 74,79,47 123,128,114 107,109,92 81,85,57 79,85,54 81,84,57 73,74,43 65,68,40 
40,43,37 34,34,34 36,38,36 36,36,35 35,35,35 35,35,35 35,36,35 37,38,34 34,34,33 29,31,22 23,25,19 30,36,19 44,50,36 37,41,28 33,38,24 37,41,23 38,43,27 75,79,69 182,184,185 201,203,207 194,198,201 194,198,201 85,88,74 41,44,24 86,91,87 57,62,54 51,53,47 51,57,54 40,47,30 35,41,31 49,61,33 79,92,54 99,110,76 104,112,78 77,86,44 82,87,50 79,82,51 83,87,41 73,81,39 62,66,39 71,72,33 104,97,28 58,65,37 72,76,55 115,117,101 94,97,77 102,105,90 74,79,51 55,60,35 54,58,35 
38,41,35 56,57,54 61,62,61 59,59,59 57,57,57 32,32,32 32,32,32 33,33,32 33,33,31 31,37,23 26,28,22 50,53,38 38,41,26 31,34,21 25,30,19 25,28,18 26,31,20 32,36,25 136,138,133 203,205,210 198,201,205 200,204,207 112,117,113 44,48,30 70,74,54 33,37,21 61,65,56 35,37,32 43,52,31 44,53,32 50,58,35 74,87,53 75,89,45 102,112,58 84,90,38 79,82,45 69,77,41 63,70,33 59,66,37 48,54,34 61,68,36 56,60,32 48,55,38 53,61,40 78,83,67 85,89,75 71,78,61 60,67,38 56,63,36 65,68,38 
53,69,37 42,54,35 31,38,30 29,34,28 29,32,28 28,29,27 27,29,27 28,30,26 29,32,26 30,34,24 32,38,24 35,42,23 30,34,21 27,30,19 25,29,19 17,19,16 29,30,26 28,31,24 70,74,67 196,198,203 190,193,195 194,197,202 126,128,127 43,45,29 36,39,20 45,51,30 26,27,19 26,28,22 45,49,31 43,53,31 46,55,35 69,81,54 76,92,45 79,91,45 67,78,37 64,73,36 68,77,37 67,76,36 58,64,35 55,60,39 77,83,67 55,60,45 81,80,44 79,84,66 73,80,63 66,73,57 59,68,40 61,65,38 52,54,35 50,55,35 
41,57,33 35,46,31 29,35,30 29,35,29 30,39,29 27,33,26 27,30,26 29,32,26 30,36,23 28,30,24 35,43,25 34,41,25 29,34,21 27,30,20 25,28,19 25,29,19 24,27,21 45,50,37 83,86,78 116,120,119 99,105,96 184,187,190 152,155,158 35,37,24 28,29,19 29,32,20 25,25,19 32,36,24 40,43,27 33,41,30 50,60,40 52,65,43 59,71,40 74,82,44 64,74,36 56,64,39 62,72,40 60,68,44 72,76,50 63,67,48 65,74,46 80,85,45 149,148,129 97,102,86 67,77,50 55,65,38 71,75,43 57,61,38 46,50,35 39,42,31 
62,85,46 43,61,35 28,36,30 28,33,29 28,36,29 31,39,29 29,34,28 30,33,28 30,38,26 42,58,28 50,65,27 33,41,24 32,40,21 34,41,23 36,42,24 32,38,22 22,26,19 40,46,23 51,58,41 58,62,53 116,119,121 192,195,198 153,156,154 34,37,19 28,31,20 21,22,17 31,36,22 34,38,25 38,42,28 34,40,30 50,60,44 53,62,48 53,65,42 63,76,38 51,61,37 46,55,39 54,62,41 78,86,61 79,83,41 71,79,54 74,84,44 91,95,52 92,100,77 64,74,47 42,50,34 61,68,37 70,76,45 59,62,39 46,51,34 37,41,29 
52,75,39 47,64,38 30,37,29 29,36,29 30,39,30 30,39,30 35,46,31 32,37,31 40,59,30 39,60,26 37,50,26 36,45,23 31,41,21 27,32,20 36,43,29 29,34,21 21,24,19 22,27,19 25,29,20 36,40,36 92,96,91 157,161,160 126,133,116 37,43,21 30,33,20 28,30,22 32,38,22 41,47,26 43,50,31 43,51,35 42,52,39 62,71,62 59,74,45 57,70,40 50,59,41 64,72,41 56,66,45 61,72,47 64,68,55 57,65,43 54,67,38 75,84,44 57,67,43 52,61,39 46,55,31 54,64,38 61,69,44 53,56,37 45,48,32 42,43,38 
46,68,39 41,55,42 34,41,33 27,33,27 29,35,28 31,41,32 38,51,38 45,62,35 34,52,28 29,38,26 33,44,27 32,41,24 25,30,21 25,30,20 31,36,23 29,34,23 21,25,20 22,26,21 18,20,19 21,26,20 41,46,36 61,70,44 59,68,39 39,46,23 33,36,24 36,44,22 40,51,29 35,39,26 39,44,30 29,33,26 43,49,39 52,61,45 56,70,45 56,69,44 55,66,41 61,73,42 60,73,45 59,68,48 55,62,47 45,55,33 54,65,32 60,75,36 52,63,39 56,67,41 56,66,37 59,67,50 64,70,59 39,41,28 35,39,32 44,43,42 
53,72,51 50,70,54 27,31,21 21,23,18 21,22,17 30,41,30 35,52,38 38,55,36 33,47,30 25,29,21 24,28,23 27,34,24 22,24,20 34,43,22 45,58,20 31,39,22 21,25,20 17,19,19 15,16,18 20,22,20 22,24,19 49,61,24 41,50,23 37,41,22 27,30,20 35,44,23 32,42,24 34,42,24 32,35,27 26,29,23 37,42,35 48,58,41 65,80,48 74,87,55 64,79,49 47,57,45 51,61,47 54,64,45 57,72,43 48,62,33 54,70,35 72,85,55 50,60,40 55,67,47 52,63,38 59,68,42 56,68,45 33,37,26 61,66,60 49,55,41 
42,56,45 45,64,50 34,40,23 25,23,17 21,24,16 36,53,36 35,56,36 40,57,39 24,31,18 23,28,15 27,31,24 27,33,24 27,33,22 30,37,21 34,46,19 31,40,22 23,26,21 22,24,21 19,21,20 18,20,20 21,24,20 41,51,24 33,41,23 31,35,21 43,54,32 42,52,33 36,48,27 34,45,26 31,35,24 36,41,32 36,40,34 53,59,43 60,74,48 55,69,47 51,64,47 39,48,37 40,47,38 47,59,45 46,60,37 48,61,37 46,60,36 71,81,54 60,72,44 59,70,43 63,75,47 66,80,48 53,63,41 51,57,39 60,71,45 59,72,45 
35,46,38 36,47,38 26,29,18 24,31,19 45,64,43 47,69,46 42,65,38 43,59,39 31,38,22 26,31,17 31,37,24 35,46,22 29,34,23 29,33,23 29,37,21 27,34,21 22,23,22 17,18,19 22,25,22 17,17,19 27,31,23 41,50,25 33,39,31 29,32,26 41,53,28 47,62,40 43,58,37 45,60,33 31,35,28 50,58,46 51,59,45 51,62,46 51,60,42 54,66,44 51,60,48 37,47,29 39,47,35 45,55,36 65,73,59 57,69,52 43,54,36 74,86,58 72,88,53 70,85,51 63,76,43 65,79,46 75,89,53 73,86,51 64,78,47 62,72,46 
39,51,44 37,48,42 25,28,27 27,27,20 32,45,28 46,69,48 43,67,42 44,60,40 41,51,35 33,44,30 33,42,30 38,47,25 33,38,25 25,28,23 22,25,22 26,32,24 20,22,21 20,20,22 18,19,20 37,38,37 47,53,35 81,92,69 34,43,27 51,60,39 40,52,27 39,52,30 41,54,32 39,49,31 40,42,35 45,50,41 50,60,45 44,52,38 49,58,50 66,73,63 45,56,35 57,77,44 60,75,48 68,86,44 77,95,64 49,60,43 61,71,55 77,89,61 73,90,54 84,101,66 72,86,50 79,94,52 80,94,53 66,76,47 68,79,50 68,79,51 
48,63,57 32,42,36 43,58,48 39,48,38 33,44,27 42,64,39 40,60,39 42,58,39 44,59,41 42,50,36 30,35,28 30,34,27 27,30,25 22,25,23 21,23,22 23,25,24 31,39,26 21,23,22 28,31,24 47,56,34 43,50,33 46,55,34 29,36,24 40,51,27 40,53,26 33,45,26 35,50,28 42,53,33 38,40,34 50,59,47 67,79,62 52,61,48 57,67,55 83,98,70 84,101,66 79,96,70 60,78,45 48,58,39 65,77,64 53,65,45 69,82,59 79,89,67 74,85,59 92,103,74 102,115,79 81,95,55 62,74,44 59,70,47 61,72,46 64,78,49 
49,62,54 40,53,47 25,32,27 35,46,35 34,36,29 44,68,40 36,55,34 37,56,37 42,61,41 35,49,35 31,40,31 27,31,28 26,27,26 23,25,25 22,23,24 22,23,24 24,26,25 24,26,24 35,42,26 48,62,34 38,49,35 34,44,29 34,42,30 43,54,34 34,41,28 32,39,32 33,40,28 35,42,33 38,41,35 48,56,48 74,87,70 77,94,70 74,86,69 78,93,70 80,90,67 69,85,60 54,66,41 57,64,51 66,81,60 72,89,57 72,85,59 84,95,70 78,87,66 73,78,58 88,101,65 69,82,50 71,82,53 73,81,48 65,74,43 60,73,45 
51,67,58 56,68,59 43,55,45 16,16,15 26,23,24 39,60,32 35,54,29 28,41,21 36,52,32 45,65,40 40,55,38 27,31,29 25,27,27 24,26,26 23,23,24 25,26,26 24,26,25 22,23,24 37,45,28 26,29,25 31,38,29 26,32,27 35,43,31 35,45,30 32,40,28 29,36,30 29,32,30 33,38,31 39,45,39 41,49,40 55,66,51 71,89,73 80,94,75 79,93,68 86,102,74 75,92,62 63,77,49 56,67,49 54,66,48 53,65,46 74,83,66 73,80,66 77,86,67 63,73,56 79,93,61 72,86,53 80,95,59 78,93,56 61,69,45 60,68,45 
57,84,61 59,81,64 66,90,70 30,39,27 25,28,21 35,44,29 36,54,23 23,34,15 26,39,21 34,51,31 42,62,37 28,34,30 28,31,30 27,29,29 26,28,27 24,24,26 22,22,25 21,20,25 36,44,30 23,23,25 27,30,26 27,31,28 29,32,28 32,40,30 32,40,29 33,37,31 28,27,29 29,32,31 39,46,41 38,44,37 52,60,49 54,64,52 63,72,60 56,61,48 55,64,51 79,95,69 80,100,71 66,79,57 66,81,55 59,73,50 80,87,68 68,73,61 51,59,46 67,74,57 81,94,64 60,74,44 50,61,42 53,63,42 76,86,52 65,75,47 
37,52,40 43,60,51 47,68,49 24,32,22 30,42,25 34,48,27 33,49,21 27,39,16 25,34,18 40,59,30 46,72,34 34,44,31 26,28,27 24,25,27 26,27,27 26,26,28 24,23,26 23,22,26 27,29,29 27,26,29 26,26,27 30,35,30 34,42,31 28,30,28 36,47,31 34,37,33 32,31,33 25,26,24 29,30,24 40,43,39 58,67,52 78,86,67 64,67,55 68,77,58 55,60,45 60,70,57 74,94,74 55,62,48 42,49,34 52,55,40 77,83,64 69,76,61 61,68,53 64,71,58 82,95,67 56,67,40 63,71,44 54,62,40 66,80,50 62,79,52 
44,62,51 43,63,54 43,64,53 26,31,25 28,33,25 28,35,21 31,39,22 29,42,17 34,47,22 39,57,24 38,56,29 32,41,31 27,28,29 28,29,30 32,33,32 28,28,28 28,26,29 28,29,30 31,32,32 30,28,32 27,25,28 34,40,29 37,45,31 46,59,34 41,50,37 34,37,33 42,41,43 58,54,55 54,55,52 59,67,53 75,94,70 75,86,66 82,84,70 66,81,61 57,69,46 54,62,46 60,71,55 56,65,38 88,87,73 85,85,69 66,68,54 64,66,49 67,73,57 59,66,52 49,57,41 52,61,38 50,59,43 57,65,45 58,69,49 57,66,49 
62,87,58 56,77,62 55,73,66 66,77,78 48,51,50 29,33,23 34,34,31 29,35,19 28,37,20 34,48,24 29,37,30 31,33,32 30,31,32 33,35,33 33,34,33 35,39,32 44,46,40 26,25,28 37,40,33 43,39,36 27,26,28 37,44,32 37,44,35 53,71,43 52,67,43 38,45,37 54,61,52 85,79,79 80,80,79 58,65,50 74,92,67 65,79,61 71,71,61 62,73,57 67,82,62 66,74,57 74,80,57 64,75,46 88,93,71 91,89,75 62,62,50 60,65,48 73,76,60 69,78,60 73,88,62 54,68,36 51,62,43 56,66,44 55,62,38 51,55,36 
55,79,53 47,66,54 78,87,85 103,107,113 58,57,58 33,31,32 41,43,43 36,34,31 27,24,19 27,26,20 27,32,25 31,33,32 28,27,29 30,31,32 33,33,34 32,33,33 35,39,33 35,43,32 39,44,33 46,40,39 52,47,41 51,53,39 62,82,47 53,74,40 43,57,39 49,53,42 64,68,61 89,87,87 74,75,76 87,102,84 73,93,71 66,82,65 82,97,75 64,71,57 62,78,62 78,86,70 87,88,73 154,149,146 142,140,132 103,109,90 84,93,74 81,83,69 84,87,71 71,76,62 82,100,78 73,87,57 78,90,58 66,74,47 67,67,49 52,55,45 
37,48,32 30,32,32 46,49,40 72,81,57 59,70,46 46,45,37 40,38,32 44,39,40 39,31,32 34,27,30 40,34,35 33,27,29 38,34,35 33,33,31 34,31,34 38,36,39 39,36,40 37,36,36 37,37,36 36,31,30 55,47,44 54,48,44 44,51,34 48,69,41 49,66,45 40,35,32 63,58,59 48,48,52 38,36,40 71,88,77 75,95,72 72,92,68 61,77,58 65,77,62 72,93,65 79,98,75 89,90,80 86,90,77 77,85,70 80,85,75 68,73,63 74,74,61 85,82,75 62,68,54 51,62,46 53,63,42 64,76,48 83,87,61 80,85,58 59,65,46 
31,32,29 36,43,40 43,55,49 35,35,33 33,28,28 40,31,37 33,26,26 39,32,33 44,35,38 42,36,37 55,45,44 49,42,45 51,46,46 46,39,38 51,45,48 59,52,55 51,48,49 42,39,39 38,35,38 35,30,29 38,32,31 42,37,35 55,66,47 64,84,49 52,68,45 50,44,43 56,52,51 45,42,45 39,33,34 70,89,72 75,97,75 69,89,67 48,59,49 51,61,49 62,78,62 60,77,63 77,91,78 68,74,62 75,84,68 77,83,66 67,71,56 57,56,46 79,77,66 71,83,60 51,56,40 68,75,59 65,74,53 83,96,66 105,116,91 70,84,59 
40,50,46 47,63,55 56,75,60 47,51,47 44,45,44 40,36,39 55,50,52 41,37,37 54,49,50 64,57,57 76,73,71 63,52,56 69,64,65 64,60,60 71,71,74 65,61,59 62,61,58 58,56,57 51,48,50 47,45,42 48,44,41 52,49,47 58,64,49 52,50,49 49,57,41 39,32,29 39,33,30 68,63,64 104,97,101 61,67,59 70,75,60 59,64,52 42,47,41 52,59,51 47,58,47 47,57,49 70,86,67 52,53,36 51,58,32 43,48,26 53,63,40 55,56,45 67,67,53 61,77,49 78,94,69 61,73,47 52,64,35 66,84,47 85,103,63 85,103,62 
48,52,55 93,97,102 119,124,127 117,124,132 72,69,67 38,29,27 72,60,54 48,40,37 55,48,49 68,61,59 63,61,62 63,52,54 70,68,69 71,70,67 64,65,62 71,70,67 57,59,60 60,60,57 59,58,56 55,53,49 56,53,50 57,54,51 58,59,54 60,61,57 51,51,43 54,49,41 72,71,64 139,136,138 188,187,197 104,110,102 65,70,53 63,69,51 42,41,34 43,46,39 44,50,40 51,62,52 59,71,52 56,59,39 55,53,36 53,45,33 54,55,40 56,50,43 72,76,63 77,94,70 75,91,72 65,78,56 57,68,42 50,62,33 46,58,27 49,64,28 
184,183,194 183,182,192 161,163,178 146,150,165 94,90,94 62,55,52 68,61,57 69,63,59 69,62,60 71,50,47 121,125,137 48,52,45 64,63,59 65,67,58 60,65,57 69,75,70 65,67,66 68,68,65 66,65,60 70,68,63 72,71,67 67,66,61 64,63,58 58,60,53 57,59,56 58,61,49 94,110,93 145,149,147 195,195,208 116,133,117 77,93,70 66,71,57 52,51,46 47,48,42 57,64,49 75,90,64 80,103,61 81,104,61 85,102,66 82,93,60 74,81,53 72,61,50 72,60,55 72,65,58 67,58,54 61,46,43 64,50,48 70,54,53 72,54,55 77,54,55 
178,180,193 179,181,193 167,170,186 150,154,171 96,101,102 55,65,49 70,67,61 72,67,63 73,69,65 72,67,56 72,76,70 78,78,72 80,81,76 73,77,68 59,68,64 73,74,73 81,81,77 76,76,70 78,77,72 82,80,76 82,81,77 74,74,66 65,64,57 67,68,60 78,87,81 61,84,54 69,92,59 149,161,149 197,198,211 122,122,118 84,75,71 79,59,63 78,56,61 77,60,56 66,72,60 85,84,72 92,90,72 90,81,66 89,88,67 93,88,71 92,97,68 90,86,68 91,87,69 85,74,59 88,85,64 85,79,59 82,77,60 79,70,56 84,73,59 89,67,62 
176,178,191 176,178,191 166,170,186 150,156,174 99,107,111 52,55,44 64,63,56 68,67,59 69,68,59 64,62,55 68,73,61 90,92,85 84,85,83 88,90,91 106,108,113 89,89,87 86,84,79 83,83,75 87,83,77 88,84,78 87,83,75 83,80,70 82,79,68 89,89,82 76,85,81 90,111,80 77,100,63 158,167,156 199,200,213 126,129,119 78,77,67 81,83,71 73,69,65 77,76,62 76,85,66 80,94,74 84,97,71 89,81,67 81,88,60 89,87,64 92,87,66 90,85,65 96,84,71 89,68,62 94,94,66 95,90,65 95,84,66 96,94,67 97,97,71 95,83,66 
172,174,188 172,174,188 169,172,188 153,158,176 114,120,129 78,74,69 82,77,73 85,82,74 82,81,73 85,84,75 75,81,71 100,99,94 104,105,109 71,74,82 102,100,100 100,97,93 90,85,77 92,89,82 94,90,85 95,91,86 94,90,84 95,91,83 98,94,84 100,99,93 111,120,107 103,121,102 76,100,64 153,166,153 200,201,213 135,136,125 80,87,63 79,78,63 65,61,55 69,71,58 75,82,60 76,76,62 82,76,61 86,73,61 87,83,65 85,84,60 88,82,61 86,84,64 90,79,68 81,61,61 94,92,76 119,119,102 130,130,119 142,140,130 144,137,133 137,127,124 
150,152,162 170,172,186 169,173,187 155,160,179 127,130,141 84,81,77 91,88,84 98,94,90 103,101,97 98,102,91 85,90,82 104,103,103 132,140,147 118,115,118 112,109,109 98,94,88 100,94,87 102,96,92 105,100,96 103,99,95 103,97,92 104,99,93 107,102,94 106,105,97 97,97,87 103,118,105 99,120,92 155,168,153 200,200,212 134,126,129 90,87,71 70,55,50 70,65,57 82,101,74 79,81,67 78,85,69 83,86,74 100,99,92 114,115,109 125,121,120 123,117,118 122,115,116 116,109,111 121,112,110 109,100,95 130,123,122 147,137,137 151,143,143 157,148,148 140,131,129 
164,166,179 169,171,185 170,172,186 156,162,180 134,138,151 93,88,84 99,95,91 101,97,93 96,94,87 79,89,66 76,91,75 55,61,77 91,92,89 112,108,106 113,110,108 103,97,93 107,99,94 109,103,100 112,107,105 114,108,105 113,108,105 116,111,105 113,109,101 112,107,100 109,109,96 150,158,150 121,138,119 150,164,149 195,197,205 147,146,151 128,126,126 149,144,145 123,125,113 94,112,82 151,146,145 155,151,150 111,105,105 118,112,111 96,89,87 100,92,87 92,85,81 110,102,103 149,144,147 143,137,138 156,151,152 152,146,146 148,140,138 157,149,148 159,150,148 159,146,143 
164,165,179 168,170,183 171,174,189 156,161,180 142,146,160 88,88,82 84,84,83 83,83,79 84,85,82 86,102,82 92,103,92 83,88,78 103,103,101 111,112,109 117,114,110 115,111,107 116,110,108 117,111,108 120,115,114 122,119,117 123,119,118 125,122,120 120,119,115 118,115,108 110,112,89 102,113,83 91,112,89 138,151,135 186,187,181 185,182,188 170,167,173 173,170,174 160,158,158 138,137,132 143,140,137 151,147,148 136,133,136 134,130,131 121,117,115 130,126,124 164,161,166 186,183,189 175,170,173 155,148,149 131,123,121 132,123,121 112,103,99 130,120,113 129,119,115 120,112,110 
156,158,170 171,173,186 174,177,190 157,162,182 145,150,163 70,72,71 80,81,81 84,83,83 87,98,86 156,166,171 96,101,94 101,102,94 108,108,103 117,114,111 124,117,115 128,121,122 130,124,124 132,127,128 130,125,126 130,124,122 126,121,119 134,129,126 133,129,127 129,126,119 121,117,108 113,117,94 80,110,63 112,120,103 129,132,109 160,158,159 159,157,161 176,175,180 188,188,194 172,173,172 157,152,150 165,161,163 165,161,162 128,121,117 123,115,110 110,101,96 122,114,110 113,102,99 113,104,102 125,116,113 125,118,116 121,113,109 113,104,96 123,116,107 119,114,106 114,109,100 
145,144,155 170,173,183 177,179,191 158,163,180 143,149,150 58,75,54 63,67,58 72,77,73 77,89,81 72,95,64 87,102,80 114,112,107 120,116,112 123,116,111 127,119,116 124,116,113 133,127,126 136,132,134 134,131,132 132,127,124 131,126,123 139,133,132 141,136,133 137,133,127 138,133,127 120,114,96 87,95,64 120,130,102 150,159,138 178,180,178 176,173,173 165,159,160 152,143,145 112,98,89 95,83,77 101,91,85 98,88,80 101,92,84 90,82,76 113,105,102 116,108,105 127,119,115 124,117,111 120,113,106 117,111,102 110,105,91 119,121,95 122,126,92 118,124,88 109,115,84 
141,140,142 172,174,178 176,177,183 149,153,154 114,118,102 61,85,52 74,95,68 64,72,81 77,89,85 86,98,77 114,110,104 123,118,114 135,127,124 132,124,120 134,127,124 137,129,128 140,134,133 142,135,135 139,133,132 140,135,133 143,136,135 145,139,138 147,142,141 143,138,136 144,141,138 145,138,131 124,121,106 106,115,82 102,117,85 99,111,84 99,96,85 89,81,76 91,83,80 92,80,77 91,81,78 102,95,92 130,124,121 132,123,119 116,108,103 116,107,102 113,105,99 119,110,103 119,111,101 112,103,97 125,115,107 111,109,91 110,115,87 113,126,81 125,134,87 127,137,86 
125,123,121 177,178,182 175,176,170 112,117,93 65,71,63 66,88,60 59,71,64 70,81,79 84,96,80 109,109,99 120,117,113 137,129,125 144,136,131 140,131,129 143,137,134 146,139,138 145,139,138 145,138,137 141,135,133 142,136,134 144,138,137 145,140,139 147,142,141 149,143,141 144,139,137 139,133,129 141,137,129 134,130,121 124,122,108 114,117,97 76,72,66 85,80,74 108,101,97 128,119,114 133,123,117 130,122,116 122,114,109 119,111,106 119,112,105 122,114,106 120,112,106 113,106,102 119,110,102 120,113,105 128,121,111 118,110,102 113,109,96 109,109,85 110,114,80 116,122,80 
105,103,97 154,152,136 137,137,115 89,91,77 75,79,71 61,74,54 69,86,61 83,98,73 97,99,91 121,120,115 138,129,126 153,144,139 148,139,133 149,141,138 149,142,141 149,143,141 144,138,136 140,135,133 140,135,133 144,137,135 142,136,135 144,139,138 145,139,138 146,140,138 147,142,139 147,141,137 147,141,136 149,142,135 150,143,135 146,140,131 137,132,123 127,121,118 133,128,119 138,131,121 144,136,127 141,132,123 134,129,120 129,126,116 133,129,119 131,122,115 130,125,118 128,121,117 131,126,120 127,121,116 130,126,120 133,128,119 138,132,121 132,120,110 125,118,104 116,110,96 
97,96,93 126,126,115 112,111,99 100,99,92 90,94,83 79,85,69 81,83,71 107,108,95 128,124,119 136,130,125 149,141,135 151,142,137 150,141,136 149,141,136 149,141,139 146,139,137 145,138,135 143,136,134 143,137,134 146,139,136 145,138,135 145,140,137 148,142,139 150,143,141 150,143,141 151,143,139 152,144,140 150,144,140 151,144,138 150,143,138 146,141,136 149,144,140 139,133,128 135,130,124 143,138,130 147,138,130 138,133,127 135,133,124 135,131,124 135,130,121 136,131,121 136,132,122 137,130,124 129,123,119 133,129,122 134,128,118 140,133,122 145,136,125 139,129,118 134,124,114 
158,157,159 174,171,168 172,165,159 113,106,100 82,84,73 98,99,88 117,116,105 130,125,116 132,128,119 142,133,125 149,136,128 151,139,131 150,140,132 152,143,137 153,143,139 153,145,140 147,140,137 146,138,135 147,140,135 146,139,135 149,141,138 150,144,139 149,142,138 149,141,138 148,142,138 151,146,144 157,151,150 160,154,152 164,157,154 168,161,158 162,155,154 163,157,155 163,156,154 152,147,143 140,136,131 140,135,130 147,141,135 141,137,131 146,139,133 140,135,128 145,135,128 144,134,125 145,137,128 141,135,127 133,126,119 141,135,124 144,133,123 146,137,125 151,138,126 140,129,118 
118,111,99 115,104,92 101,92,83 95,91,82 106,104,91 118,115,102 127,123,111 135,128,118 141,131,122 145,131,122 150,137,128 152,139,130 155,145,136 156,148,140 158,147,143 156,148,143 153,144,141 150,143,138 147,141,137 146,140,137 141,138,136 145,142,140 152,148,146 159,154,151 168,162,159 166,161,160 164,160,159 170,163,162 171,164,162 169,163,163 169,162,161 169,164,162 168,162,160 169,162,160 162,156,153 143,140,135 144,139,134 142,136,131 137,133,129 143,137,131 144,135,130 147,135,128 142,134,127 146,133,125 144,130,122 142,131,123 149,135,127 124,111,106 132,119,111 143,126,118 
88,88,76 99,95,85 112,105,95 117,111,98 122,116,104 124,121,109 135,128,120 142,134,124 146,133,124 149,135,127 155,142,134 160,147,140 163,151,143 160,149,144 160,149,144 159,148,143 157,148,143 155,147,142 152,143,141 150,146,146 157,154,156 156,153,155 163,159,161 164,159,159 163,160,161 170,165,165 166,161,161 169,163,162 169,163,163 172,166,166 169,165,165 170,165,162 174,167,165 171,165,163 167,161,157 162,156,152 151,145,140 149,140,135 141,135,132 140,134,130 138,131,129 148,137,132 149,138,132 152,136,129 146,129,123 151,133,126 139,124,120 142,125,118 57,54,54 103,92,89 
107,102,93 120,114,105 120,113,104 126,119,109 128,122,112 132,125,116 138,130,122 139,130,123 154,143,136 157,143,138 159,144,139 165,151,144 163,151,144 162,150,144 159,149,145 161,152,149 160,151,148 162,153,151 163,157,155 162,157,157 162,160,161 157,155,156 167,163,164 160,158,159 169,165,165 172,167,166 164,161,162 169,165,163 171,165,164 170,165,163 173,168,166 169,165,162 169,164,163 167,160,159 173,168,165 168,161,159 168,161,159 158,150,146 148,140,136 152,142,137 144,135,132 147,137,133 148,137,132 153,138,131 155,138,130 151,134,127 154,135,128 142,126,119 87,64,64 116,105,102 
112,107,99 233,225,203 229,225,204 231,223,203 226,219,200 222,215,198 225,218,200 209,203,191 158,144,138 156,142,137 163,150,144 168,156,148 167,157,152 167,160,154 171,163,161 166,157,155 161,154,151 161,153,151 166,159,156 164,159,157 162,158,159 163,159,160 162,160,161 160,158,160 163,161,163 163,161,162 160,158,160 166,162,162 170,165,165 169,166,163 171,168,166 167,162,161 165,161,160 175,169,168 170,165,164 172,165,162 167,162,160 162,153,151 163,154,151 155,142,136 154,142,136 156,142,135 150,139,133 150,138,132 155,138,131 153,136,129 139,125,119 137,130,123 69,67,65 140,132,125 
114,109,102 233,224,201 226,225,203 231,224,208 221,198,154 233,223,199 234,227,208 213,209,200 159,147,142 165,153,148 169,158,153 168,160,156 164,158,156 168,162,160 164,159,156 165,158,156 164,159,156 166,159,157 167,160,156 166,160,157 163,159,157 164,159,158 164,161,163 169,167,169 166,164,167 160,158,161 163,160,163 159,156,158 170,166,166 175,170,168 165,162,162 168,164,163 167,162,161 173,166,163 170,164,162 170,163,160 169,162,159 159,150,149 158,148,146 154,141,137 150,135,130 155,139,132 153,138,132 150,138,131 142,134,128 143,137,131 146,138,133 151,139,133 64,62,61 142,131,124 
124,119,113 232,221,192 233,225,204 212,206,191 188,175,152 223,214,195 235,229,212 215,211,204 170,158,153 175,164,159 170,162,158 169,162,160 176,171,168 171,165,164 171,166,163 168,162,161 173,167,164 174,165,162 169,162,159 168,162,159 168,163,160 168,164,161 168,165,164 171,168,170 164,161,163 163,161,163 169,166,169 175,171,173 175,170,171 169,166,166 165,162,163 175,171,169 173,168,166 160,155,153 164,157,154 160,154,151 157,148,146 152,142,138 151,137,132 152,137,132 147,134,130 141,132,126 143,136,131 143,137,132 149,139,134 151,140,134 153,139,134 154,139,133 53,51,50 141,130,123 
137,130,123 234,228,210 232,225,207 208,203,190 200,195,184 200,198,184 232,226,209 215,212,204 174,163,159 178,168,165 177,170,168 176,169,167 175,169,167 167,162,161 169,165,162 169,164,163 175,169,166 170,163,160 163,158,155 163,158,155 167,161,158 170,165,162 170,165,162 172,168,167 168,165,165 170,166,168 168,163,166 176,171,173 170,165,166 173,169,169 171,168,169 169,165,164 168,163,161 157,150,147 154,146,142 149,139,136 148,137,133 146,135,130 145,135,128 138,132,128 141,136,132 146,138,135 149,139,135 149,138,134 149,138,132 150,138,132 151,137,133 149,136,131 69,65,63 146,132,125 
145,139,134 238,235,227 237,233,223 232,223,200 228,222,210 228,222,206 238,234,222 215,212,204 182,171,169 178,170,167 172,165,163 172,166,166 170,165,163 166,162,160 170,166,163 164,161,160 163,159,157 169,162,159 165,161,157 168,163,160 170,164,162 175,169,167 166,162,159 176,170,170 162,159,159 166,163,164 168,163,165 165,160,161 166,161,162 173,169,169 168,163,162 158,155,155 156,148,143 153,145,140 151,139,135 149,138,132 139,135,130 138,135,130 142,137,132 147,139,135 147,138,134 158,150,147 159,149,146 36,36,35 39,39,39 53,57,61 113,114,103 75,77,60 42,42,42 142,128,122 
147,142,138 115,114,111 115,113,109 111,107,96 113,112,109 109,107,104 113,112,109 115,113,110 179,171,168 184,176,174 174,167,166 166,162,159 166,162,159 162,158,156 170,165,162 162,159,157 167,162,162 169,163,161 165,159,155 169,164,162 169,164,161 169,164,161 172,165,163 178,173,174 163,161,163 160,158,158 166,161,162 162,157,156 155,148,145 154,146,144 155,146,143 153,144,141 152,139,135 144,134,130 141,136,131 141,137,133 142,139,134 145,140,135 145,138,133 148,138,132 146,137,132 151,141,138 149,139,135 69,66,65 72,68,67 77,73,71 106,100,87 88,85,72 72,68,66 142,129,124 
150,145,141 64,64,64 66,66,66 39,39,39 30,30,30 30,30,30 30,30,30 46,45,45 176,168,164 182,173,172 183,173,172 181,174,171 176,170,167 172,166,163 163,159,157 165,160,159 162,156,155 166,159,157 167,160,157 166,162,159 163,159,156 164,157,155 170,163,161 165,161,162 163,157,156 158,152,150 159,151,148 153,147,147 153,143,140 154,142,139 153,141,137 141,135,130 135,132,128 142,139,136 146,142,138 146,141,137 146,140,135 122,118,115 98,95,93 97,92,89 98,92,90 87,82,79 98,93,91 93,88,86 92,87,84 87,80,78 89,82,80 99,93,91 96,90,88 83,78,76 
