48,52,28 77,79,49 73,75,38 106,106,87 86,88,53 86,86,44 78,76,38 84,84,62 64,64,37 69,66,26 86,83,33 80,78,34 79,77,39 95,93,69 159,157,166 152,152,165 147,146,159 152,157,170 176,183,193 172,180,191 171,177,190 177,183,192 176,183,192 181,185,193 189,190,195 186,189,195 183,186,193 189,191,196 193,195,198 195,195,198 194,195,199 191,193,196 194,195,197 194,194,196 192,193,196 195,196,200 192,193,196 192,193,194 191,193,192 194,195,194 199,199,197 206,206,204 212,213,208 167,165,162 81,86,53 65,71,30 51,60,29 67,75,52 65,73,46 55,63,22 
40,41,35 41,42,35 42,43,35 44,44,39 53,53,44 45,45,35 48,48,40 50,50,42 44,45,37 76,75,51 70,65,31 73,67,39 70,67,35 80,81,46 160,160,167 148,149,164 169,175,188 166,172,185 177,184,195 174,180,193 174,180,192 176,183,193 190,192,198 190,192,198 189,191,196 187,189,195 186,189,196 193,194,199 195,197,199 195,196,199 196,197,202 193,194,197 197,197,197 193,193,195 191,192,195 192,193,197 193,194,197 195,196,197 195,196,196 200,201,199 205,204,202 210,210,207 214,214,210 176,174,160 87,94,52 58,63,33 37,40,25 78,82,56 55,64,32 43,50,28 
50,51,44 78,79,73 95,96,89 99,100,94 91,92,85 100,101,93 92,93,88 101,101,95 83,84,76 92,93,46 82,79,32 81,77,33 78,75,43 71,66,42 140,137,135 153,152,164 162,164,175 179,185,197 180,187,198 187,190,198 180,186,196 181,186,196 189,191,198 191,193,199 191,193,198 194,195,199 194,196,200 198,199,201 196,199,200 197,199,201 197,198,201 195,196,198 196,196,195 193,194,195 193,194,196 193,195,199 192,193,196 196,197,199 200,200,200 204,204,202 198,198,196 192,190,188 215,214,210 148,147,136 102,104,69 55,60,34 50,55,34 81,83,53 65,73,34 43,53,29 
40,42,36 37,39,34 42,44,37 46,48,38 46,47,38 46,47,37 44,44,37 43,44,36 46,47,36 84,92,30 83,82,37 90,89,37 99,97,60 102,97,88 132,127,124 145,143,154 126,123,135 149,150,164 174,178,189 193,195,200 190,192,199 186,190,200 190,193,199 192,194,200 194,195,200 197,198,202 200,200,203 200,201,203 200,201,204 200,201,204 197,198,200 195,196,200 195,196,196 195,195,197 192,193,196 193,195,197 193,195,196 199,200,200 203,202,202 207,206,204 185,184,180 142,139,133 216,215,210 166,166,157 77,83,50 44,49,31 95,99,80 103,105,85 46,53,32 48,54,33 
38,38,35 55,56,54 64,64,61 64,66,59 65,67,58 42,44,34 39,39,33 39,39,33 43,45,33 95,96,43 97,98,55 75,69,38 91,87,53 141,138,127 159,154,161 148,141,154 166,166,178 177,179,191 169,171,183 190,191,198 195,196,201 195,196,202 194,195,201 198,199,204 202,203,205 202,203,205 201,202,204 202,203,206 203,204,207 203,203,206 202,203,207 199,200,204 195,196,197 195,196,197 195,195,199 196,197,200 199,200,201 203,203,203 206,205,204 208,208,204 152,152,147 99,101,87 194,193,192 148,148,138 64,70,43 69,76,48 90,95,65 62,71,40 48,54,35 41,51,27 
41,45,30 48,51,32 50,53,30 68,70,35 64,67,41 51,53,29 52,56,27 62,66,29 51,54,26 79,83,34 84,87,40 68,64,39 75,69,44 103,98,77 149,145,149 151,145,155 159,156,167 179,178,189 195,196,204 200,201,206 199,200,205 200,201,206 198,199,204 201,202,205 205,205,207 208,208,207 206,206,208 206,207,209 206,206,208 204,205,207 204,205,208 197,199,202 196,197,200 196,197,198 196,197,199 199,200,203 199,200,200 149,149,144 200,200,197 211,212,207 124,125,112 92,95,70 163,162,152 72,76,58 47,53,35 64,72,45 73,79,46 55,63,39 35,42,24 28,34,19 
45,49,32 43,48,28 57,59,33 51,54,30 71,77,43 59,58,32 54,56,26 53,56,25 46,51,24 60,66,28 77,82,37 81,79,47 108,106,88 111,109,92 172,167,170 146,140,143 174,170,178 188,186,193 185,181,189 196,196,201 203,203,208 204,202,207 201,202,205 206,207,209 207,207,209 210,210,210 210,210,211 210,210,211 206,207,208 207,208,209 205,206,208 198,201,203 198,200,202 194,195,198 196,197,199 197,198,200 194,196,196 145,144,146 160,157,148 214,213,208 127,130,126 74,76,61 118,120,113 59,65,47 47,51,36 80,81,56 64,70,41 55,62,30 47,54,33 29,33,18 
48,51,32 41,45,31 67,70,45 80,75,50 67,73,43 94,95,59 60,61,29 92,97,37 65,70,33 62,66,36 73,76,33 78,75,45 135,132,125 149,144,141 155,148,144 140,131,123 166,162,162 163,156,161 176,171,180 196,194,201 204,204,210 204,203,206 204,204,206 209,209,211 209,209,211 210,209,210 210,210,210 209,209,210 206,207,208 204,205,208 201,203,206 199,201,204 198,200,202 195,196,199 196,197,201 196,197,198 203,203,203 170,169,169 92,93,71 133,133,115 196,196,194 95,97,89 114,114,105 85,88,70 59,63,40 56,63,36 55,62,33 49,57,34 28,32,18 30,33,19 
48,51,42 47,48,37 75,75,60 79,76,51 94,94,76 85,91,40 74,77,35 71,74,36 80,83,41 112,115,85 68,72,28 71,72,34 84,84,51 95,92,56 91,85,54 105,97,84 112,105,93 146,137,136 165,156,163 189,185,191 199,199,203 206,205,208 208,207,210 211,211,213 211,211,213 210,209,210 200,200,201 201,201,202 199,200,201 192,194,197 193,196,200 201,202,206 201,203,204 197,199,202 198,199,202 197,199,199 204,205,204 135,137,126 116,117,109 115,114,95 186,182,176 92,95,81 94,95,83 74,79,53 57,64,39 35,40,21 38,44,25 40,41,31 27,29,17 38,40,32 
31,32,22 43,44,34 74,77,65 100,102,78 78,78,55 83,82,49 85,86,45 70,69,39 84,87,42 75,76,32 86,88,37 81,85,42 86,86,38 80,78,43 77,72,40 88,83,66 157,152,148 176,174,173 176,171,174 198,195,201 204,203,206 204,204,206 209,207,209 212,210,212 214,212,214 208,206,206 196,196,196 192,192,194 190,191,193 190,191,194 193,195,198 207,208,210 203,205,206 199,200,202 199,200,202 202,202,202 170,171,164 84,91,59 80,85,54 72,79,47 88,91,68 72,76,55 59,64,46 50,55,31 33,39,24 31,35,23 41,44,37 33,35,22 30,33,19 35,38,26 
36,39,24 43,46,34 49,51,33 71,73,42 69,71,42 80,82,45 74,74,40 61,63,37 63,68,29 91,95,44 74,76,37 80,80,47 76,77,36 84,83,50 75,69,41 102,100,77 134,130,124 175,170,169 166,159,162 200,198,202 200,199,201 198,197,199 205,203,206 207,205,208 211,209,210 203,201,201 197,196,195 191,191,192 190,190,192 192,193,195 199,200,202 209,210,212 208,209,211 202,203,205 200,201,203 172,173,170 90,96,72 69,77,47 55,59,38 57,61,40 74,80,57 63,69,47 52,57,43 50,55,38 56,57,45 45,47,38 40,41,41 29,31,19 38,41,25 41,47,30 
51,57,26 33,36,21 59,60,39 77,80,49 53,55,30 54,50,30 80,83,66 63,68,48 70,78,49 75,78,49 73,78,41 80,84,42 79,83,40 107,108,83 83,79,47 111,110,78 203,202,201 146,139,137 155,148,146 194,190,194 202,200,202 197,195,197 200,198,201 212,209,211 210,207,208 201,199,198 196,195,193 195,194,192 193,193,193 196,197,199 204,205,207 192,193,192 202,204,206 201,203,205 202,203,205 150,153,149 74,82,56 64,70,51 46,48,34 44,46,34 51,54,38 45,49,35 64,66,57 45,47,35 62,63,49 45,52,39 40,42,32 33,36,23 53,57,28 63,68,39 
46,49,26 55,56,34 60,64,40 61,62,41 57,60,34 58,58,35 73,75,52 65,63,49 80,86,67 72,79,42 66,72,36 76,82,40 82,87,48 112,110,92 83,77,51 107,103,78 198,195,194 177,172,172 123,116,107 167,160,162 207,204,205 205,204,204 200,198,201 202,200,202 202,199,200 201,199,199 201,200,198 195,194,192 195,195,194 198,200,198 202,203,205 196,197,199 184,186,189 201,204,208 197,199,202 104,109,100 57,63,46 50,54,40 40,41,35 41,42,34 40,43,33 34,37,27 44,45,39 69,74,54 60,64,48 33,36,27 38,41,26 32,35,21 43,47,25 41,41,30 
36,38,23 46,48,25 65,67,49 62,60,40 57,59,34 64,60,42 69,71,53 72,75,47 68,73,53 58,65,31 91,90,70 84,90,48 87,94,46 83,84,46 74,71,44 100,100,66 178,173,172 178,171,172 138,131,125 152,144,138 195,190,187 212,210,209 207,205,206 203,201,203 197,195,197 195,193,194 197,196,194 195,194,192 195,194,192 197,197,197 182,184,182 192,194,193 160,163,160 202,206,209 201,204,209 167,169,175 49,55,42 44,46,36 32,34,27 55,59,52 53,59,44 47,54,38 40,43,33 40,44,31 39,42,31 51,50,50 31,34,20 39,42,26 30,33,21 38,38,30 
44,48,28 48,50,28 56,58,39 65,60,43 47,49,32 60,56,41 60,60,38 71,76,39 62,67,33 51,55,32 83,83,45 77,84,39 75,82,37 90,96,48 63,60,39 98,95,77 185,181,179 129,125,116 121,116,101 103,97,74 189,184,178 210,207,205 214,209,209 205,203,203 198,196,197 196,194,195 194,192,192 195,193,192 194,193,192 192,192,193 143,145,138 152,154,150 106,111,102 198,202,205 205,208,213 158,160,167 48,53,48 45,48,43 41,42,39 47,51,44 47,49,40 60,62,50 63,66,48 42,44,35 37,39,33 28,31,22 35,37,24 38,41,27 26,28,19 43,46,33 
49,58,31 44,48,27 38,42,23 56,49,40 37,42,28 60,53,42 53,53,34 58,60,37 65,70,36 53,57,36 80,82,53 105,107,61 76,81,37 90,97,44 65,65,40 103,103,82 147,145,137 135,133,129 104,99,89 99,93,78 118,111,99 194,191,189 207,204,203 200,198,199 196,194,196 199,197,198 194,192,193 194,193,194 191,191,190 180,181,179 91,96,62 108,111,92 132,137,124 150,154,152 147,151,144 160,164,168 137,139,144 47,52,41 66,68,62 59,67,53 73,77,59 60,63,47 48,53,37 40,44,33 37,39,29 26,28,21 31,32,24 32,34,24 62,57,46 62,63,50 
46,53,32 58,64,47 52,61,31 58,56,40 47,55,32 63,58,46 52,52,35 50,53,32 56,62,34 56,62,36 50,53,32 61,62,36 76,80,45 70,72,38 92,95,55 97,98,75 124,124,110 160,158,156 121,116,108 99,97,81 100,96,83 190,185,185 202,200,200 196,194,196 196,195,197 202,202,203 200,200,200 201,201,201 135,136,124 128,131,118 69,74,43 114,116,102 154,157,153 128,132,128 131,135,129 171,174,172 107,109,105 59,65,50 65,72,54 49,56,43 52,57,43 40,41,33 33,36,27 37,41,29 40,43,37 32,34,27 35,37,27 54,56,43 64,66,46 57,60,41 
41,47,26 38,44,29 46,52,33 65,63,48 34,41,24 73,62,52 50,53,32 47,49,29 46,50,32 51,57,30 53,54,32 59,57,38 71,76,45 70,73,41 82,85,51 86,87,62 84,85,61 125,125,109 116,112,101 88,88,60 89,87,65 176,173,172 196,194,197 199,199,201 204,203,205 207,207,208 205,205,205 206,206,207 146,146,140 83,88,56 54,59,33 95,100,79 73,78,48 82,88,69 93,99,87 89,93,76 72,79,58 64,71,49 60,63,51 46,50,43 34,38,32 32,35,27 23,25,20 27,30,21 31,37,24 44,51,33 37,38,31 56,60,37 66,74,45 60,69,44 
27,31,20 38,41,22 36,39,25 62,58,48 39,45,26 80,71,59 29,33,21 30,33,22 38,41,26 41,42,27 79,84,48 55,54,36 61,62,39 74,81,46 76,78,52 77,81,46 91,95,62 101,102,69 94,91,60 72,71,49 93,92,80 132,129,116 203,203,206 200,201,200 210,210,211 211,211,212 211,211,211 211,212,212 150,151,145 75,80,53 56,60,44 84,86,75 61,68,44 94,98,89 91,97,80 80,86,62 60,64,47 63,66,52 52,56,41 40,43,35 46,47,39 34,38,29 27,26,26 29,33,24 40,48,34 53,52,56 41,40,41 62,69,43 53,63,38 45,49,32 
35,38,22 37,42,20 38,41,26 63,59,47 31,35,24 70,63,54 20,22,18 27,29,22 40,40,28 41,40,28 59,64,39 67,70,43 75,75,54 71,76,44 75,78,48 70,75,49 81,86,58 76,76,49 77,77,54 70,71,49 71,72,51 97,94,71 111,119,89 88,97,59 129,137,103 172,175,162 218,218,218 217,218,219 192,194,189 65,70,49 70,71,64 58,63,43 53,61,36 61,67,49 71,79,49 68,76,51 57,62,45 70,72,53 60,65,49 47,50,38 61,66,48 51,56,41 28,27,23 45,46,46 80,83,82 71,68,71 48,46,45 44,44,36 27,28,21 34,37,26 
39,44,25 24,26,17 29,31,20 60,55,48 26,27,21 81,73,62 21,22,18 30,30,23 46,49,32 45,46,31 57,61,40 66,72,44 78,83,53 77,81,49 86,86,72 88,94,58 65,69,44 78,80,51 67,72,48 65,71,49 66,69,47 83,86,54 68,77,40 74,84,48 69,78,42 67,78,38 147,153,134 183,184,179 137,139,126 56,61,43 43,47,32 50,57,31 59,64,35 53,57,40 59,67,43 52,60,39 58,66,47 66,70,50 61,66,48 53,59,42 38,40,29 47,53,35 37,40,31 105,102,105 64,67,58 37,37,28 56,55,42 42,41,29 42,42,32 37,42,29 
25,29,19 23,24,19 18,18,16 57,50,47 31,29,24 73,67,59 29,31,23 35,37,25 51,55,33 51,55,34 57,65,37 58,65,38 75,79,50 64,67,42 69,72,42 74,78,54 78,82,50 79,80,50 70,69,49 69,68,45 74,76,50 76,80,52 65,77,39 71,81,47 78,90,51 71,84,43 98,107,77 96,99,80 92,95,71 49,55,31 58,63,33 65,69,38 55,58,35 59,65,38 43,47,35 49,55,41 50,55,37 56,61,41 40,44,30 35,38,28 46,48,36 55,58,42 60,63,50 62,65,50 58,65,48 65,65,50 74,75,55 63,65,46 73,77,58 56,59,43 
21,23,18 19,18,18 22,24,18 47,41,38 43,41,34 68,62,57 27,30,18 29,31,21 36,40,24 49,50,32 59,68,36 60,67,38 67,72,46 58,60,39 51,46,34 74,78,46 91,96,56 86,87,54 88,84,56 68,68,45 69,71,47 77,78,47 57,66,40 63,74,40 75,79,66 61,71,41 70,77,44 104,105,90 78,81,58 57,62,35 48,52,31 53,55,33 55,61,38 52,59,36 50,56,37 49,53,43 51,55,43 49,53,39 33,36,26 54,59,44 62,64,49 56,59,44 67,71,53 63,65,49 64,69,49 73,75,54 53,55,36 75,81,51 65,71,43 46,54,34 
26,27,21 24,25,19 19,20,18 45,40,39 46,43,40 71,64,60 32,35,21 37,40,25 37,40,23 52,53,32 59,66,37 66,74,44 62,67,47 64,65,42 65,63,41 65,67,43 78,81,50 69,74,47 66,67,46 58,63,42 67,70,47 76,83,49 88,95,75 79,86,69 78,86,66 64,71,38 70,76,47 80,85,59 87,90,70 62,65,47 63,72,40 62,68,41 53,58,38 43,45,35 36,38,31 49,52,42 50,53,41 51,53,40 53,59,41 54,58,41 59,61,46 40,42,30 53,56,41 58,62,46 58,64,42 63,70,45 63,69,47 61,69,45 61,71,46 56,65,43 
32,34,24 27,27,22 24,25,22 44,40,39 51,47,45 81,74,69 34,37,24 61,61,51 62,65,47 51,52,33 57,64,35 62,71,38 63,69,50 75,87,55 68,74,42 74,76,48 77,81,51 84,88,58 61,65,43 59,61,44 56,55,39 76,83,56 79,89,51 109,113,104 51,64,33 55,62,37 50,56,33 65,71,41 69,76,47 69,76,43 39,45,28 44,50,31 50,54,36 41,45,32 36,40,30 45,51,37 52,56,42 50,52,37 47,49,35 53,57,42 37,40,29 44,46,33 37,35,27 63,63,46 66,75,46 80,90,63 73,82,55 63,71,50 68,76,53 59,67,44 
36,39,27 32,39,27 30,33,23 42,40,36 69,61,58 77,71,67 48,47,42 65,66,52 64,62,52 65,59,56 51,54,39 55,57,41 57,64,42 60,67,44 61,60,44 82,86,53 68,73,47 53,59,40 45,49,33 53,55,39 56,54,39 75,78,53 92,96,71 87,90,66 54,59,48 65,72,44 47,50,32 67,73,45 72,75,54 66,69,44 45,50,31 41,43,31 47,52,34 46,51,34 43,48,35 43,50,34 55,58,42 49,52,39 58,61,46 63,64,50 52,54,42 59,58,51 55,49,46 64,61,51 65,72,46 67,73,43 60,63,45 65,71,48 74,81,56 62,71,47 
36,39,29 26,29,23 23,24,20 32,30,28 89,80,73 64,61,56 42,43,33 52,58,39 89,88,74 76,66,63 85,82,71 92,89,83 57,56,43 80,78,67 110,101,99 74,72,57 79,80,65 56,57,44 51,51,36 59,59,44 96,93,82 142,137,123 169,169,150 152,146,120 91,94,63 116,112,85 95,93,63 90,89,59 106,111,109 98,101,96 71,75,46 67,67,47 45,50,33 95,95,66 71,72,50 88,89,62 110,109,82 58,62,43 87,79,65 115,89,83 104,89,57 104,102,80 39,30,29 43,39,34 50,52,38 82,86,63 73,83,58 79,86,60 62,70,47 69,81,48 
28,28,24 40,39,30 31,32,22 31,32,26 110,97,91 62,60,53 63,64,49 81,77,68 82,76,71 66,58,54 99,91,88 83,80,71 77,80,49 99,98,74 88,80,66 98,93,81 100,95,82 80,82,64 60,54,39 83,81,59 130,125,108 112,111,88 102,100,74 81,86,52 73,74,45 72,74,43 77,81,44 82,90,48 82,99,66 82,99,61 90,103,54 82,86,49 90,101,55 107,113,64 102,114,64 100,109,69 91,97,65 74,81,55 89,78,67 96,74,68 100,80,40 94,92,74 53,47,43 57,53,42 75,80,59 80,84,65 75,85,58 74,83,61 72,78,58 60,68,45 
39,40,28 42,44,31 75,85,52 66,72,52 113,101,96 68,73,54 59,70,42 61,72,48 60,73,48 55,59,42 72,85,57 71,88,57 77,88,55 81,85,53 77,69,54 85,98,67 97,109,77 100,113,79 83,83,59 90,78,61 116,114,82 119,118,84 132,116,102 134,116,100 128,115,90 118,109,79 115,109,76 111,108,74 105,105,74 108,107,75 116,115,81 110,103,78 119,112,89 132,126,101 136,127,108 127,120,104 129,120,109 127,118,109 89,79,69 64,46,39 96,77,43 101,102,80 52,47,44 61,55,41 60,60,49 62,70,48 61,61,50 74,82,55 75,83,54 37,34,24 
96,92,82 111,105,95 133,127,116 83,82,70 107,97,93 90,85,76 99,93,83 103,100,88 103,100,90 78,71,62 112,109,99 100,97,89 102,101,89 82,79,64 89,79,72 99,101,88 105,100,88 101,87,79 88,61,58 106,93,75 122,116,94 129,121,98 139,123,111 140,123,112 141,124,112 144,124,112 142,123,111 140,122,110 136,119,110 117,109,90 98,98,69 79,81,51 78,84,49 79,87,46 83,93,51 85,94,56 85,93,60 82,92,60 74,84,52 60,65,40 74,74,44 71,76,49 54,49,46 51,43,40 54,51,46 52,51,42 57,51,48 71,80,54 64,71,41 35,32,23 
109,101,97 103,95,91 105,95,86 87,79,72 106,96,94 66,66,53 54,60,45 53,62,43 55,73,42 63,62,46 70,80,54 71,87,57 140,133,124 159,150,147 87,77,64 83,81,61 88,77,59 86,72,58 99,88,71 104,103,66 108,113,70 112,109,74 131,117,106 140,124,116 141,124,117 139,123,116 138,121,111 131,116,106 100,99,67 83,94,49 73,85,43 70,80,37 66,74,37 63,66,36 57,60,35 60,63,33 61,67,36 61,70,38 62,70,39 58,67,36 58,63,34 59,62,36 54,49,47 54,45,43 53,47,45 58,53,49 58,51,49 62,65,45 48,51,31 36,41,27 
65,57,48 66,58,49 56,48,39 58,49,41 107,96,92 65,62,51 63,69,48 70,71,53 71,83,57 69,77,52 80,94,62 85,86,66 125,111,104 123,109,105 94,72,69 92,65,63 90,76,64 100,90,75 102,97,63 110,113,72 108,114,67 112,108,69 138,121,109 143,126,118 143,125,117 142,124,115 139,123,112 133,116,107 99,102,63 96,104,55 82,93,48 69,79,38 79,87,44 72,81,43 69,77,44 71,75,45 65,69,43 60,57,41 55,51,38 51,48,33 44,43,29 42,39,28 40,32,30 52,39,36 44,38,36 56,51,47 62,53,52 61,61,46 48,47,35 40,34,26 
55,61,42 61,65,45 62,64,45 62,65,46 111,99,93 70,85,55 69,90,52 74,89,55 75,94,60 79,96,60 77,97,59 98,88,78 94,80,73 96,83,76 101,67,71 99,64,67 95,89,68 101,101,70 107,110,75 106,117,73 112,113,76 128,113,93 141,123,113 144,126,117 143,124,117 143,125,117 141,123,113 136,118,109 116,106,82 98,103,58 96,106,58 88,97,52 80,90,46 85,96,52 87,95,53 83,90,51 77,85,52 69,75,50 59,65,41 58,57,40 58,52,40 48,37,34 38,32,26 44,35,29 37,31,26 36,30,25 34,28,25 51,43,39 47,39,33 44,35,30 
67,73,51 59,76,44 59,83,47 57,80,44 106,100,86 67,83,51 67,86,50 75,93,57 85,105,69 76,94,59 75,92,54 103,91,84 98,85,79 106,92,85 104,64,70 99,56,61 98,98,73 107,106,73 107,112,70 102,111,69 116,110,82 135,120,108 143,126,117 145,127,118 146,127,118 149,129,121 143,125,116 141,123,112 138,116,106 103,104,64 92,100,54 93,104,55 92,103,57 84,93,50 88,99,52 82,91,49 82,92,56 79,89,57 75,83,54 71,76,50 64,69,44 55,57,39 51,51,34 46,46,32 45,47,31 43,45,30 41,43,30 42,42,29 44,41,28 43,42,30 
66,85,53 66,89,54 65,91,52 66,93,51 74,97,58 75,99,60 79,95,61 81,102,66 84,104,70 79,95,57 81,97,56 103,91,85 94,82,77 130,120,118 154,136,138 119,98,94 110,113,91 106,111,73 109,112,71 108,105,71 128,114,97 140,125,113 149,130,120 147,129,119 147,129,119 152,132,121 145,127,118 142,124,113 143,120,111 125,110,88 99,107,59 97,111,58 98,110,61 94,104,59 83,91,51 88,92,56 176,173,166 142,145,131 75,83,50 78,88,55 72,82,51 66,70,47 61,62,43 58,58,38 55,50,37 55,57,37 51,54,34 44,50,28 42,47,28 42,48,26 
72,95,55 69,95,53 66,92,53 71,96,53 72,95,52 71,96,52 76,101,57 78,98,56 74,95,59 76,96,57 81,96,59 102,89,82 118,107,103 174,167,166 152,141,137 142,133,125 96,104,71 107,119,76 103,110,73 121,112,88 136,123,108 145,127,117 148,130,120 146,127,118 147,129,119 154,132,119 144,127,118 139,123,114 144,122,112 138,117,108 103,103,68 103,113,67 94,107,59 93,106,60 90,102,62 88,92,66 133,117,115 166,153,154 131,124,119 78,85,58 68,77,46 68,82,49 71,82,52 67,76,46 62,64,42 56,59,37 48,51,33 46,54,31 46,56,30 45,55,29 
66,93,50 67,93,48 68,86,48 76,101,57 72,94,54 76,97,56 85,100,64 87,98,70 77,98,61 79,96,60 79,90,60 131,121,113 161,153,151 152,143,139 134,122,115 137,126,111 89,94,59 98,100,62 113,107,79 130,118,99 135,122,110 143,125,117 143,125,116 141,124,115 147,128,119 149,131,119 143,126,115 141,123,113 144,123,113 143,120,113 131,114,95 94,101,61 90,106,59 88,101,60 87,95,60 98,102,73 125,110,108 122,106,107 154,139,142 170,160,162 113,116,100 70,79,48 70,80,47 69,82,48 64,78,43 63,68,43 59,60,41 51,52,36 46,50,32 45,50,31 
73,96,54 76,88,59 73,85,61 69,88,56 92,104,82 107,103,91 101,86,79 91,91,71 74,94,59 91,102,74 145,140,132 168,159,157 135,123,118 134,120,111 123,109,97 111,102,81 103,99,78 116,105,85 126,117,100 133,119,105 142,127,118 141,124,117 148,130,123 141,124,119 151,134,126 148,130,118 145,127,116 147,129,119 143,123,115 145,124,117 142,122,114 132,118,107 87,95,58 88,101,59 94,100,64 97,98,74 126,107,103 135,119,118 132,118,122 151,136,137 166,152,157 137,129,125 78,81,56 68,77,44 65,79,43 67,79,44 70,78,48 70,68,48 63,57,44 51,50,37 
78,88,63 74,89,68 85,90,72 111,105,96 119,99,100 113,70,78 104,76,74 91,93,69 90,99,72 154,146,139 178,173,171 147,136,131 133,122,117 136,121,106 122,108,96 110,97,87 127,115,105 136,121,107 134,119,105 133,119,110 145,130,123 136,122,117 150,133,127 141,124,117 150,134,124 147,129,117 143,127,117 140,124,118 145,127,121 142,122,114 149,128,122 150,132,126 133,123,105 107,102,77 90,89,66 95,83,75 126,107,104 137,119,114 139,123,122 128,111,113 146,131,134 178,169,173 160,149,152 105,106,93 62,72,42 66,81,45 65,72,42 70,77,46 70,79,50 71,79,52 
70,65,58 83,75,71 108,95,94 110,74,81 93,52,59 91,65,61 97,71,69 125,125,110 167,162,160 171,165,163 147,135,130 148,139,134 138,124,113 136,123,108 124,110,98 125,111,102 133,121,111 133,120,110 132,115,105 145,131,125 136,123,119 142,129,123 143,129,123 140,128,124 149,134,125 144,128,116 145,129,120 138,122,116 147,130,124 138,119,113 154,134,126 138,119,112 166,149,146 156,131,120 143,122,111 124,105,98 112,92,86 132,114,108 141,125,122 135,118,117 139,124,127 127,110,107 163,151,153 200,200,205 188,189,194 110,120,100 66,78,48 61,74,45 65,80,46 66,81,45 
122,111,110 114,88,94 109,63,77 89,51,55 88,59,58 97,69,68 153,133,136 208,208,209 206,205,208 161,152,149 160,152,150 153,141,134 142,128,115 125,112,103 129,116,107 126,115,108 134,121,113 140,126,115 137,123,116 148,134,128 132,119,114 148,135,126 135,123,118 144,133,129 142,130,122 139,125,117 144,132,125 132,120,115 145,129,123 137,120,114 147,126,118 146,128,122 141,123,117 167,150,146 157,134,124 147,129,121 130,112,106 115,93,89 138,120,115 145,131,130 139,123,122 132,116,115 115,96,92 160,148,149 210,213,215 223,229,229 124,130,115 64,80,47 67,81,51 71,86,52 
125,86,94 91,52,59 84,64,59 109,70,73 96,60,63 118,87,89 165,143,147 198,194,194 151,142,141 157,148,146 152,140,132 152,138,125 138,124,113 129,116,107 128,116,111 130,118,111 136,123,115 143,128,120 144,132,127 137,125,122 140,127,120 147,134,126 128,116,112 146,136,129 139,128,121 137,125,117 143,133,127 128,116,114 143,129,124 141,125,119 141,125,118 153,135,128 136,119,110 160,145,141 164,150,145 143,126,120 136,120,116 128,110,107 121,102,96 138,121,118 144,128,124 127,111,108 103,86,83 116,95,90 155,140,138 172,160,158 167,155,152 63,78,47 55,41,39 67,78,51 
84,51,51 100,83,77 113,87,85 108,80,79 99,74,73 126,96,98 135,111,108 159,152,147 138,128,126 148,137,129 155,142,130 145,131,120 136,121,110 127,116,110 130,119,114 131,119,114 137,124,119 141,128,122 146,134,129 127,115,111 144,133,126 141,129,122 125,115,110 147,136,127 136,125,117 133,123,115 141,130,123 127,116,114 140,128,124 143,129,124 136,121,115 149,132,125 142,125,118 137,122,118 170,159,158 147,131,125 139,122,117 135,119,115 124,108,104 117,99,95 138,121,116 122,105,101 113,95,94 110,92,90 167,158,159 160,146,144 165,157,153 65,79,47 81,73,71 70,78,56 
105,74,70 235,230,216 233,225,207 232,223,199 228,220,199 220,211,186 220,213,196 206,201,191 153,145,143 150,138,129 151,138,128 137,122,110 139,126,117 136,124,117 139,126,119 145,131,123 155,139,128 142,130,127 135,123,119 128,116,113 143,132,124 131,121,114 125,116,112 144,132,127 132,123,116 131,122,114 137,126,120 126,116,112 138,127,124 148,138,135 134,120,114 144,126,119 150,135,129 122,108,103 153,140,138 159,145,141 148,129,121 142,125,118 133,117,113 118,102,99 116,98,95 125,108,106 121,104,103 108,92,91 175,167,167 171,163,163 157,155,149 75,88,56 49,55,42 76,90,57 
104,72,71 234,227,209 231,224,200 224,222,199 219,193,146 233,226,210 233,226,209 213,207,193 166,159,156 142,129,119 146,133,125 139,123,112 139,127,119 137,124,117 140,128,119 148,135,125 143,129,123 146,135,130 125,113,111 134,123,119 142,131,125 123,114,109 127,118,112 142,130,125 137,128,123 133,126,120 138,131,128 119,111,109 137,127,126 155,148,152 130,116,110 140,123,116 147,133,126 128,115,110 133,118,115 161,150,148 151,134,126 147,130,122 141,124,118 128,113,109 109,92,88 109,91,89 119,103,101 118,102,101 174,167,165 164,155,157 158,155,150 110,110,89 55,57,52 80,94,61 
108,83,78 232,223,198 233,226,206 224,218,200 199,182,152 234,223,200 233,225,204 215,210,198 152,141,134 147,135,127 141,126,115 142,129,121 138,125,118 142,131,123 143,130,121 149,134,124 142,132,130 138,126,122 125,113,109 141,129,125 138,127,121 116,108,103 129,122,115 146,135,130 143,131,126 134,127,117 135,127,123 124,114,111 132,121,119 148,140,141 120,111,96 134,118,108 137,121,114 137,124,116 127,110,104 150,138,135 154,143,139 153,138,130 141,126,119 135,121,116 124,109,106 105,88,85 113,96,93 120,106,104 178,172,170 159,149,151 151,145,139 120,111,101 48,47,45 91,94,70 
104,78,74 234,228,209 231,221,191 222,218,207 206,201,187 209,204,189 226,219,200 213,209,200 139,128,119 133,119,107 139,126,118 137,126,118 138,126,119 139,128,121 140,127,119 134,122,117 146,135,132 131,119,116 130,118,114 142,133,128 133,124,118 114,106,101 135,129,120 144,133,129 139,127,125 127,121,110 136,125,116 133,121,113 136,122,116 152,139,138 141,131,129 135,118,108 142,123,117 144,129,122 127,112,105 135,121,116 162,156,153 144,129,122 139,125,119 135,122,116 132,119,114 119,105,102 108,92,85 146,131,129 185,182,181 170,164,165 142,134,130 120,110,103 61,59,56 115,105,95 
106,73,73 238,235,228 235,229,212 223,217,203 211,205,190 211,208,196 222,216,200 214,210,201 143,129,120 139,124,113 134,123,115 128,117,110 133,123,116 135,124,116 128,114,107 131,122,120 141,131,128 123,113,111 135,125,121 143,134,129 126,116,110 113,106,100 128,123,113 122,115,110 121,115,111 124,120,110 132,123,114 129,120,114 128,117,113 153,142,142 157,147,149 134,119,111 146,127,121 143,127,120 130,117,110 123,108,103 153,144,140 149,138,134 136,121,113 139,125,118 139,126,119 145,135,133 130,117,112 36,36,35 39,39,39 53,57,61 113,114,103 75,78,60 42,42,42 112,106,96 
105,69,70 115,114,111 115,114,111 111,109,102 107,104,97 109,107,101 112,109,102 113,110,106 141,124,110 138,125,116 137,124,115 138,126,118 144,131,122 146,129,119 131,116,109 137,127,124 127,119,118 116,108,108 143,135,131 143,134,128 114,107,103 112,106,100 126,124,113 104,99,92 112,113,102 125,124,117 123,117,108 128,119,113 130,119,115 143,133,131 146,138,139 134,121,117 139,123,118 138,126,122 134,124,120 109,99,97 131,122,118 157,153,150 131,117,104 134,122,108 140,125,116 135,122,117 121,107,103 52,48,44 65,65,56 72,68,66 84,80,65 73,71,58 59,56,53 111,103,96 
120,103,91 64,64,64 66,66,66 39,39,39 30,30,30 30,30,30 30,30,30 40,37,35 135,115,103 129,109,100 126,106,97 131,115,107 130,113,105 125,115,97 133,121,116 147,139,134 124,115,115 128,119,117 141,132,127 136,128,121 110,104,98 113,108,101 123,123,110 113,118,96 101,109,82 111,112,96 118,114,103 125,120,113 129,119,114 130,120,117 130,119,115 124,113,110 134,118,113 133,119,114 130,119,114 122,110,102 125,111,102 122,115,109 88,86,77 90,82,75 94,86,81 78,71,67 83,77,75 72,67,64 69,64,58 69,62,58 57,54,47 72,69,64 78,74,71 67,63,59 
