50,47,51 55,57,61 25,27,24 25,27,24 27,27,26 32,32,32 31,31,30 34,36,33 41,40,44 23,25,23 20,22,19 24,26,23 40,43,44 52,51,57 66,65,77 98,91,114 73,69,86 82,74,95 60,59,65 45,40,49 45,43,44 41,38,37 38,37,35 40,39,39 45,52,28 42,51,27 35,44,22 34,38,23 41,46,27 39,46,26 48,60,34 37,45,30 39,49,28 34,40,27 30,37,25 43,57,28 35,42,29 28,35,25 32,40,25 48,61,26 62,76,27 56,68,24 56,68,23 65,73,32 89,95,61 93,97,76 58,69,38 62,69,39 72,82,47 99,107,72 
37,36,38 35,35,34 33,34,33 35,36,35 37,37,37 33,33,32 35,36,35 38,39,39 34,34,34 26,28,24 21,23,19 24,27,24 40,42,45 35,35,35 87,80,104 90,80,109 107,98,126 49,48,50 62,60,70 53,46,57 44,40,43 90,80,105 61,59,67 36,38,30 67,71,65 51,59,38 53,64,35 40,47,24 44,52,27 33,38,23 34,41,27 31,41,22 47,64,28 32,39,26 37,50,26 40,54,25 25,29,24 31,40,27 46,60,27 44,59,23 48,61,25 36,47,25 44,55,22 57,70,27 53,66,25 57,71,27 62,75,36 46,56,30 49,62,29 65,77,35 
45,45,46 77,77,79 86,86,87 87,87,86 80,80,79 92,93,93 78,78,78 92,92,93 67,67,66 33,35,32 22,24,19 23,26,22 35,37,37 32,35,33 103,98,123 146,142,163 90,88,99 38,41,33 41,43,41 44,41,41 39,38,37 64,57,71 56,52,68 29,29,28 36,36,36 57,57,57 35,37,27 31,39,19 55,69,34 53,58,47 28,34,25 37,46,28 36,45,29 30,36,27 32,38,27 33,41,27 27,32,26 33,44,27 35,48,26 35,47,25 34,45,23 27,34,24 40,50,24 47,58,26 51,66,27 73,90,26 70,83,38 56,66,37 43,52,30 61,76,35 
38,38,38 39,38,40 46,46,48 37,38,37 34,35,34 36,36,36 37,38,37 36,37,35 34,35,33 37,40,32 24,26,22 26,32,23 38,41,40 35,39,44 43,41,53 81,79,92 69,67,79 55,56,58 41,43,42 53,51,56 59,52,68 43,43,45 45,47,41 43,41,43 47,41,57 44,41,49 26,27,23 29,34,19 48,57,33 53,59,51 36,42,39 34,41,27 34,42,30 31,36,28 35,44,29 27,30,26 27,32,27 38,49,30 34,46,27 33,44,26 37,50,23 48,60,28 49,60,31 43,55,27 51,66,28 54,67,32 52,68,36 60,75,35 67,81,36 68,84,32 
34,34,33 50,50,50 61,61,61 61,62,62 60,61,58 35,36,35 34,35,35 33,35,33 33,34,33 35,41,39 25,30,24 23,26,21 38,43,41 29,35,34 29,30,32 44,44,55 40,43,38 53,53,60 72,66,82 50,48,50 56,49,68 50,47,61 36,36,36 32,34,32 32,30,34 23,23,18 34,41,22 35,39,26 36,45,27 49,58,39 39,48,35 32,41,25 35,45,29 32,38,29 37,47,30 29,35,28 56,73,37 60,80,29 31,40,27 29,38,27 44,56,28 59,76,27 56,71,26 44,58,30 40,52,31 69,81,34 60,72,38 50,64,34 63,78,35 63,77,36 
44,45,41 42,45,42 47,46,49 48,47,50 42,42,44 48,51,51 46,50,44 38,43,36 62,62,71 33,37,32 33,35,31 23,21,19 40,42,43 54,58,73 35,38,36 46,43,61 48,50,52 60,58,69 56,53,58 40,41,41 41,39,45 46,43,50 38,41,38 38,39,39 46,43,52 27,28,23 36,46,23 47,50,33 45,52,37 39,46,31 32,40,24 39,53,27 39,48,33 35,42,30 42,53,38 36,45,32 49,64,35 51,70,30 31,43,27 31,41,26 35,43,27 45,57,27 42,56,32 38,51,32 48,60,34 65,78,37 78,88,38 54,63,36 42,53,35 60,74,42 
39,38,36 50,52,52 27,32,22 43,45,39 42,43,36 29,31,23 34,35,29 31,35,23 53,57,49 69,73,70 29,34,26 21,24,19 75,75,78 70,71,84 26,34,22 41,39,51 107,103,127 51,48,54 41,42,38 38,41,37 69,64,85 39,39,44 28,30,25 32,32,28 48,46,54 32,36,28 51,56,52 44,46,45 35,37,36 35,39,27 51,62,36 39,48,33 37,49,30 44,57,31 53,68,40 38,51,36 39,51,32 40,53,32 28,38,24 27,35,24 32,39,27 41,51,30 36,46,30 42,54,34 61,72,49 62,69,56 48,60,38 41,52,34 46,59,32 53,65,34 
93,87,106 58,55,59 28,30,25 28,29,23 43,46,37 51,53,51 29,32,24 48,50,51 34,38,31 34,40,25 32,39,24 27,32,23 28,31,23 46,50,45 22,28,19 45,46,51 88,83,114 67,63,77 67,67,78 32,36,28 49,49,52 59,57,75 58,55,72 39,39,39 35,35,36 31,30,28 57,55,71 55,54,65 34,41,26 41,48,28 45,55,33 35,46,27 38,48,31 44,57,36 51,68,41 39,51,38 35,46,32 29,40,25 29,39,24 27,33,25 29,33,23 35,44,28 35,46,26 45,57,31 54,66,42 66,75,65 49,56,34 50,63,36 53,63,34 63,77,47 
67,62,72 65,59,74 41,38,39 38,38,36 36,39,32 35,39,30 27,30,21 44,47,37 33,33,30 31,34,27 33,37,22 25,33,22 29,33,26 34,39,32 27,36,24 28,35,22 44,49,42 77,68,95 71,66,91 58,56,72 68,64,84 84,77,107 63,58,83 35,36,37 31,32,30 52,48,61 46,47,48 41,43,42 38,47,30 49,62,35 44,55,34 31,38,26 46,62,31 44,60,30 53,67,46 37,51,29 32,44,23 28,39,22 26,35,21 23,29,18 38,47,29 36,42,26 40,51,29 54,66,41 68,81,53 61,75,55 103,106,107 44,56,26 70,83,60 72,88,50 
49,49,46 34,34,29 43,41,43 47,44,48 43,43,36 38,38,34 20,20,19 28,31,21 33,38,26 25,24,23 43,37,39 22,23,18 26,24,23 34,39,34 32,40,32 40,46,45 36,41,39 65,63,82 40,43,43 40,40,45 54,49,75 48,47,58 31,35,29 46,45,55 34,36,32 30,28,28 80,73,68 45,46,36 46,56,36 54,67,34 56,73,35 32,40,23 43,54,32 53,68,35 50,67,39 36,47,31 30,39,20 24,32,18 27,34,19 26,36,17 31,40,23 28,32,18 43,53,35 43,55,33 67,81,59 83,91,87 121,123,134 55,64,40 74,88,62 65,78,53 
73,69,84 50,46,64 29,27,26 35,31,37 47,42,53 44,43,47 35,35,28 55,55,59 29,30,27 31,31,33 76,73,85 23,21,21 28,25,24 32,40,29 41,46,44 34,41,35 35,42,37 42,43,41 39,43,32 35,38,28 63,60,73 32,35,31 34,35,30 38,38,31 34,34,27 33,31,30 57,57,47 38,40,30 34,39,25 52,64,45 49,63,40 32,38,23 31,40,26 35,45,27 42,54,36 26,34,21 26,34,20 24,29,18 30,39,25 34,49,25 39,50,28 45,56,34 40,48,32 50,62,39 70,85,41 69,84,56 102,110,106 73,87,59 74,87,55 65,79,47 
95,85,92 67,61,71 24,21,23 47,41,50 22,20,22 25,25,23 19,18,19 34,31,35 45,43,50 56,57,64 44,43,46 24,23,23 27,23,21 33,42,26 37,45,37 25,33,20 28,35,22 36,44,28 62,66,61 38,40,37 46,43,39 35,37,31 27,32,23 30,31,24 48,45,41 36,37,31 44,48,34 29,35,20 33,40,22 35,43,27 45,60,36 30,33,21 22,25,15 40,50,33 47,56,43 29,38,23 22,27,16 22,25,19 18,21,15 28,37,22 39,49,35 38,48,33 35,43,26 44,55,27 70,83,50 69,82,51 80,94,63 76,90,60 79,94,70 76,95,61 
21,19,16 34,34,28 60,60,58 33,35,25 34,32,25 41,39,43 52,51,50 32,31,30 44,46,42 57,58,63 72,74,80 35,34,39 26,24,20 40,51,32 35,44,34 27,34,21 27,29,20 105,106,106 141,141,146 147,147,156 71,69,70 43,42,31 38,40,29 35,39,24 49,45,39 30,32,26 31,37,23 34,45,24 35,41,27 30,36,22 39,49,27 46,61,29 51,68,32 34,41,26 54,59,46 27,30,22 27,28,22 27,30,20 33,35,26 25,34,17 26,34,18 28,34,18 38,44,28 58,71,40 68,82,50 98,116,62 96,111,83 80,92,64 94,106,89 69,88,58 
31,34,22 41,45,30 43,47,32 62,61,65 40,41,36 85,78,94 33,34,28 42,45,35 35,39,27 81,83,87 86,88,93 36,36,37 24,22,20 37,44,30 36,41,29 27,26,22 58,55,52 117,117,118 135,135,140 153,152,160 132,131,139 36,38,28 40,41,31 39,42,28 39,40,30 29,33,24 34,45,22 37,49,26 38,48,28 31,37,23 41,54,28 44,60,32 60,80,33 49,64,30 35,42,24 35,40,26 33,35,26 27,32,20 27,36,18 27,36,19 28,39,19 34,44,23 41,48,35 43,51,35 59,70,39 65,80,43 72,88,53 63,75,48 61,71,50 61,79,51 
49,46,56 27,27,20 44,46,39 128,122,138 113,108,123 112,107,122 115,110,127 41,38,40 52,50,51 36,37,34 59,64,58 32,33,27 24,23,22 36,40,31 30,29,26 29,29,22 53,55,47 110,109,104 118,116,116 129,125,128 116,114,116 43,45,34 32,34,24 33,39,25 39,42,31 31,35,28 42,55,27 34,39,28 38,49,29 41,48,33 43,56,30 41,57,28 48,59,34 62,83,36 41,51,24 36,46,25 43,42,36 23,25,17 25,32,18 32,40,23 36,44,25 32,38,22 32,37,21 47,55,31 50,61,33 53,64,37 81,92,84 80,94,71 69,83,56 63,81,45 
145,140,152 37,34,36 42,39,35 77,71,80 72,67,71 96,92,98 79,76,78 71,69,69 64,62,62 39,39,34 40,41,33 31,30,27 23,21,21 41,40,33 32,31,27 43,41,38 56,56,56 68,69,57 100,96,88 106,100,93 62,61,53 70,67,61 39,43,29 38,44,28 43,54,32 38,48,30 44,60,31 45,63,30 41,58,31 49,72,31 42,56,29 50,64,38 38,42,32 65,85,36 78,104,42 56,74,29 35,40,19 25,27,16 27,32,19 29,33,18 30,33,19 36,40,23 45,53,33 44,48,26 59,72,46 67,81,59 102,117,99 58,72,49 69,84,60 60,78,45 
72,70,57 37,37,26 34,33,22 50,48,40 44,47,28 61,62,51 57,60,46 65,68,56 58,60,50 61,62,52 49,50,45 39,37,36 23,22,21 42,34,29 54,53,50 48,48,43 51,50,47 34,37,27 49,48,42 44,43,37 43,44,35 61,61,54 49,52,40 48,53,39 39,48,29 36,45,29 30,34,25 45,64,30 43,61,34 52,72,37 42,63,26 51,63,40 36,41,23 38,49,25 54,75,23 54,73,25 62,81,24 33,37,17 39,42,22 42,47,24 51,52,30 50,51,30 77,78,60 54,58,31 63,74,48 68,84,51 70,84,54 46,58,29 53,67,37 53,65,31 
62,64,40 62,58,43 68,59,50 50,49,33 56,50,38 79,70,70 50,51,33 54,59,38 51,53,34 65,63,47 71,71,59 56,57,47 24,24,22 38,31,26 82,78,75 54,55,48 49,50,43 35,38,25 56,58,52 62,64,57 61,61,52 95,91,86 72,75,61 63,72,50 49,60,36 42,57,33 37,44,26 52,69,36 47,54,36 40,49,31 47,64,31 52,70,33 53,68,31 24,22,18 46,54,29 46,50,31 48,52,33 55,59,33 83,86,61 41,46,22 76,81,43 74,76,43 120,119,94 91,99,72 81,87,58 78,86,61 60,70,49 51,62,31 53,62,32 48,57,29 
104,86,79 103,93,83 121,106,103 104,94,90 103,84,81 86,75,68 110,88,85 130,90,93 97,79,77 105,89,84 91,79,74 72,69,54 30,28,27 38,35,28 93,98,77 84,80,70 52,56,42 68,71,56 107,104,101 131,127,127 98,95,89 148,140,138 125,120,111 116,110,100 80,93,64 39,51,30 40,54,29 54,55,45 45,58,36 49,55,40 57,68,43 57,69,44 43,45,33 25,24,22 48,48,36 87,85,67 93,93,77 102,105,75 123,137,101 95,102,66 102,105,68 101,105,68 108,111,96 97,96,87 102,98,88 105,105,86 83,94,89 69,82,54 75,79,55 83,96,68 
145,126,132 155,140,141 119,114,112 156,147,153 112,103,109 129,116,125 106,101,105 90,74,82 120,108,115 146,135,141 107,102,105 132,122,127 45,43,42 38,35,31 139,135,128 168,155,152 143,137,135 142,136,131 143,136,137 103,101,104 123,115,116 183,172,169 77,80,79 57,52,55 108,106,91 39,42,33 49,53,44 65,63,58 53,56,48 51,51,47 120,118,117 41,39,46 44,39,44 26,24,27 47,45,34 134,129,117 107,105,85 90,96,62 96,110,79 99,108,76 111,114,80 107,108,87 80,81,76 71,75,74 86,91,90 90,104,66 87,95,90 94,102,84 118,120,109 100,109,91 
137,135,110 155,153,124 132,138,90 148,144,127 118,102,107 135,117,125 125,110,117 102,80,84 124,111,116 125,112,116 101,93,102 136,126,131 60,57,58 29,28,26 133,126,123 159,152,142 176,169,168 178,169,169 164,156,159 145,140,145 154,143,145 182,169,164 131,124,121 122,110,109 97,100,82 55,65,51 65,66,73 65,67,72 61,62,72 60,59,60 130,125,132 50,48,51 55,52,54 25,22,24 58,48,47 159,149,152 127,116,117 101,100,81 79,80,57 89,93,61 122,120,106 121,117,117 111,99,93 111,100,101 119,109,107 109,100,83 105,114,78 114,111,90 122,114,106 119,115,109 
85,90,46 123,130,86 112,122,66 138,134,114 115,105,106 138,122,129 138,120,124 123,102,105 148,118,119 139,118,121 138,122,122 130,118,119 88,84,86 34,31,28 105,102,92 122,118,97 175,162,157 194,182,181 177,166,166 176,166,170 183,170,168 181,167,165 181,168,163 177,164,154 124,122,124 27,47,87 44,61,98 39,57,96 29,48,88 101,99,109 154,146,152 125,117,120 144,134,137 34,29,33 109,103,108 162,152,156 173,160,163 131,123,129 90,87,72 99,97,78 169,159,155 109,95,99 95,81,86 99,87,88 113,102,96 117,115,87 110,115,73 130,124,101 143,130,124 146,130,125 
49,55,19 67,78,24 114,116,72 138,119,112 151,129,128 149,127,128 151,130,127 147,132,125 143,139,117 147,141,122 147,145,131 144,147,118 96,94,78 29,28,26 109,109,96 168,165,155 167,161,158 146,144,116 151,146,141 154,148,147 154,143,135 154,148,135 131,127,111 145,138,116 101,105,109 56,69,106 42,62,108 31,52,104 49,64,103 152,144,146 171,158,158 155,146,152 173,156,154 42,37,39 136,128,134 118,113,119 123,111,111 106,98,101 101,89,84 113,109,102 120,115,109 132,132,135 98,99,88 113,111,100 123,126,93 123,123,92 115,122,75 121,129,85 122,127,100 111,117,89 
38,41,19 62,73,25 108,116,61 131,126,88 145,139,111 135,141,104 136,140,103 137,141,101 141,148,101 138,147,98 148,159,103 155,169,105 99,105,71 29,29,26 108,119,77 142,158,98 139,154,94 138,152,89 135,150,90 135,145,109 135,150,90 131,144,84 127,142,80 128,141,79 85,97,87 47,67,114 40,64,116 32,59,114 49,66,112 130,134,117 136,138,119 139,136,128 152,145,143 43,38,41 124,112,114 119,109,111 117,109,111 110,108,97 110,104,89 94,99,78 89,97,64 92,103,63 96,106,63 99,111,63 111,120,67 106,115,63 108,116,66 119,131,73 121,132,77 124,138,81 
38,35,25 123,135,71 134,144,86 126,139,82 133,142,91 141,149,98 139,148,100 144,152,105 150,157,106 149,158,106 154,160,106 159,169,106 133,141,89 32,30,28 102,111,70 149,166,99 140,156,91 139,154,89 141,155,91 137,144,107 142,154,88 140,153,87 138,152,84 140,153,83 99,117,98 51,75,125 57,79,127 53,77,129 51,74,123 122,140,91 124,144,82 113,131,79 127,131,105 30,27,28 129,118,123 144,133,136 144,138,142 141,137,144 116,121,113 113,126,95 98,116,61 105,121,66 113,126,70 119,130,74 125,133,72 111,117,55 113,122,71 124,135,76 134,144,84 138,146,87 
77,78,51 145,155,95 148,154,100 151,156,103 147,152,99 145,152,97 140,152,95 133,147,93 128,142,90 127,135,88 130,145,87 144,161,92 145,163,93 34,32,28 84,90,56 143,161,91 134,152,83 133,151,82 134,150,82 135,145,108 132,151,82 130,149,80 127,146,79 131,147,78 90,113,99 51,79,133 58,83,133 60,84,134 48,73,129 117,138,85 127,146,82 128,148,82 121,139,77 40,39,30 91,89,82 115,116,103 135,128,127 159,149,157 150,143,149 164,159,166 118,119,121 152,158,139 99,108,71 105,117,63 94,106,51 78,87,35 78,86,32 82,95,35 123,135,73 130,138,78 
85,88,52 126,134,76 149,155,100 144,150,97 138,146,93 132,145,87 130,144,84 126,141,79 130,144,83 135,151,85 135,152,83 137,156,85 140,160,86 51,51,39 59,61,40 125,148,76 119,139,71 120,140,72 121,139,72 125,139,99 115,136,67 114,137,67 113,135,65 114,135,65 83,109,95 16,57,131 48,78,138 61,88,143 46,75,131 105,124,77 101,123,70 105,125,70 108,128,71 62,64,40 81,75,65 103,100,89 112,115,98 157,147,154 152,142,146 153,144,151 152,145,152 140,135,142 124,123,131 184,185,182 104,113,90 102,116,69 97,115,55 95,114,55 106,121,64 113,127,68 
68,73,41 124,137,79 125,141,81 123,139,79 119,137,75 120,135,75 123,138,78 116,134,74 114,131,73 106,125,66 101,123,65 96,118,61 98,121,63 60,62,45 47,45,33 94,120,61 92,114,57 91,112,54 96,116,58 115,127,95 93,115,54 90,112,52 85,106,49 88,110,52 86,104,64 56,61,58 89,100,64 95,116,58 86,104,56 91,111,61 90,110,64 92,111,63 93,112,63 70,75,44 64,49,41 80,96,53 103,107,81 130,124,123 118,117,102 147,138,142 146,137,144 145,136,143 143,136,141 141,135,140 114,110,113 143,143,148 169,171,167 99,111,90 88,103,62 88,107,57 
38,43,27 59,72,35 68,83,39 79,95,46 92,108,57 96,113,63 96,112,65 89,106,59 82,100,51 83,102,51 83,102,53 85,104,53 87,106,53 62,66,40 49,44,38 83,102,52 86,103,54 84,103,50 83,101,48 106,116,90 82,101,48 84,104,50 84,102,49 82,101,47 79,96,52 80,85,53 94,90,63 83,103,48 81,98,55 83,101,54 82,99,55 81,98,57 81,96,53 76,83,46 69,36,35 75,87,46 80,98,53 89,92,61 109,102,94 129,121,129 137,129,134 139,130,136 140,131,136 140,131,135 136,128,131 131,124,124 134,128,129 103,99,100 82,80,88 134,137,137 
68,62,57 49,58,29 57,69,36 61,75,37 65,81,40 75,90,47 78,93,47 77,95,48 76,92,49 74,89,48 73,89,48 80,96,52 79,96,51 72,77,49 84,73,67 81,96,52 76,92,45 75,91,45 75,91,45 104,113,89 78,94,47 80,96,46 75,91,45 73,89,40 69,83,48 70,79,42 95,49,41 75,92,44 74,89,52 80,96,51 78,95,49 80,94,51 78,92,47 71,85,41 77,59,50 81,86,56 77,95,49 78,96,50 87,100,59 106,96,82 125,116,118 129,120,125 136,125,130 138,128,131 139,129,131 136,126,128 129,120,121 130,120,121 127,117,117 136,128,127 
69,53,50 48,55,30 47,57,29 57,67,38 67,82,42 66,80,42 69,84,45 69,84,43 71,84,48 73,89,47 72,85,47 73,88,48 75,89,49 70,74,45 74,46,45 73,74,45 74,88,47 75,88,45 74,91,45 101,110,88 69,85,44 73,87,41 73,88,44 72,86,41 71,82,49 71,81,42 106,72,64 76,87,46 70,83,49 78,87,48 76,91,46 74,83,47 68,78,42 68,76,42 75,73,48 95,88,71 70,77,51 75,91,42 76,90,46 80,93,53 101,96,81 115,109,112 112,103,109 113,102,107 126,114,119 128,116,118 135,124,124 134,123,122 131,119,119 129,117,117 
65,26,29 49,53,34 60,73,42 63,75,45 62,73,41 63,73,43 62,73,43 66,80,43 64,77,41 62,76,41 69,85,45 68,83,46 71,86,47 72,78,46 72,43,43 86,83,60 74,81,49 68,79,44 63,76,42 97,105,87 73,83,47 68,80,43 67,79,45 72,84,46 70,76,51 66,75,48 103,91,82 75,81,60 75,81,63 79,90,48 87,87,57 85,83,56 77,80,49 79,77,51 83,75,53 92,84,62 78,81,62 70,83,43 81,92,52 84,94,54 88,100,62 104,100,91 113,106,108 114,105,107 122,110,113 128,115,118 131,119,121 133,122,122 136,124,124 136,124,124 
77,45,46 63,66,42 55,65,40 59,67,43 55,61,41 61,70,44 64,73,45 62,75,42 62,75,41 65,78,45 68,83,44 65,79,46 72,81,52 69,71,49 77,60,55 86,78,66 67,70,49 66,68,46 65,74,45 99,99,90 84,81,49 73,74,49 76,78,50 89,84,61 99,95,86 84,75,68 80,76,56 79,81,51 112,107,92 94,97,66 110,97,77 100,92,68 90,90,59 95,90,65 104,95,75 111,98,86 119,106,94 108,101,82 108,102,82 120,111,102 112,105,88 120,111,106 120,112,113 116,107,110 115,105,108 125,115,118 142,130,131 143,132,131 146,134,134 148,135,135 
89,73,72 63,56,46 51,56,37 60,67,44 62,71,44 63,72,44 64,72,44 66,74,45 69,77,47 74,78,51 72,73,52 65,67,47 80,73,61 74,62,54 77,66,59 93,75,65 93,80,67 97,84,68 92,85,64 116,107,104 115,99,87 117,99,85 119,100,84 117,100,83 119,105,91 116,103,84 110,97,76 110,93,77 116,100,87 117,106,91 131,116,107 126,112,105 120,111,105 123,114,114 116,105,97 126,112,104 126,115,107 129,118,112 126,116,112 137,125,118 135,122,116 122,109,106 115,107,108 110,102,103 108,98,100 110,102,102 109,103,102 119,108,108 131,117,116 139,125,125 
97,81,78 73,62,53 67,60,50 65,65,47 65,69,48 57,63,41 64,64,44 71,65,50 83,76,59 90,77,64 94,81,67 96,80,70 92,75,67 98,77,66 78,62,55 105,85,72 119,98,85 122,102,88 125,105,89 143,137,145 127,111,100 123,106,93 127,110,98 126,111,99 135,120,105 125,112,102 116,105,93 118,104,96 126,112,103 126,117,112 122,113,113 120,111,113 120,112,113 124,114,114 115,103,99 115,106,102 129,116,108 133,120,112 130,119,113 130,119,114 130,119,114 128,112,110 114,101,101 110,100,100 103,95,98 105,96,97 102,95,94 103,95,96 110,102,102 118,105,105 
82,70,63 72,60,54 87,75,66 86,76,63 77,69,56 83,73,59 92,77,68 105,87,79 98,83,71 107,89,80 119,102,92 109,90,81 99,80,72 96,77,68 107,89,78 121,106,94 122,105,91 119,104,94 119,107,100 140,136,145 125,116,114 122,112,109 126,114,109 130,118,111 128,115,105 126,117,113 108,103,94 108,102,96 114,106,95 116,106,99 110,102,96 107,96,91 110,98,94 103,94,90 106,95,92 102,90,89 106,98,96 111,102,100 111,104,103 107,102,103 113,107,108 111,100,104 111,97,98 111,100,100 104,94,97 103,93,95 106,99,98 105,98,97 113,106,107 113,107,106 
80,67,57 91,78,68 95,83,71 92,81,71 93,81,71 94,82,72 97,82,74 110,94,86 114,99,90 114,95,88 118,101,93 111,96,90 102,91,86 100,90,83 115,103,95 120,107,98 117,106,100 114,101,91 106,94,90 127,121,127 115,107,108 122,113,113 118,110,106 114,108,105 106,98,91 107,98,92 104,96,89 112,103,100 112,99,94 105,97,91 106,98,96 100,92,89 102,93,94 98,89,90 99,91,90 109,92,93 107,95,95 105,97,98 104,97,97 103,97,98 104,95,97 102,94,97 102,92,94 116,104,105 107,98,99 103,94,98 101,93,94 108,99,99 111,104,104 114,107,108 
93,79,68 96,83,73 93,82,72 96,86,77 100,87,80 105,95,88 109,97,94 114,103,101 116,104,99 114,103,100 109,98,94 112,102,101 123,111,112 106,96,94 116,105,101 117,107,102 115,107,104 114,104,95 113,101,91 124,119,123 99,88,86 95,87,83 94,88,85 90,83,80 89,83,81 89,84,82 92,87,84 103,93,91 117,99,99 99,92,90 98,93,91 95,88,85 96,88,86 100,92,91 100,92,92 101,92,92 108,90,92 108,96,98 108,100,100 111,103,105 105,97,99 105,96,99 100,91,95 119,108,107 124,109,110 107,100,102 114,107,108 116,108,110 113,107,107 113,107,107 
104,91,89 105,95,93 102,91,88 103,93,92 99,88,84 93,83,79 99,89,85 104,92,90 102,92,88 106,96,94 107,99,96 106,97,91 107,97,91 102,94,87 98,91,84 102,95,89 93,87,83 91,85,83 88,82,78 116,110,114 105,92,90 96,88,83 89,84,82 90,85,84 90,85,84 95,90,86 92,87,85 93,88,87 111,95,95 108,96,96 98,93,92 101,95,92 97,90,90 101,93,93 104,96,95 100,93,93 103,93,95 108,89,92 101,92,93 98,91,92 103,96,98 102,94,97 104,95,99 107,99,99 118,107,107 104,97,96 109,103,104 122,115,116 123,117,115 119,114,112 
101,90,91 106,94,95 94,84,80 101,92,89 104,95,90 98,90,83 101,90,82 97,85,80 97,86,79 97,86,82 93,83,79 100,86,85 101,91,89 93,86,82 89,85,78 90,84,80 88,83,79 90,85,80 90,82,78 107,100,101 103,92,89 96,89,84 91,88,86 108,103,100 93,88,85 92,87,84 95,90,88 94,89,84 103,90,91 112,93,93 101,95,97 102,96,98 99,91,91 101,94,94 103,95,94 106,97,99 103,95,97 106,91,94 108,90,93 96,89,91 96,90,92 99,93,95 101,95,98 99,95,97 107,98,97 118,109,109 106,100,101 110,104,104 115,108,109 119,112,112 
91,80,75 92,81,75 100,89,83 94,84,80 88,81,76 87,79,74 89,81,77 93,84,81 96,90,85 91,84,82 96,83,83 104,88,88 100,92,90 89,82,79 88,83,79 87,82,77 89,84,79 90,85,81 94,87,82 93,85,83 110,94,92 95,87,86 94,89,88 96,90,89 95,90,88 96,90,88 98,92,90 92,88,86 101,94,95 113,93,95 107,98,99 101,96,98 100,94,96 100,92,93 106,98,99 106,98,100 106,98,101 100,93,95 106,90,94 107,92,95 94,88,91 96,90,94 97,93,95 95,88,92 102,94,95 122,107,106 109,101,101 112,105,105 105,99,99 113,105,105 
89,78,76 91,80,80 95,87,85 97,90,88 92,87,84 91,84,83 91,85,84 89,82,82 87,81,80 90,84,83 104,88,88 111,96,96 96,88,86 89,84,80 96,92,89 90,86,82 90,85,81 89,84,83 99,92,88 101,90,89 116,98,98 93,87,84 93,88,87 98,93,92 96,90,88 94,89,88 97,92,90 95,91,90 103,98,98 108,90,92 108,92,94 98,92,95 100,94,96 101,92,94 104,96,97 109,102,104 101,95,98 99,92,95 103,94,98 108,90,93 106,95,97 100,95,97 97,93,97 93,89,92 93,87,89 116,104,104 127,110,110 101,95,98 61,60,60 95,91,91 
95,79,81 98,90,88 98,94,91 96,91,89 97,91,90 97,90,90 96,91,89 94,89,88 90,84,84 100,89,88 121,100,103 103,95,92 96,88,87 99,94,91 99,93,90 97,93,89 91,86,84 95,90,88 101,93,91 109,95,95 119,98,100 96,90,89 98,92,91 94,89,89 99,93,92 95,90,89 99,94,94 103,99,102 104,102,102 108,94,97 111,92,96 101,94,97 104,99,100 103,96,99 103,97,98 113,107,111 105,100,104 107,101,102 95,89,93 99,90,93 106,88,92 104,94,97 100,96,98 97,92,97 93,89,92 100,92,93 116,103,102 102,95,96 80,56,57 102,98,99 
82,72,74 238,235,228 238,235,228 235,229,214 235,230,221 238,235,228 238,235,228 206,203,197 95,88,90 113,96,97 115,98,100 97,92,90 100,93,91 98,93,90 101,95,92 94,89,87 95,89,86 98,90,87 105,96,95 117,103,104 116,95,97 100,94,96 94,89,87 92,89,89 95,91,92 100,95,96 101,96,96 102,98,100 96,94,96 106,98,101 110,92,95 114,103,106 114,108,111 119,111,115 100,95,98 102,96,99 109,95,98 108,101,105 101,95,97 102,97,100 102,88,90 102,89,92 108,102,104 103,97,98 109,102,102 111,105,106 124,117,119 128,120,123 64,62,64 136,130,134 
80,74,72 239,236,228 238,234,224 232,224,202 220,195,145 235,229,214 238,235,228 206,203,198 104,92,94 116,96,99 107,95,95 100,94,91 101,95,93 101,96,93 96,92,91 95,91,90 100,93,91 97,92,89 97,92,91 112,96,97 118,98,99 97,91,92 93,88,87 96,92,93 100,97,100 98,93,93 98,92,93 103,99,102 98,94,97 111,107,112 109,93,96 117,104,109 119,111,103 119,118,113 111,104,107 103,96,96 102,95,96 102,95,96 101,95,96 115,109,111 123,116,120 126,120,124 122,115,118 124,118,121 127,121,123 123,117,121 145,139,141 153,147,152 63,62,63 127,121,127 
82,76,75 236,232,225 236,231,218 227,220,202 194,180,150 231,223,201 226,218,197 195,189,177 119,99,102 112,96,97 102,95,94 106,96,94 100,95,92 101,96,93 99,94,93 96,92,90 97,93,91 97,93,90 96,92,92 118,101,103 108,95,98 97,94,96 94,91,93 97,94,97 101,98,102 98,94,95 97,94,96 97,92,94 102,96,99 105,101,104 107,98,100 107,99,101 100,94,91 109,105,101 119,114,110 117,110,111 131,126,130 117,112,116 134,127,130 146,141,146 141,134,139 120,113,117 109,103,108 120,114,118 126,120,125 117,113,118 114,107,114 127,122,129 49,48,49 138,134,138 
82,79,77 239,236,228 233,226,205 229,224,202 223,215,194 230,222,203 222,215,198 196,188,174 108,92,94 109,97,98 103,98,97 98,91,91 98,94,92 98,94,94 93,89,89 97,93,92 97,93,91 96,92,90 103,97,98 114,94,96 118,104,109 95,91,92 97,94,96 92,92,94 109,107,111 102,97,97 105,103,105 102,99,102 105,100,103 124,120,123 126,123,126 134,128,127 135,132,136 116,110,113 125,119,120 130,125,130 143,139,145 120,115,120 143,138,142 138,131,137 116,109,116 113,107,113 112,108,116 113,108,115 119,114,120 142,138,142 154,149,154 146,140,145 68,67,67 141,136,140 
85,80,78 237,231,220 232,223,197 228,226,203 229,223,205 235,226,208 233,224,200 202,194,178 124,104,109 98,92,91 101,95,95 106,101,101 97,94,93 102,98,96 101,97,97 98,95,94 99,93,92 109,103,104 104,97,97 116,97,99 112,101,106 90,86,86 103,98,99 105,104,106 111,109,112 125,125,130 133,133,141 141,139,146 139,137,145 130,128,134 131,129,135 122,118,122 128,124,128 121,117,121 138,134,138 130,126,132 108,102,107 100,96,106 108,104,113 112,106,113 136,131,137 147,142,146 149,144,148 36,36,36 39,39,39 53,58,61 113,114,103 75,78,61 42,42,42 146,139,143 
86,80,80 115,114,111 112,108,98 111,108,100 109,106,98 111,108,100 111,107,97 107,102,96 116,99,103 95,91,91 94,91,91 101,97,96 103,101,101 105,103,103 102,98,99 114,109,111 103,98,98 105,99,100 103,95,95 111,98,100 121,118,121 132,129,134 140,139,143 141,139,144 137,136,142 151,151,157 152,153,163 148,147,154 146,145,154 116,115,123 126,124,129 111,108,114 101,97,107 97,93,101 109,104,109 109,101,104 104,99,104 126,119,123 137,131,136 125,118,122 135,129,134 143,137,141 139,134,137 63,61,62 66,65,66 72,70,71 106,103,93 88,89,79 74,73,74 129,122,125 
85,78,80 62,62,62 64,64,64 40,40,40 30,30,30 30,30,30 30,30,30 37,35,35 99,92,93 97,93,94 100,96,96 100,97,97 105,99,99 110,104,104 105,99,100 105,99,100 110,106,107 125,122,123 131,128,130 119,116,121 145,143,149 144,142,147 137,134,140 134,132,136 137,136,143 149,150,156 155,155,164 145,145,153 120,117,128 104,103,113 101,100,107 115,114,121 123,119,125 118,115,119 133,127,130 117,111,113 115,109,111 95,91,94 93,91,93 82,79,82 85,82,84 80,77,79 90,88,89 83,81,82 84,82,84 81,78,79 85,82,84 98,96,97 95,92,93 84,81,82 
