98,103,93 80,88,71 112,118,112 73,73,66 70,76,64 98,100,96 70,74,58 74,76,68 137,137,137 122,125,115 81,87,56 68,75,44 78,87,57 108,112,92 79,84,68 146,145,149 62,70,42 160,164,154 70,74,59 65,68,62 71,77,57 33,31,24 135,136,144 105,111,96 73,78,62 65,75,48 144,150,144 183,184,192 147,151,157 87,94,79 56,63,36 98,104,92 214,214,219 209,209,212 51,47,51 87,91,84 85,91,83 223,222,228 116,116,114 90,91,78 54,59,25 85,84,80 185,182,190 86,88,73 124,123,119 90,88,78 90,89,77 97,91,89 101,96,90 117,110,109 
71,71,71 70,70,71 62,63,64 63,63,64 49,49,49 65,65,66 44,43,44 52,53,51 52,52,49 68,79,44 56,66,24 77,83,58 56,64,28 51,59,22 101,106,92 143,147,139 96,100,86 138,145,127 157,158,162 73,74,62 96,101,91 55,52,41 118,124,117 142,145,146 77,83,60 78,87,56 86,96,71 126,133,131 92,97,87 67,74,50 86,91,74 152,153,165 99,102,105 124,129,131 58,54,52 63,65,47 85,88,84 127,128,132 53,55,35 48,52,27 57,64,32 99,98,94 92,94,82 81,84,64 74,75,47 73,72,53 78,73,65 67,66,52 98,96,91 77,75,67 
59,59,57 94,94,94 112,112,113 120,120,121 93,92,93 123,122,123 98,97,98 117,117,116 91,91,91 97,104,88 105,111,92 72,77,51 49,60,15 58,69,28 86,93,66 113,121,96 89,94,67 67,75,29 159,160,168 54,57,31 66,68,53 58,56,39 94,100,72 117,121,106 58,67,29 60,69,40 55,67,23 67,76,51 112,119,103 98,102,95 72,77,60 68,72,63 116,120,128 148,153,165 54,51,44 82,83,74 66,65,58 60,62,46 50,52,29 42,41,25 56,60,36 91,91,85 76,77,60 75,77,56 66,68,44 57,54,39 54,50,35 66,66,49 115,106,118 116,106,111 
50,51,47 48,49,44 75,76,76 78,78,78 61,60,61 63,62,63 56,54,57 79,79,79 72,72,73 150,154,145 123,128,113 111,110,100 89,92,76 60,69,33 72,79,42 83,94,49 64,74,28 69,79,29 103,110,86 88,93,61 34,36,20 61,61,43 89,98,47 77,78,58 67,75,40 54,64,24 61,71,32 72,78,54 111,116,111 100,104,99 69,75,61 49,54,30 77,84,73 86,95,96 44,45,31 65,68,50 51,51,28 74,73,61 72,71,56 48,50,28 49,49,32 53,52,31 49,53,26 54,60,30 57,57,36 102,98,100 90,87,81 119,118,116 172,163,175 137,128,141 
39,41,34 60,62,57 93,93,93 95,95,95 93,93,93 44,43,45 52,51,52 74,74,74 72,72,73 113,118,103 66,76,42 60,68,37 84,90,69 78,84,61 86,89,65 82,90,62 54,65,21 69,78,32 72,83,25 90,97,64 61,65,33 43,44,25 74,80,41 70,72,44 69,79,39 53,64,20 51,60,20 55,62,28 64,73,47 116,120,120 72,79,67 72,76,61 45,49,28 53,66,43 68,69,66 91,92,84 53,56,32 56,57,40 54,55,40 49,49,38 53,50,39 56,51,36 49,49,29 57,58,38 104,102,101 179,175,182 124,122,122 135,124,140 196,191,200 202,197,204 
59,70,40 67,75,61 210,215,216 212,217,217 186,190,189 145,142,145 67,64,66 161,162,158 130,135,112 191,191,187 158,162,153 104,105,99 85,91,67 52,62,22 46,54,18 98,104,80 55,66,23 55,63,23 61,73,23 130,134,113 77,83,46 50,53,23 78,84,49 69,76,35 57,64,23 55,62,22 49,57,18 54,60,26 59,65,42 93,97,97 69,73,63 58,66,41 51,55,36 46,55,32 61,61,58 92,91,83 60,59,42 47,47,32 68,67,59 64,62,54 50,47,35 67,61,55 84,80,77 131,125,137 128,125,133 107,102,104 122,121,121 167,163,171 217,214,220 225,223,229 
76,85,58 92,100,86 213,218,219 239,246,246 171,175,170 150,154,148 66,60,60 165,166,163 126,126,111 90,99,66 169,171,169 122,122,113 65,73,37 47,56,17 45,55,17 85,92,65 79,88,44 64,73,33 79,85,49 94,100,54 74,79,37 52,55,23 73,80,37 57,66,25 70,78,31 51,59,19 56,64,21 54,59,32 80,83,79 135,137,150 79,84,70 63,70,50 70,77,61 111,117,111 69,70,68 61,58,47 59,59,39 54,54,39 93,93,85 104,101,99 115,112,114 148,142,156 90,82,86 99,94,99 89,84,86 121,116,121 104,100,97 196,193,200 232,232,234 245,245,247 
38,39,19 65,80,36 161,170,163 240,247,247 172,176,173 126,128,118 39,33,25 142,135,141 124,128,114 92,98,80 92,98,79 54,62,35 61,70,33 49,59,19 63,73,38 59,70,36 63,72,38 64,74,35 54,62,23 88,97,50 76,77,47 60,63,37 68,78,30 54,61,21 56,63,25 51,60,21 49,55,21 44,47,20 76,81,74 125,128,134 144,148,154 156,160,164 118,123,130 74,77,73 58,57,55 66,66,55 58,60,42 43,47,23 48,48,27 160,158,163 181,175,190 84,76,81 65,58,50 139,136,142 112,106,109 129,124,128 183,180,185 223,219,226 199,194,204 193,189,197 
48,56,24 48,49,32 201,208,202 242,248,248 207,213,209 96,102,79 53,52,36 44,39,34 74,75,63 128,128,128 166,169,165 65,68,48 42,49,20 49,60,21 69,78,45 81,86,62 87,93,71 67,77,49 71,79,45 84,92,47 53,50,29 88,89,61 73,78,45 51,59,23 54,59,29 56,63,27 57,64,26 76,82,55 65,70,52 96,99,97 81,88,76 123,129,120 100,103,111 121,120,128 84,80,87 56,57,42 62,64,50 60,63,45 52,54,40 115,111,119 77,73,76 91,87,88 101,98,98 109,103,111 174,171,179 243,242,244 241,241,243 239,239,242 249,250,252 236,237,239 
60,58,41 57,61,29 131,132,130 241,247,246 239,244,245 125,119,125 115,111,113 73,66,61 94,93,89 131,133,132 204,201,206 79,85,58 52,62,19 55,67,20 98,106,88 82,85,63 64,73,37 98,102,72 106,108,88 117,120,116 56,52,42 109,113,80 105,110,94 52,59,28 49,54,26 52,60,31 65,75,40 74,82,55 67,76,45 72,79,46 69,78,44 83,90,68 152,153,161 182,179,189 59,58,52 57,57,49 52,54,37 102,102,105 101,101,107 66,68,60 94,93,96 87,87,82 158,156,160 125,123,123 238,238,239 250,250,252 249,249,251 248,248,250 247,248,250 249,249,250 
99,112,73 57,61,31 40,35,30 206,210,210 226,230,230 155,152,150 126,122,128 112,103,102 57,53,48 156,154,159 178,178,180 89,88,79 69,80,46 70,81,50 72,77,55 73,79,50 60,69,36 70,80,49 87,91,68 138,139,138 62,55,52 103,107,92 102,107,92 55,61,25 68,73,51 61,74,48 67,84,54 68,82,42 65,77,37 59,67,32 57,66,29 130,135,125 179,180,185 155,152,158 52,50,45 85,85,80 56,57,43 77,74,75 115,113,120 174,174,179 187,187,191 250,250,251 253,252,252 252,251,252 250,249,250 249,248,249 248,248,249 247,247,248 246,246,247 248,247,246 
143,151,133 98,112,71 82,88,65 113,110,111 158,162,151 109,113,83 76,76,68 74,70,60 74,65,65 203,204,208 204,206,207 145,140,141 146,150,129 75,80,65 68,72,56 118,122,110 89,96,66 86,96,53 114,118,93 118,121,92 57,59,41 111,116,94 65,75,39 65,77,42 67,80,55 59,71,43 62,75,40 62,75,31 57,72,35 51,60,21 51,62,22 72,80,58 162,164,171 113,107,114 75,75,77 65,67,54 71,70,65 78,79,73 99,102,102 104,105,107 176,175,179 250,250,251 250,250,251 249,249,249 248,246,248 247,246,247 245,245,246 244,243,244 245,244,244 246,245,243 
86,97,64 94,108,77 123,136,108 66,60,59 103,110,95 109,114,85 93,92,84 124,126,112 49,44,36 219,222,224 239,242,244 134,128,130 128,129,112 70,78,56 114,119,113 166,169,169 108,113,96 109,118,62 155,159,134 86,92,44 53,54,35 91,102,82 68,81,49 62,73,45 63,72,40 52,59,33 55,65,31 56,69,25 56,68,28 50,56,23 55,67,26 86,93,77 107,115,110 66,69,61 69,69,69 65,65,61 107,110,113 107,110,107 173,175,179 169,171,174 227,227,229 246,246,247 247,247,248 246,246,246 246,244,245 245,245,244 245,243,243 246,244,243 247,246,244 246,245,243 
76,87,60 100,112,96 96,109,79 141,146,138 44,40,33 72,74,53 57,55,49 194,195,195 67,60,57 180,179,181 188,190,184 112,107,106 153,153,145 72,77,64 171,174,173 187,188,188 100,107,88 104,112,63 132,137,105 91,99,40 63,63,36 88,97,68 74,83,40 67,77,42 57,64,35 48,54,28 51,61,30 58,73,37 50,61,28 50,56,27 65,75,33 71,82,57 104,113,104 68,65,65 60,63,53 69,75,71 213,216,219 244,245,245 246,246,246 247,247,247 247,247,247 244,244,244 244,244,244 243,243,243 243,243,241 245,244,242 245,244,242 247,246,244 248,247,245 248,245,244 
103,114,106 94,106,88 105,117,98 143,155,137 118,120,105 36,33,24 42,42,26 102,112,77 89,81,78 175,170,175 142,146,138 107,101,103 212,209,212 122,122,120 155,159,156 179,179,177 102,108,90 125,132,105 145,152,136 83,92,43 65,59,37 92,102,68 67,80,45 65,73,38 55,59,32 56,68,37 57,73,41 59,72,37 62,76,48 69,83,30 63,72,34 94,102,87 140,145,146 81,82,79 104,105,106 192,195,203 225,227,228 238,239,238 244,244,244 245,243,244 243,242,242 242,241,241 244,244,244 244,244,244 245,245,243 245,245,243 247,246,244 248,247,245 249,248,246 247,246,244 
114,126,104 132,142,121 120,129,103 94,109,85 108,117,104 78,86,61 33,27,19 70,81,58 81,75,73 130,127,129 229,231,232 133,126,133 206,203,204 152,151,151 161,165,161 199,198,198 99,105,86 129,133,119 190,193,185 118,123,92 51,58,37 72,85,49 68,80,40 55,68,29 60,70,39 55,65,29 54,65,31 56,69,33 58,70,30 66,81,39 93,108,51 212,214,214 183,187,191 86,87,86 141,141,144 208,209,212 122,127,134 168,172,177 244,242,243 245,243,244 244,242,243 244,243,243 245,245,245 247,247,245 248,247,245 249,248,246 249,248,246 250,249,247 249,248,246 247,246,244 
89,108,64 123,140,93 77,90,67 87,101,74 85,99,81 106,119,86 48,40,27 65,71,50 53,50,40 102,100,100 214,215,219 125,117,124 181,179,179 134,137,134 120,128,113 188,187,186 89,98,80 89,99,78 106,116,102 95,108,74 56,63,37 61,74,43 63,73,34 67,75,41 63,70,36 58,72,42 52,65,31 53,62,30 58,73,28 62,75,30 68,79,39 167,172,164 196,199,203 120,120,120 149,148,147 217,217,220 160,163,169 225,226,228 247,245,246 248,246,247 248,246,247 247,246,246 249,248,248 248,248,247 249,249,247 251,250,248 251,250,248 249,248,246 249,247,246 247,246,244 
86,106,62 96,115,73 79,94,73 83,102,62 81,97,49 91,106,77 58,63,47 50,51,32 67,68,47 70,68,66 170,174,177 106,101,106 138,134,137 139,146,135 106,119,98 123,130,116 79,92,68 61,74,53 94,104,78 92,105,54 56,59,35 59,66,30 52,64,33 53,63,39 56,69,39 59,67,36 56,71,40 51,59,28 58,72,29 60,75,31 64,76,40 148,152,146 234,235,237 118,115,120 132,131,133 216,217,221 170,174,179 192,195,198 205,207,209 250,249,249 244,243,244 241,240,241 250,249,249 248,248,247 249,248,247 251,250,248 249,248,246 244,243,243 230,230,230 223,222,222 
78,98,39 72,93,45 64,80,54 84,103,52 77,96,33 86,108,45 77,94,58 38,33,24 71,71,51 76,74,78 178,179,189 105,101,106 102,98,100 178,187,181 118,131,113 107,117,99 83,96,79 62,74,55 97,110,77 72,86,44 56,61,36 58,71,39 48,67,44 48,62,34 54,67,33 50,61,30 52,68,40 56,67,30 53,60,27 58,73,34 66,81,41 168,171,171 184,188,191 91,89,94 128,127,130 247,247,247 117,123,130 154,157,161 111,116,118 161,166,170 138,143,144 229,230,231 249,249,249 248,248,246 248,248,247 236,236,237 215,213,216 149,149,158 140,136,141 145,148,130 
57,73,28 48,63,27 64,84,34 80,97,46 68,82,44 76,100,39 87,108,50 57,64,45 40,30,24 71,72,67 143,136,151 66,58,66 204,203,202 168,177,173 97,111,84 88,97,76 103,113,102 63,72,59 79,92,58 61,77,44 58,76,49 50,71,45 43,61,35 42,56,23 55,62,26 58,64,27 54,68,38 43,50,29 52,60,27 50,57,28 65,80,39 191,194,195 197,201,206 95,95,97 94,97,98 238,239,239 160,165,172 171,176,179 162,168,172 153,158,161 246,247,247 248,249,249 240,241,241 235,236,237 168,172,178 93,98,113 107,110,124 93,96,110 113,116,126 128,139,99 
51,68,47 50,68,42 50,65,39 43,58,45 46,59,45 61,79,57 75,92,63 76,92,61 43,35,27 65,66,59 69,65,71 143,136,143 236,235,233 132,143,139 84,100,67 78,87,66 69,81,56 47,53,40 72,91,48 65,80,57 59,71,50 51,61,36 39,53,23 42,58,23 44,57,24 53,64,29 56,71,45 48,62,35 47,61,33 49,59,32 65,79,38 129,140,126 182,187,191 92,90,92 119,120,122 235,237,238 164,169,174 203,206,208 161,166,171 142,148,151 186,191,193 221,225,223 145,150,138 144,153,137 124,130,124 99,98,106 118,118,126 104,101,108 134,133,139 135,139,118 
66,84,59 52,69,51 53,72,50 51,69,51 39,53,37 35,47,38 60,79,53 75,94,53 67,72,48 55,46,49 85,81,85 182,177,183 248,247,243 186,194,183 98,118,60 65,72,56 69,79,55 44,53,35 64,82,45 78,92,62 63,66,37 50,59,30 40,55,25 44,60,29 46,62,26 56,67,29 59,71,46 57,73,44 60,80,41 51,63,34 54,66,35 100,114,88 199,203,206 90,87,88 114,115,116 240,241,243 233,234,236 231,231,235 228,229,232 217,219,221 102,115,99 125,136,116 142,147,137 202,202,203 190,190,191 191,191,192 189,189,189 186,184,183 186,185,184 183,182,180 
61,79,53 51,72,50 59,82,55 55,77,43 49,69,43 47,66,45 46,63,53 67,89,62 92,109,71 37,25,23 36,27,28 112,121,114 197,203,202 176,185,180 98,118,58 67,74,54 74,88,68 59,75,54 62,81,50 77,93,49 65,77,44 46,63,35 44,58,26 45,61,29 54,71,34 56,69,31 60,70,38 52,66,38 57,73,36 59,80,40 52,64,39 111,124,111 136,145,136 98,95,94 118,117,117 181,182,186 181,180,183 186,185,185 125,134,121 189,191,189 82,88,75 152,152,148 206,205,207 198,199,200 181,180,182 180,179,180 176,175,176 171,171,171 169,169,168 165,165,163 
45,55,36 51,69,45 41,61,42 37,53,35 43,61,44 48,68,52 47,67,54 61,83,65 82,104,78 47,40,34 29,20,21 215,215,214 236,236,234 197,198,189 99,113,67 65,72,54 52,60,50 67,86,64 66,87,59 85,102,61 53,65,44 53,67,37 51,64,29 46,62,29 59,74,38 59,72,37 51,62,30 53,70,39 53,64,34 54,72,42 47,63,38 83,98,75 135,143,137 112,108,107 106,101,99 150,147,146 150,144,142 158,151,147 121,118,107 108,104,91 149,137,127 157,144,136 139,125,117 120,107,95 103,94,80 100,90,75 95,85,70 72,66,52 88,81,64 85,78,59 
42,49,35 43,57,35 50,69,39 49,69,39 57,82,64 43,61,41 44,64,45 52,76,54 63,79,49 55,56,48 31,23,23 190,188,192 182,180,182 183,180,184 119,127,104 59,67,60 46,56,51 89,109,110 75,97,78 93,108,69 61,62,39 59,68,33 56,69,32 49,67,35 47,63,36 60,69,36 47,56,28 50,66,39 51,65,41 57,71,42 51,61,38 114,132,108 134,141,139 112,111,107 135,132,130 156,154,152 158,153,149 163,157,153 177,171,166 175,166,161 147,139,123 157,145,135 170,162,156 177,169,165 140,136,130 138,133,126 144,138,131 102,98,93 135,129,121 124,119,111 
46,52,52 52,63,60 53,66,57 55,73,47 44,60,46 40,56,44 45,64,41 63,87,47 46,61,52 55,59,46 41,34,35 159,169,178 148,159,170 185,189,196 148,159,170 94,105,113 71,82,87 129,148,164 126,149,155 83,101,79 66,67,48 66,76,43 65,84,42 60,78,38 49,66,41 52,60,34 47,58,28 46,60,35 60,80,53 89,100,81 103,109,98 138,140,134 141,150,149 129,130,130 174,174,177 178,177,180 177,174,176 187,184,186 67,65,72 67,67,71 115,112,104 106,102,95 137,133,131 195,191,189 105,105,105 108,106,106 151,148,144 61,62,62 151,148,146 96,96,95 
58,65,70 88,103,105 78,90,89 64,75,64 53,68,58 54,76,57 52,72,53 50,66,45 56,75,57 56,62,46 38,31,32 130,145,159 128,142,155 165,172,181 143,155,167 109,121,129 96,107,112 134,153,157 131,150,133 109,126,109 77,81,68 76,89,49 92,109,65 72,88,46 60,74,46 46,50,31 55,67,31 56,70,45 80,89,67 109,116,106 112,122,117 127,132,126 143,149,147 108,108,109 185,186,189 177,177,179 175,173,174 184,181,183 191,184,184 191,183,182 188,179,174 173,163,159 189,183,180 195,190,189 164,161,160 162,157,155 162,159,155 142,137,135 157,157,153 143,139,136 
61,61,60 79,80,74 72,73,63 92,94,79 70,78,60 68,71,57 52,64,44 53,74,47 48,59,44 66,69,54 36,26,27 168,173,184 153,159,170 167,171,180 162,167,175 133,134,140 105,106,105 119,123,118 137,140,139 130,130,127 86,84,73 102,107,89 138,147,117 93,109,66 86,101,67 57,68,42 65,69,42 72,76,56 85,86,65 118,119,108 145,150,151 130,133,129 145,148,147 95,94,95 176,177,178 175,174,177 175,172,173 180,178,180 186,181,180 189,181,179 189,180,176 176,167,163 189,183,182 192,186,186 169,167,167 167,163,162 162,159,156 158,157,155 155,154,151 153,151,148 
55,53,49 75,72,63 95,90,80 102,94,85 88,87,72 55,64,47 73,73,61 109,105,89 88,86,84 75,73,68 27,19,19 140,140,145 139,138,142 130,129,133 140,138,141 123,120,121 118,119,113 139,148,135 97,111,86 94,110,76 70,70,50 76,85,51 81,95,51 62,78,43 47,63,35 52,67,39 66,70,48 76,74,59 74,75,61 84,84,75 90,91,83 97,94,85 137,137,133 82,75,73 163,162,160 171,170,170 165,162,160 175,170,166 180,172,167 184,175,171 185,174,167 172,161,155 188,180,178 189,184,183 169,164,165 164,161,159 160,157,154 155,154,152 153,151,149 149,149,145 
40,48,35 50,57,40 53,62,43 61,64,48 55,60,43 53,68,46 45,60,41 70,69,61 87,82,68 88,81,69 36,22,20 135,132,135 151,152,153 139,150,131 126,142,113 91,106,74 83,108,62 76,103,55 69,92,50 66,80,50 65,62,45 70,78,49 69,84,44 65,80,45 51,65,35 46,60,37 72,75,58 74,79,60 94,93,81 102,104,96 86,90,91 94,92,93 117,105,104 61,50,43 131,116,106 133,119,110 105,95,87 118,109,101 144,125,115 156,131,120 147,131,116 112,100,90 181,168,161 186,178,174 164,159,157 159,157,154 157,153,148 153,149,146 151,147,143 149,145,141 
69,86,54 70,91,60 65,90,57 65,85,64 84,94,73 88,96,79 117,126,107 119,135,102 125,138,110 100,108,86 36,22,19 104,117,91 107,134,87 102,131,76 100,130,71 88,106,63 92,119,65 85,110,60 90,110,65 96,99,70 72,65,50 82,82,59 84,81,58 86,83,56 68,68,44 86,86,73 91,89,70 98,98,80 114,113,103 123,125,121 116,119,120 112,115,118 112,112,118 59,47,42 110,107,106 102,99,97 130,121,118 135,125,120 146,133,127 125,112,102 83,83,65 82,78,64 137,120,112 153,134,129 137,119,113 125,111,102 103,96,88 115,109,95 122,120,97 128,124,108 
84,97,86 131,133,128 117,117,114 132,128,124 145,141,135 147,149,140 116,135,97 96,123,74 102,129,85 86,105,62 40,22,20 89,108,63 103,132,77 106,134,79 93,121,66 86,93,60 103,117,71 105,126,73 94,117,65 96,112,65 76,71,56 90,96,64 95,106,64 86,103,57 92,94,78 89,82,68 72,67,47 75,71,52 113,110,98 116,112,103 107,107,98 120,122,117 124,129,126 56,45,39 108,108,111 108,108,110 116,113,114 133,128,128 134,129,130 142,132,131 107,98,95 91,83,79 84,76,72 113,102,97 119,106,104 106,97,95 91,86,85 102,94,86 89,95,56 85,91,49 
145,141,137 150,146,144 147,148,141 119,128,108 119,136,104 115,136,90 103,129,78 101,129,77 97,126,73 88,109,60 35,23,25 81,96,54 100,126,72 98,123,68 96,117,64 91,106,59 101,122,69 103,117,70 97,108,61 93,107,64 69,84,81 82,87,57 89,98,60 83,83,62 109,105,93 121,111,93 109,100,86 103,95,80 114,112,98 112,108,96 92,93,82 89,95,83 92,100,83 51,42,34 96,103,92 107,111,108 120,118,116 133,129,127 142,137,136 140,135,134 143,136,135 144,135,133 136,129,129 115,112,113 106,103,105 104,101,101 122,111,109 100,97,98 101,100,98 91,98,68 
112,122,94 120,135,103 108,134,81 108,134,83 104,132,81 105,133,78 102,129,75 97,124,70 103,128,72 94,110,64 43,23,22 83,89,54 105,120,74 108,111,81 108,111,80 100,105,74 92,98,63 92,93,63 89,83,60 83,79,58 81,69,59 84,78,58 85,79,57 97,90,70 99,85,74 107,94,83 95,82,71 86,75,65 84,72,64 85,72,66 88,76,71 89,78,75 90,83,74 58,45,45 92,87,86 91,85,83 92,84,88 96,85,88 102,90,94 110,95,100 116,102,106 117,103,107 118,103,106 121,105,108 112,98,99 113,98,99 108,94,95 108,95,95 104,92,93 93,87,75 
102,111,79 100,109,77 97,100,71 95,101,72 95,104,73 89,99,66 89,97,68 92,98,70 88,90,66 85,87,63 58,32,37 82,70,58 83,67,60 84,73,61 86,81,59 86,71,60 86,71,60 92,74,67 89,69,63 86,69,61 77,54,48 77,58,49 74,54,53 70,55,49 73,56,50 79,63,56 91,79,67 90,83,69 101,91,82 90,83,73 92,87,75 92,85,74 88,70,66 52,33,30 93,90,84 97,95,93 93,90,88 99,98,98 98,94,95 101,97,96 99,97,96 97,96,90 89,77,73 96,97,85 89,94,76 102,100,91 99,96,87 102,101,91 105,96,92 100,98,85 
95,110,65 93,109,55 81,84,51 91,106,62 93,112,68 82,98,53 81,93,54 81,96,57 80,90,49 83,88,54 49,22,26 81,68,51 82,71,54 87,86,58 89,83,58 87,74,62 85,67,61 92,80,63 86,69,55 80,62,50 82,47,42 87,67,63 79,57,54 73,55,48 71,53,45 64,45,41 72,53,49 91,87,71 102,91,80 94,87,77 88,85,73 88,79,70 86,68,65 62,31,28 82,84,65 87,86,76 86,82,77 91,87,84 87,84,78 85,82,70 86,89,76 85,83,74 77,61,54 78,79,62 72,79,56 76,82,62 72,74,56 79,82,64 78,75,65 79,80,66 
92,109,61 85,95,55 78,78,51 88,106,53 86,101,58 83,99,51 82,90,52 87,100,56 83,93,51 78,72,50 45,20,23 71,60,44 74,59,42 88,84,61 87,77,59 82,68,56 87,70,61 85,69,57 84,67,55 84,62,55 82,48,43 72,56,57 68,40,41 63,48,42 60,42,39 63,45,42 88,75,66 92,79,68 101,90,80 94,88,76 87,80,70 85,77,67 81,55,54 61,30,27 80,74,62 81,69,63 80,76,60 74,53,52 70,63,49 72,66,53 72,65,49 76,69,57 69,44,44 67,61,45 64,61,45 63,54,45 65,61,48 63,46,41 68,60,49 65,53,47 
86,94,58 83,88,53 67,56,42 75,81,46 74,73,47 80,80,50 81,81,54 76,75,46 75,78,46 74,65,46 50,26,29 71,60,43 72,48,47 81,70,57 76,61,53 77,62,54 81,61,55 78,60,51 76,55,50 80,58,51 77,48,47 73,53,47 71,43,43 73,53,47 76,59,48 87,67,61 96,78,72 95,74,70 93,76,71 93,75,70 74,61,56 73,57,50 78,48,46 63,39,35 73,66,54 73,66,61 75,68,61 77,68,63 71,68,58 71,76,59 72,72,53 71,74,52 73,58,53 60,56,52 67,67,56 69,73,61 67,74,57 75,82,64 63,66,50 66,67,53 
107,108,87 102,101,80 89,80,63 97,96,70 94,92,72 91,90,72 95,92,76 94,90,72 85,79,59 81,77,60 74,69,57 78,75,64 75,67,61 83,79,70 82,77,68 84,79,71 86,79,66 83,78,69 88,83,72 85,80,70 85,80,68 75,71,59 71,59,51 75,71,56 77,74,61 72,68,57 80,74,64 82,77,70 83,79,71 77,73,64 63,75,52 72,70,56 73,63,53 78,72,63 78,74,65 76,69,63 75,68,62 84,76,68 80,74,66 79,73,66 75,70,63 75,70,62 80,72,64 82,75,68 78,74,66 79,75,68 72,69,62 68,65,57 69,65,57 67,64,56 
67,60,46 55,47,35 64,55,42 64,56,45 68,61,48 70,63,48 67,60,45 59,52,39 60,53,41 66,61,48 75,68,58 61,52,44 72,63,54 73,65,55 65,58,49 67,58,46 75,64,55 64,54,49 74,65,54 69,62,49 70,64,49 82,74,60 98,88,76 104,97,86 82,73,61 95,83,70 96,87,76 106,97,85 81,73,61 84,77,67 75,68,56 80,72,58 96,87,75 108,102,91 94,88,75 88,80,68 80,73,60 77,67,56 79,71,58 83,76,62 88,80,68 92,84,72 99,91,76 107,99,86 115,110,99 109,105,95 108,103,95 81,73,60 94,86,70 100,92,77 
66,58,42 86,77,67 73,65,51 77,68,56 79,72,56 80,73,57 77,71,55 67,61,45 69,64,48 74,67,51 84,76,59 80,71,59 87,79,65 94,84,70 87,77,64 78,67,53 98,87,76 81,70,57 87,77,60 90,82,63 90,83,65 95,86,71 110,102,91 124,118,108 118,109,97 107,98,84 122,113,101 133,126,114 110,102,90 108,100,89 96,88,75 94,86,72 105,97,82 116,109,95 105,97,80 98,90,71 95,87,66 87,79,62 79,72,56 84,75,57 91,83,64 92,83,64 78,73,51 86,80,57 89,83,61 86,85,65 88,83,65 76,67,50 77,72,53 79,76,54 
105,100,85 87,81,64 74,65,50 76,69,52 69,66,46 72,67,48 74,67,51 72,65,48 75,68,51 79,72,57 95,86,72 75,68,51 81,72,55 86,77,60 84,75,57 88,76,61 96,84,69 84,75,57 84,75,55 94,85,64 86,79,60 100,91,75 108,98,83 97,89,68 105,96,79 95,86,70 111,102,89 107,97,81 94,87,68 102,93,78 104,95,84 100,92,79 96,89,73 100,93,76 80,73,54 77,72,52 72,67,48 68,60,43 67,65,44 66,62,42 61,57,36 68,63,43 64,56,38 60,56,35 53,48,30 51,52,34 45,55,33 48,51,32 56,56,55 46,53,33 
103,104,87 118,119,103 109,103,90 84,79,63 86,81,64 86,79,65 90,82,70 83,75,64 77,68,55 87,79,67 97,87,76 98,87,73 89,78,65 88,77,63 80,69,56 93,81,67 90,79,64 83,73,58 109,97,79 113,100,84 113,102,90 116,107,92 111,101,86 110,102,84 101,93,77 90,82,65 100,92,76 100,90,74 88,81,62 95,87,71 90,86,68 78,75,56 78,71,51 76,73,51 68,64,44 62,58,40 58,60,36 61,57,39 53,51,35 57,56,37 58,55,39 56,55,39 60,55,41 60,60,42 58,61,39 50,52,37 41,59,35 45,55,36 77,54,55 61,69,55 
57,65,39 237,233,221 234,227,211 232,223,200 231,224,205 226,216,192 220,214,197 195,189,178 63,54,47 72,64,54 73,62,52 73,62,51 75,63,50 78,64,54 79,63,55 70,57,50 81,70,63 80,69,56 83,68,55 87,71,56 82,69,55 81,66,51 78,65,50 78,64,49 73,63,46 75,70,49 76,69,50 77,69,50 72,66,49 78,72,56 71,68,49 67,65,47 69,67,47 61,65,41 67,65,48 67,74,46 65,70,45 69,73,52 65,64,50 72,73,54 71,74,53 74,73,60 73,70,59 71,70,56 71,77,56 74,73,60 69,71,57 41,42,34 39,38,37 62,73,53 
76,77,59 237,232,219 232,222,198 226,224,202 219,195,144 228,221,203 228,222,207 196,188,172 87,78,71 88,79,72 86,78,69 86,82,69 86,77,69 84,75,67 75,66,60 59,52,47 51,42,39 87,78,65 86,74,61 88,76,63 88,78,64 80,72,56 82,75,59 91,82,67 90,80,67 98,88,78 92,85,71 84,79,65 82,77,63 77,73,59 71,71,55 76,76,61 79,79,62 81,77,61 77,82,58 74,84,54 73,77,56 74,84,59 78,87,64 76,88,63 77,91,62 80,84,66 79,85,62 79,84,60 73,85,55 76,92,60 67,81,57 52,54,42 49,50,48 57,73,43 
77,81,59 233,225,203 233,225,203 222,220,201 193,180,149 235,224,204 232,223,199 200,195,178 82,81,62 82,80,64 83,81,65 83,81,67 79,75,66 81,77,67 79,80,60 61,60,45 44,41,32 81,80,57 93,82,73 96,84,73 95,85,73 92,85,72 86,85,62 85,85,63 85,86,63 83,86,65 83,84,61 83,80,64 85,81,65 80,80,59 75,84,58 74,89,53 69,83,52 75,88,54 70,89,50 67,88,44 64,84,44 61,76,38 64,79,46 68,87,50 68,90,50 68,87,50 64,82,45 66,87,47 63,84,45 68,89,47 63,84,47 59,75,44 40,42,37 57,76,37 
73,82,52 236,230,216 231,221,191 227,221,205 203,197,184 216,209,193 219,212,194 200,197,183 67,73,48 70,80,49 73,77,49 78,86,57 79,76,60 81,87,51 73,90,41 77,83,55 81,86,55 81,80,55 79,80,57 83,83,58 81,80,57 80,77,53 76,82,49 72,82,47 73,87,43 72,84,43 72,81,44 74,76,50 71,81,45 68,84,44 64,79,40 65,85,40 57,75,34 61,83,39 67,93,43 60,84,41 57,77,39 59,80,39 59,81,37 62,87,44 62,88,41 63,89,43 56,76,37 59,85,42 54,74,41 58,85,40 59,83,39 62,86,42 47,53,43 64,87,39 
63,76,44 238,235,227 234,226,205 227,222,209 214,209,195 211,208,195 214,208,192 202,200,189 69,72,52 71,79,51 74,80,50 70,75,46 69,69,50 70,72,47 69,79,44 73,74,47 75,69,51 76,68,52 76,73,53 82,81,55 71,70,46 73,65,49 76,76,48 75,82,49 74,79,52 77,84,54 68,81,45 71,71,49 70,80,46 57,72,36 69,87,46 63,77,42 56,70,34 61,85,40 64,88,42 63,84,42 58,77,40 58,78,37 61,83,43 59,81,40 51,73,34 90,108,71 76,94,58 35,36,35 39,39,38 53,57,60 113,114,103 75,78,60 42,42,42 58,78,37 
67,84,45 116,114,112 115,113,110 112,109,103 110,107,99 107,104,99 111,108,100 100,101,95 73,79,55 76,85,54 66,80,42 62,66,44 71,66,53 72,70,51 74,70,48 75,71,54 80,81,55 80,73,57 77,73,56 78,72,53 72,65,47 78,71,52 77,83,46 73,76,48 90,92,72 94,95,78 68,73,46 72,72,50 70,67,49 64,72,43 74,91,48 59,73,38 60,82,36 62,85,42 62,83,36 55,72,39 57,73,38 57,74,38 58,77,40 63,84,44 54,71,39 70,86,54 59,72,41 40,46,34 43,49,39 46,55,41 78,84,62 59,68,44 41,48,37 62,84,45 
68,83,43 64,64,64 66,66,66 39,39,39 30,30,30 30,30,30 30,30,30 33,35,30 75,83,52 71,87,48 63,79,37 68,81,47 74,77,56 75,77,58 79,81,59 85,83,62 83,86,59 84,82,58 77,76,56 79,78,58 79,69,56 78,66,52 71,72,48 74,72,47 71,76,51 72,72,49 69,72,49 68,58,46 70,69,46 64,64,43 66,78,40 64,71,41 62,75,38 55,76,37 59,75,43 54,66,38 64,84,47 61,78,44 60,68,52 58,66,50 62,69,54 47,54,39 58,64,49 51,60,44 52,62,45 41,54,34 44,54,38 61,72,54 55,64,48 44,54,38 
