48,59,35 45,53,36 28,30,25 27,29,25 28,32,25 29,34,26 27,31,24 28,31,25 25,27,24 23,24,22 25,27,23 31,37,25 30,33,26 31,34,26 40,44,28 58,55,25 42,44,34 42,43,39 51,51,45 72,68,75 48,51,45 38,41,30 25,28,22 19,20,20 48,56,37 66,81,41 70,84,40 66,81,40 60,71,39 66,78,45 48,57,35 33,38,27 32,37,28 22,25,19 22,24,21 33,41,24 26,29,23 26,29,23 31,37,21 23,31,21 34,47,22 36,48,25 23,28,21 26,31,22 25,32,22 23,29,22 25,31,22 31,41,21 47,60,24 53,69,24 
37,39,35 39,41,36 35,36,33 36,36,35 38,40,37 36,37,34 36,37,35 37,38,35 33,34,32 27,30,25 25,26,23 29,33,26 29,32,26 50,64,28 49,60,27 36,38,29 34,34,29 47,48,31 67,68,58 52,53,51 44,45,39 33,36,28 22,23,21 34,43,31 46,57,36 59,75,36 58,72,36 49,59,31 31,36,27 31,36,26 36,42,28 24,28,22 26,31,23 26,31,23 28,34,24 35,46,25 25,29,21 18,20,18 20,23,19 42,58,25 56,78,25 35,47,25 27,32,25 25,31,24 24,32,22 26,32,23 27,35,23 36,47,24 38,49,24 36,44,24 
44,44,44 73,73,72 88,89,88 92,92,91 84,84,84 92,93,92 81,81,80 93,93,93 70,70,69 31,38,27 27,31,24 25,25,23 26,27,23 35,41,27 38,46,27 40,48,29 35,37,31 41,43,35 54,58,41 41,44,39 39,38,35 37,40,33 28,34,26 39,49,31 65,77,45 41,50,28 47,58,31 24,28,24 19,20,20 22,24,22 24,26,22 22,25,21 24,29,22 22,25,20 26,29,23 37,47,25 38,48,25 20,22,20 42,55,26 32,44,21 47,63,23 39,52,27 31,40,26 25,29,23 29,38,25 26,35,22 28,41,24 28,37,21 22,26,21 21,23,20 
37,37,37 35,36,34 36,37,35 36,36,35 37,38,36 37,37,35 36,36,35 36,36,35 34,34,34 29,31,26 31,36,27 27,28,25 35,42,26 34,38,29 30,33,28 38,41,33 35,35,31 34,36,31 44,44,38 38,39,34 34,37,28 39,46,30 38,47,30 81,90,54 71,82,44 40,48,31 31,38,24 25,27,21 22,24,20 22,22,23 22,24,22 28,32,27 34,42,29 20,21,20 22,23,23 28,32,24 27,32,24 28,35,23 26,34,21 32,43,22 44,59,26 32,42,26 27,35,23 32,43,25 29,38,24 29,38,24 37,51,27 47,63,28 39,52,23 32,39,25 
38,40,36 54,56,53 63,65,61 60,63,59 59,59,58 34,34,33 34,35,33 34,35,33 33,33,32 30,33,27 31,35,28 34,39,30 33,36,30 44,55,29 41,49,28 31,32,29 38,42,31 36,37,29 37,38,36 32,33,25 44,51,34 38,44,31 49,59,35 63,75,42 69,81,47 68,80,52 61,70,40 64,77,42 66,75,41 32,37,25 35,42,31 36,45,32 39,50,34 27,32,25 29,31,26 25,26,23 30,36,23 25,29,22 25,30,21 34,46,24 26,36,23 31,44,25 34,44,25 37,51,28 30,39,25 34,46,25 40,51,28 37,49,24 27,34,24 34,43,26 
43,54,35 37,44,31 44,56,35 49,67,35 48,58,40 32,35,29 32,34,29 30,30,28 33,36,28 30,30,28 29,31,27 32,37,29 38,41,33 37,44,29 36,42,29 33,35,30 50,61,31 43,49,32 29,29,27 34,39,25 33,39,27 61,70,42 79,91,51 75,88,45 47,57,36 59,72,38 77,91,39 62,76,37 63,75,40 39,48,32 42,51,35 36,43,29 45,57,34 36,43,32 33,40,27 27,28,23 29,33,22 24,26,23 32,40,23 30,42,23 28,37,23 34,45,26 34,48,27 35,48,26 35,50,25 37,51,26 37,51,25 41,54,26 47,61,30 37,50,25 
60,74,44 36,41,32 37,42,32 43,55,35 43,54,34 39,46,33 31,33,28 32,32,29 30,30,28 29,30,27 29,31,28 29,30,28 34,37,29 33,36,30 30,32,28 32,35,29 39,46,30 43,48,33 53,61,40 59,70,45 64,74,45 64,78,42 54,67,34 42,53,27 39,49,27 33,42,25 35,43,24 52,63,29 71,83,42 69,83,48 51,63,38 31,38,27 43,51,32 46,59,33 29,34,25 29,32,24 25,27,23 29,36,23 28,37,23 24,28,23 22,26,22 29,36,24 28,37,24 42,59,26 44,62,28 45,59,32 46,63,29 56,72,28 62,79,30 61,78,30 
47,56,36 47,57,38 45,53,41 36,42,32 39,47,34 36,42,32 36,42,32 33,36,30 32,33,29 31,32,29 31,32,30 31,31,29 35,37,31 37,42,31 32,34,30 36,42,30 36,41,30 36,40,28 48,56,37 57,68,42 68,81,46 50,62,34 40,51,26 56,66,35 50,62,29 50,62,32 58,68,36 48,59,27 60,69,32 68,79,39 68,81,45 45,43,37 30,36,25 41,52,27 27,29,24 24,26,22 27,31,23 31,39,24 25,31,23 26,33,23 28,38,23 31,42,26 41,57,24 42,57,26 47,63,26 62,83,36 50,68,29 38,52,25 50,69,26 59,78,30 
43,52,32 48,60,36 55,65,47 50,62,41 41,49,33 38,45,35 43,53,35 48,65,35 46,55,36 39,45,34 39,48,34 35,38,33 33,34,32 39,49,33 37,43,33 42,52,33 37,41,31 33,35,26 38,41,28 45,53,34 45,53,30 45,55,28 71,84,43 58,69,38 52,63,32 50,60,29 79,91,39 72,86,44 44,51,26 31,35,25 54,63,39 38,36,29 28,33,26 39,49,28 29,31,24 29,35,25 29,36,24 25,29,23 25,29,23 27,35,24 29,39,24 51,69,28 44,59,26 39,58,26 33,43,27 61,80,31 50,69,30 36,50,26 46,67,27 62,84,36 
31,38,25 36,42,25 57,70,50 46,59,32 53,63,42 52,66,45 35,43,28 26,30,22 54,63,46 50,66,41 48,60,40 42,48,37 39,46,36 45,57,36 43,53,35 36,44,31 33,36,29 51,59,36 44,52,35 35,41,28 42,51,32 54,66,34 41,52,26 67,77,35 65,76,30 46,57,28 47,59,28 67,80,45 66,75,41 28,28,27 34,37,32 35,37,31 37,46,29 58,71,34 32,37,26 25,29,23 27,34,24 30,37,22 32,43,25 40,56,26 29,40,25 33,45,26 52,72,30 61,85,34 34,45,30 41,52,35 45,59,33 60,83,36 47,63,28 58,75,36 
34,44,29 40,48,32 39,50,33 44,54,33 49,62,39 42,54,29 55,67,48 38,46,30 62,74,53 51,60,41 57,67,51 50,59,48 51,63,45 39,43,37 35,38,32 32,37,31 33,37,29 37,46,28 30,40,25 46,57,35 59,70,37 39,49,26 31,38,20 60,71,26 50,63,27 49,58,28 70,84,42 44,52,34 41,52,31 42,51,31 45,55,33 34,41,28 37,44,31 44,56,28 36,43,29 27,32,25 30,40,25 49,65,24 41,56,24 54,72,24 53,74,25 53,74,23 55,77,27 66,90,29 62,83,39 42,59,27 53,78,28 67,91,40 39,55,29 48,63,34 
78,90,76 64,79,57 47,55,42 25,30,22 32,39,26 20,27,14 32,37,22 42,51,34 54,65,50 55,64,48 62,76,58 70,83,60 61,73,52 49,58,46 38,48,31 40,48,40 32,37,30 29,33,27 31,38,26 38,46,31 39,49,26 31,42,22 36,45,25 63,76,32 32,39,23 39,46,27 48,58,33 38,46,30 34,41,28 38,49,27 51,63,34 59,68,35 21,25,20 40,52,30 26,30,25 32,41,28 27,35,25 37,51,25 37,47,26 34,43,24 53,72,24 47,65,28 52,70,28 38,50,29 69,93,34 58,79,30 52,67,31 44,57,31 43,56,30 60,78,33 
70,81,58 79,90,74 62,74,53 49,64,42 48,59,40 23,30,13 25,32,14 53,64,46 64,77,57 63,76,53 44,54,37 58,69,50 57,66,50 68,83,64 34,43,30 37,45,33 36,41,31 57,66,44 34,42,30 30,36,27 32,40,25 59,71,39 51,65,30 45,55,26 30,37,18 29,35,20 36,45,23 31,37,21 30,35,25 36,44,25 50,61,30 40,51,27 27,35,23 38,50,29 32,38,27 25,30,25 32,44,27 32,43,26 38,55,24 31,43,25 47,62,25 35,48,23 56,77,27 51,72,28 38,55,28 35,45,30 31,39,28 36,51,29 45,60,31 48,63,30 
60,70,52 55,68,45 58,67,49 52,67,37 51,66,40 39,50,32 37,50,30 48,65,44 46,57,38 46,51,38 42,54,36 38,46,32 39,47,31 44,55,41 21,26,19 27,34,23 35,45,28 60,74,38 51,63,42 28,30,24 42,51,31 52,65,36 51,65,33 65,79,39 32,42,20 45,57,25 44,54,25 38,46,22 23,26,21 25,29,22 47,58,29 36,41,31 36,45,27 41,54,30 50,66,34 28,32,27 33,43,26 48,68,27 44,61,27 40,55,28 28,35,24 62,84,29 53,75,24 58,82,28 59,83,36 47,64,33 37,51,30 50,70,31 45,62,32 38,50,31 
64,74,58 40,51,34 46,55,40 38,46,31 58,74,49 39,53,28 38,50,30 43,55,36 40,47,35 42,49,38 27,33,22 36,46,30 41,55,33 39,52,33 39,51,40 33,41,33 30,32,25 41,48,36 37,45,29 40,50,33 55,69,39 55,67,32 64,77,39 35,44,24 31,42,21 43,55,25 37,46,22 41,50,25 30,37,23 28,33,22 49,62,28 43,53,36 44,57,31 27,31,23 40,53,30 47,57,38 32,41,26 36,46,26 33,44,25 30,39,24 36,49,25 59,81,31 59,83,24 63,85,34 57,76,25 61,80,48 34,48,20 33,41,22 43,56,35 65,82,48 
44,55,37 34,45,28 30,38,23 26,35,17 35,50,28 49,67,40 51,65,44 37,45,28 63,75,56 51,65,42 48,61,39 56,74,46 56,71,43 55,70,44 49,65,42 62,73,61 42,42,45 33,38,29 36,46,24 50,64,35 49,62,34 37,44,25 39,48,24 38,49,23 38,51,24 48,59,28 42,52,23 42,53,24 30,37,24 38,49,22 44,55,30 38,50,28 45,60,38 35,46,31 52,69,40 32,42,27 34,45,21 34,46,20 51,70,26 37,52,24 37,50,22 75,100,43 53,72,28 33,45,21 44,59,31 42,56,30 73,92,45 70,93,51 62,85,43 66,89,52 
54,65,43 59,73,51 54,68,45 39,52,31 45,61,35 50,68,42 47,61,39 45,58,39 53,67,43 49,64,41 47,60,39 44,56,37 74,94,62 50,63,45 42,56,37 46,58,44 43,49,43 35,42,30 39,50,28 47,61,34 26,32,22 27,31,23 50,61,31 53,67,32 66,84,34 37,48,23 49,62,28 32,40,20 50,65,27 38,48,25 58,72,35 42,54,32 70,90,49 47,63,35 51,66,39 50,67,39 59,81,36 51,71,26 49,66,24 24,29,20 39,56,24 30,45,14 20,29,10 34,47,18 51,73,34 53,72,33 57,80,39 65,90,45 62,86,44 51,69,37 
36,40,27 55,66,45 57,72,49 42,57,32 50,67,42 51,65,40 38,52,29 64,83,53 71,91,58 62,78,46 47,63,36 43,54,36 57,74,48 54,69,48 33,43,32 44,58,38 39,50,39 33,40,28 33,41,24 47,59,33 39,50,31 38,43,28 77,93,42 76,92,36 41,49,26 57,70,30 41,51,25 47,61,28 35,43,24 31,40,23 36,48,27 48,64,37 45,59,32 32,43,26 67,88,45 47,68,36 35,49,26 34,47,23 35,49,20 19,25,15 19,21,14 19,22,12 24,36,14 39,55,21 45,62,32 54,71,37 34,52,22 41,58,33 48,64,38 62,85,47 
21,25,15 30,37,20 29,40,20 36,49,26 44,62,30 52,69,38 65,84,58 63,79,55 60,74,52 63,77,52 52,69,38 67,85,56 85,104,71 69,86,61 65,83,61 44,59,35 26,33,24 25,30,23 23,29,22 38,49,29 31,40,25 28,35,23 65,76,37 74,87,39 27,32,23 36,45,23 37,49,24 34,46,25 39,50,27 45,59,29 44,58,32 40,53,32 53,71,43 35,47,26 54,73,35 41,59,30 54,77,39 49,67,28 35,47,22 38,55,29 44,63,22 56,77,23 56,79,22 66,91,33 63,87,38 66,91,40 71,94,47 40,56,29 45,57,36 62,82,50 
39,53,30 32,39,23 33,38,21 48,65,34 54,71,40 59,74,46 27,35,21 26,33,17 24,28,19 32,38,26 36,47,28 46,60,33 55,68,47 40,51,34 44,58,40 35,46,30 27,35,22 37,51,30 50,67,37 45,58,35 25,30,20 26,33,23 26,32,23 39,49,25 33,45,21 26,33,20 28,36,22 38,52,30 34,43,26 44,55,27 41,50,31 54,70,36 54,73,44 41,59,30 44,60,33 32,39,30 40,57,25 62,87,33 62,83,37 46,68,35 50,75,27 62,87,27 60,85,26 67,95,34 65,91,33 62,84,47 57,79,48 48,67,33 45,59,28 58,75,39 
43,58,28 44,59,36 37,44,28 46,62,37 38,49,29 59,73,47 29,35,22 29,37,24 20,23,16 27,34,21 38,47,29 45,56,35 37,42,32 36,45,33 43,58,34 30,40,27 36,48,33 41,56,31 47,64,31 32,43,25 34,43,24 32,40,26 29,34,23 38,49,25 34,45,21 34,47,22 26,33,22 33,43,28 49,66,31 48,63,32 36,46,26 33,40,28 50,67,41 41,58,33 50,69,36 48,64,36 52,74,27 40,54,27 39,52,24 40,56,23 49,71,29 61,84,26 60,86,29 60,85,37 61,84,40 42,59,28 33,46,24 46,63,31 48,66,36 49,66,36 
52,66,42 63,81,57 33,41,24 31,38,24 19,23,15 30,38,24 23,28,17 39,51,31 32,43,23 36,47,26 40,46,35 29,35,22 27,33,22 38,51,30 37,50,30 33,47,27 35,44,36 36,45,34 31,42,25 33,44,25 30,41,24 24,28,20 26,31,21 23,28,20 28,35,21 45,64,29 42,59,30 28,35,24 34,43,25 40,50,31 35,45,28 36,45,30 34,45,30 47,66,34 44,61,32 63,89,40 55,81,34 63,87,37 57,78,27 63,88,35 65,92,46 56,80,34 59,85,27 55,77,22 45,64,29 33,46,19 52,66,29 53,64,27 47,60,33 42,54,28 
35,41,29 43,54,33 34,45,19 25,31,16 22,27,17 23,29,15 35,48,24 60,81,45 41,53,33 41,51,35 46,55,41 42,52,32 39,55,28 57,80,40 55,77,42 45,65,35 23,30,22 23,25,19 30,40,26 33,45,26 43,59,30 32,44,24 39,54,26 38,50,29 45,64,29 46,70,32 55,77,38 48,67,35 53,76,40 36,46,28 53,72,38 50,62,40 53,70,36 54,75,37 65,87,44 60,87,32 61,90,37 51,73,33 57,79,33 61,86,38 49,68,36 49,68,29 77,104,43 47,64,25 30,39,15 69,88,34 57,76,33 77,91,43 43,46,32 65,66,52 
25,28,17 34,40,22 38,49,19 32,44,17 29,35,20 30,38,22 37,47,29 28,36,20 39,50,34 35,41,30 39,48,33 47,58,40 32,41,25 46,60,36 38,48,28 45,62,29 28,35,23 24,27,21 25,26,22 33,41,25 54,74,30 37,50,27 65,87,41 42,58,29 63,83,37 58,81,39 57,76,39 49,69,35 52,70,37 59,77,40 48,60,36 45,55,37 58,63,51 38,44,26 51,58,39 68,92,38 62,87,42 52,73,35 53,63,42 38,49,29 61,81,47 51,64,31 69,77,57 33,38,23 65,71,60 96,96,84 77,79,68 102,99,89 104,99,98 164,151,151 
49,53,26 46,53,26 37,43,23 37,47,21 39,50,21 33,38,24 32,36,25 34,47,26 33,42,24 38,42,30 59,73,53 34,41,28 31,38,22 33,38,24 24,26,19 29,36,16 29,35,19 24,29,21 28,29,23 30,32,25 56,72,37 42,53,28 46,57,36 32,38,25 31,37,24 35,45,26 29,36,21 41,54,30 68,73,61 81,85,75 76,83,59 66,75,57 108,99,106 101,93,100 98,91,95 94,94,82 75,68,69 66,67,51 80,73,71 22,21,18 32,33,21 68,64,65 76,68,75 86,84,87 126,123,128 150,137,142 158,142,148 166,151,157 105,99,99 165,152,153 
62,62,34 67,71,39 58,63,37 48,52,26 44,49,24 31,33,22 36,39,21 36,41,25 34,39,24 25,26,18 27,27,23 35,45,27 39,49,31 27,31,21 41,41,42 63,62,63 24,27,20 24,27,21 25,26,21 31,32,29 33,35,29 29,36,21 52,55,48 23,25,21 25,27,21 23,24,19 20,20,19 23,29,24 151,152,158 153,148,157 107,85,87 104,97,101 108,99,107 109,98,107 110,99,107 115,101,107 117,102,107 106,89,90 115,100,104 20,18,20 27,21,24 82,78,85 88,83,89 106,107,112 118,115,120 135,117,120 139,127,133 151,138,146 103,96,95 155,143,145 
83,81,50 63,65,37 70,71,35 61,64,31 41,44,25 32,34,22 57,64,34 48,54,35 33,37,23 19,17,17 21,20,19 26,29,21 23,24,19 31,36,18 43,45,40 60,63,61 33,37,21 22,23,20 25,30,22 36,38,33 34,39,27 30,37,21 51,53,50 23,24,23 19,20,20 27,26,20 23,22,22 21,25,23 141,141,144 154,151,159 113,104,105 104,96,100 108,99,107 108,97,105 107,97,104 112,98,104 112,98,102 101,86,87 117,103,106 55,48,50 36,32,34 94,87,90 99,92,96 105,99,103 115,109,112 125,115,118 126,114,116 128,116,118 101,92,91 154,139,141 
88,88,44 54,54,29 66,69,32 47,50,27 41,45,24 44,50,27 52,60,33 36,41,24 23,24,21 19,19,19 18,17,18 20,22,19 22,25,19 26,29,19 44,49,34 74,85,54 35,40,20 21,22,20 22,22,19 29,29,27 35,39,26 28,34,22 34,36,29 20,21,21 18,19,19 23,24,23 35,37,29 21,24,21 97,105,78 112,115,97 113,106,103 110,101,105 112,101,107 111,100,106 113,100,107 112,100,104 110,97,103 110,98,102 116,104,109 88,76,78 43,37,37 116,104,104 118,105,106 115,103,102 113,101,101 111,99,98 110,98,97 109,96,96 107,96,95 137,124,124 
61,60,29 48,47,27 64,65,35 48,48,25 43,46,26 36,38,29 33,34,28 25,28,20 20,20,20 19,19,18 19,18,19 24,26,20 26,31,20 33,35,25 34,41,22 34,40,23 23,25,21 23,24,21 25,26,21 29,32,24 31,37,22 37,43,24 31,34,25 24,28,22 33,38,28 27,29,23 35,39,25 38,46,31 64,77,36 87,82,74 90,81,77 82,74,69 80,73,69 76,70,63 82,73,69 85,75,71 80,70,65 82,72,67 90,79,75 63,54,52 29,24,23 78,67,58 82,69,60 84,71,62 85,73,62 82,71,61 89,77,67 91,79,69 89,76,68 97,85,80 
55,50,32 57,55,31 59,55,32 38,35,24 33,31,24 31,28,26 34,29,29 23,21,21 26,25,21 27,24,20 22,19,20 20,19,19 26,27,21 26,26,23 37,38,27 33,35,26 23,24,23 23,24,21 30,30,26 42,47,32 31,36,23 28,32,24 25,26,23 28,32,24 37,47,30 28,31,25 29,32,25 30,35,27 39,48,29 79,73,65 71,62,56 80,71,66 79,73,65 67,66,49 77,71,61 85,75,71 87,75,70 87,75,70 87,74,67 74,63,60 28,22,21 86,72,66 86,69,61 88,72,62 89,72,64 82,66,55 89,73,64 79,65,52 74,60,51 95,80,74 
48,47,35 53,56,35 44,48,30 45,47,33 49,54,34 48,52,38 46,49,37 44,45,32 35,38,28 40,34,28 24,21,21 40,32,28 42,32,28 33,28,27 38,31,29 39,35,30 30,28,25 25,23,21 31,28,26 32,30,28 35,36,29 35,37,30 34,39,30 36,47,30 36,49,29 30,33,27 34,37,29 52,55,42 61,62,48 65,66,50 67,66,52 66,64,50 60,57,45 54,57,36 53,58,37 66,64,49 71,66,51 69,64,50 77,70,57 81,73,66 36,29,29 66,56,54 75,63,57 75,63,54 76,63,54 79,66,57 83,70,59 87,73,63 81,68,59 80,68,59 
62,72,45 59,71,44 58,65,37 47,53,34 48,58,37 44,51,36 37,46,28 49,57,38 44,48,34 41,43,31 29,24,25 39,32,28 35,30,27 33,29,27 42,34,30 35,32,27 37,33,29 33,30,28 39,35,32 37,34,32 36,40,29 41,48,34 37,42,30 45,55,33 46,57,33 37,41,32 43,47,36 57,63,41 62,67,50 57,66,46 58,64,50 53,60,39 58,56,44 45,41,33 48,43,32 61,59,52 59,58,41 63,61,50 67,59,48 71,59,51 67,58,54 76,64,59 72,59,54 75,61,56 78,64,57 82,71,63 86,72,65 83,69,60 84,71,62 85,75,64 
56,68,37 64,74,38 51,57,27 43,48,31 50,52,39 48,51,37 48,50,36 50,57,35 46,50,33 44,48,33 39,34,29 45,46,32 42,42,28 36,34,27 40,33,28 35,31,27 30,28,25 31,28,26 31,29,26 31,32,28 33,37,28 40,44,32 39,45,30 42,51,31 45,54,33 37,40,31 45,43,34 55,60,44 54,57,46 57,57,46 54,59,41 50,58,37 55,56,42 61,57,45 62,58,53 67,52,49 65,58,52 63,57,54 79,69,71 79,67,67 68,49,45 81,60,56 74,61,53 78,65,56 84,70,62 79,64,57 83,70,61 84,70,60 82,67,59 86,73,63 
48,57,32 45,52,27 45,50,32 46,55,37 46,53,35 53,60,44 56,59,43 45,54,37 44,54,35 42,49,30 49,42,33 39,44,29 38,36,28 34,33,26 35,31,27 34,29,27 35,29,28 41,35,32 47,49,38 46,45,35 49,57,42 54,64,44 56,72,51 56,75,53 62,60,50 58,61,50 60,65,52 59,74,52 63,72,56 62,74,57 62,78,58 68,67,55 73,57,58 75,71,63 81,61,65 79,54,60 76,51,57 76,53,60 80,51,58 82,53,58 82,50,52 92,54,56 87,65,63 88,69,63 87,72,64 87,72,63 83,69,63 82,67,62 84,71,62 86,73,64 
51,61,38 53,63,41 54,64,44 55,62,44 55,53,41 64,53,45 63,49,44 55,45,40 56,42,41 53,41,37 65,42,45 58,41,40 60,40,40 60,38,43 71,46,49 68,47,46 63,45,44 62,46,44 59,58,47 60,74,57 58,77,53 61,75,58 60,77,57 56,81,51 55,73,53 56,77,56 56,78,53 55,75,49 64,85,57 60,76,56 61,84,58 63,80,56 71,94,56 71,69,57 75,77,62 78,71,63 75,57,56 77,63,57 76,61,54 80,52,55 79,57,54 88,62,60 79,58,56 80,66,57 80,67,59 84,70,61 83,69,62 83,67,61 84,71,63 77,65,56 
63,49,45 59,50,41 61,53,44 59,47,41 66,43,44 55,50,38 55,45,40 54,41,37 63,45,46 65,43,42 66,33,37 62,42,44 58,42,39 66,40,45 68,58,50 61,52,43 54,39,38 59,44,46 55,55,45 57,64,50 60,71,56 50,53,43 57,71,52 56,71,52 60,80,58 54,73,54 63,85,57 57,72,53 54,59,47 64,71,54 66,89,56 67,84,54 66,81,51 62,73,52 68,82,57 73,68,58 74,68,56 77,74,59 78,60,54 86,54,57 75,55,50 81,57,54 82,58,58 87,63,60 90,72,61 91,75,66 87,72,63 93,78,73 88,74,68 85,72,65 
57,50,42 54,47,38 58,47,41 64,45,46 70,39,45 59,43,40 64,44,47 67,47,50 66,43,48 70,41,47 73,46,47 69,41,48 71,42,48 72,38,47 73,59,52 64,50,47 68,45,48 67,48,50 69,53,51 67,54,51 69,62,55 73,56,56 82,64,61 74,80,64 66,77,59 74,84,67 84,80,69 84,73,67 95,79,75 91,86,72 72,87,64 81,80,68 92,77,71 85,80,68 74,83,57 84,75,63 93,77,68 99,82,70 100,85,76 108,89,81 116,102,94 103,92,74 105,93,77 104,93,78 106,95,80 102,94,79 102,94,78 102,94,78 90,85,69 87,83,68 
52,40,36 56,37,39 61,41,43 70,46,51 80,39,53 71,47,52 77,56,57 88,64,67 96,74,76 96,77,76 99,84,76 81,69,63 92,81,73 81,71,63 82,84,67 104,99,84 110,102,91 96,86,73 107,98,84 106,97,83 102,94,77 120,110,91 129,118,100 144,129,114 154,140,125 142,130,114 141,132,116 120,117,97 150,140,124 135,129,107 111,113,88 115,115,93 111,106,85 116,107,87 108,97,80 100,93,72 118,103,87 115,101,85 108,94,79 100,88,73 114,103,89 107,101,79 116,103,84 109,97,81 106,94,79 96,86,70 103,92,81 104,93,85 101,91,82 96,87,77 
70,48,53 85,62,67 100,82,84 103,90,89 134,115,120 126,110,109 135,117,114 145,124,123 152,133,130 127,109,100 115,98,87 105,91,80 107,90,78 97,87,75 79,77,62 99,92,77 93,79,68 97,85,78 103,91,86 111,99,95 108,96,98 106,95,95 107,103,99 108,100,95 104,91,86 114,105,103 110,99,98 106,101,97 113,103,101 117,108,108 112,107,104 114,111,100 115,111,109 120,114,116 123,118,120 123,112,110 114,108,109 109,103,107 110,105,109 113,110,117 120,116,120 115,111,114 111,107,107 106,105,103 116,115,114 118,114,116 115,112,114 117,112,114 114,111,109 114,112,115 
131,114,117 125,108,106 105,89,84 98,80,74 107,89,87 102,86,83 98,81,78 99,85,83 93,79,75 97,84,79 100,89,85 111,101,100 104,94,90 92,93,83 100,98,106 114,110,118 106,102,106 111,108,113 107,103,108 111,107,110 114,110,117 119,116,119 105,108,100 101,108,96 116,112,113 123,121,121 134,129,136 126,125,127 126,126,130 136,133,139 132,131,132 129,127,128 120,122,113 115,115,105 124,116,115 112,103,99 114,109,104 112,106,105 104,102,94 110,102,100 106,99,93 108,100,96 107,103,92 104,97,87 100,95,81 97,97,77 112,104,92 114,102,93 113,100,90 112,102,93 
86,73,73 93,80,81 96,84,89 98,89,96 95,88,93 90,84,81 103,92,91 102,91,91 102,89,89 105,93,85 107,95,89 106,98,85 95,94,75 104,91,82 105,94,81 105,93,77 104,92,78 108,96,79 119,102,83 112,96,78 108,99,82 117,103,85 110,96,82 113,98,83 116,97,83 117,100,86 122,104,96 126,111,99 127,109,95 113,103,89 114,107,89 118,109,93 117,110,93 121,108,97 111,101,90 110,99,90 108,99,86 109,99,88 108,99,87 112,102,91 107,98,87 104,97,85 105,96,83 112,102,87 103,94,83 98,90,79 107,98,85 101,92,83 93,86,77 92,85,74 
101,93,97 101,92,98 102,92,96 105,93,95 100,92,83 87,83,63 94,80,69 93,80,68 91,78,70 95,84,71 99,88,72 97,84,72 101,89,76 95,85,73 101,91,76 97,89,73 104,93,71 103,93,71 115,102,76 101,91,75 98,91,75 102,94,80 106,101,82 109,102,87 115,102,89 120,106,95 125,113,102 127,115,105 122,109,99 120,108,96 125,113,99 117,108,94 108,99,89 110,100,91 108,98,87 109,99,89 110,99,88 105,95,87 106,96,88 109,100,91 105,97,88 106,98,87 101,93,82 99,92,81 99,92,81 99,91,81 97,90,80 96,89,81 60,59,59 83,77,70 
97,82,78 97,85,79 94,84,75 99,86,79 107,96,86 100,92,78 102,93,80 95,87,76 93,84,72 93,84,71 103,92,74 98,86,73 97,87,74 105,95,80 106,97,83 106,97,78 101,92,75 105,94,75 106,96,76 104,94,79 106,96,81 108,99,86 103,97,82 110,103,92 113,104,92 116,108,97 115,105,96 117,107,98 114,104,96 112,103,93 119,106,96 113,104,94 110,101,90 107,98,88 103,95,84 111,103,93 111,102,91 114,104,94 110,97,91 107,98,91 104,96,89 105,96,87 107,97,90 104,95,87 102,95,86 100,93,84 97,89,81 93,85,79 80,56,56 90,85,79 
84,73,68 230,226,218 237,233,222 234,228,213 231,222,200 233,226,208 227,218,194 191,185,171 92,82,71 98,87,76 99,87,75 103,90,77 102,90,78 109,97,85 119,107,94 115,108,90 110,101,85 107,95,82 107,96,83 109,98,86 110,99,87 112,102,90 110,98,87 115,104,94 110,102,93 117,108,99 106,98,89 114,104,95 105,97,89 110,100,92 109,98,91 110,100,90 107,100,89 104,96,87 108,100,92 119,110,100 120,109,98 117,108,98 117,106,98 108,98,94 105,98,91 108,100,92 108,99,94 104,96,91 105,97,90 104,97,90 106,99,91 103,95,90 57,52,51 107,100,92 
87,77,68 239,236,227 237,232,221 232,222,198 220,195,144 232,225,209 225,218,198 194,187,174 96,84,74 102,88,78 105,92,81 107,94,81 102,89,78 108,98,84 113,104,91 118,110,94 119,109,91 121,111,96 119,109,93 117,106,93 119,109,99 120,107,97 108,96,88 118,108,100 116,107,98 117,108,99 117,108,99 116,108,100 111,102,94 113,105,98 105,95,89 116,99,94 105,96,90 112,103,93 111,102,94 115,105,96 122,111,105 119,109,101 117,107,100 120,108,102 114,106,101 108,103,94 109,103,95 109,104,95 110,103,96 108,101,94 113,106,100 113,104,97 58,56,55 105,93,90 
85,74,68 238,235,228 233,224,201 227,219,199 193,180,151 232,224,206 235,225,206 200,192,171 109,96,87 113,99,87 112,99,84 112,100,85 108,99,85 115,104,91 116,105,91 109,99,87 111,103,88 114,103,90 114,104,92 122,111,99 122,111,101 119,109,100 111,99,92 114,108,99 117,111,100 112,106,96 121,114,105 120,113,103 115,107,99 111,103,97 109,102,95 116,101,97 111,100,95 117,109,100 119,110,102 115,106,99 117,107,100 117,107,100 120,111,103 128,117,108 124,113,109 116,109,101 109,104,95 105,101,92 111,106,98 111,105,98 108,101,94 114,108,101 48,47,46 100,89,86 
86,78,72 238,235,227 236,230,215 231,220,190 221,215,198 216,209,195 221,213,196 192,185,169 110,99,91 115,103,94 107,96,88 106,95,84 108,96,88 109,97,86 113,103,90 115,104,94 108,102,92 119,110,92 120,111,102 121,112,99 122,113,100 115,102,93 130,112,108 119,112,102 114,108,98 115,111,101 119,113,102 118,113,103 125,117,107 117,110,103 120,112,104 129,117,113 110,101,97 112,104,98 118,111,102 116,107,99 114,106,101 114,106,102 114,106,100 112,102,96 112,102,97 112,101,98 116,107,101 114,106,100 114,107,101 108,102,96 109,102,95 111,105,100 62,59,58 111,104,98 
95,85,80 238,235,227 238,234,226 233,225,201 226,221,208 209,204,191 207,204,190 180,175,163 120,107,94 121,108,101 113,101,93 125,109,95 120,105,95 127,110,101 124,106,96 127,114,102 128,117,105 137,126,110 124,115,107 120,113,100 118,111,97 116,107,98 117,110,100 126,118,103 120,114,104 126,120,105 119,116,103 116,113,105 124,116,105 119,113,106 125,116,109 122,112,105 124,115,107 129,120,113 139,125,109 132,121,112 143,134,130 156,148,144 140,135,132 154,148,152 157,151,154 159,153,156 157,151,149 36,36,35 39,39,39 53,57,61 113,114,103 75,77,60 42,42,42 136,125,121 
106,93,88 116,115,112 115,114,111 112,111,108 112,109,103 110,107,99 108,105,100 105,101,95 140,127,123 133,121,120 141,128,126 127,112,111 139,121,118 146,128,125 142,126,125 140,127,125 147,133,130 147,130,126 130,116,115 142,126,122 137,121,115 131,115,110 105,98,93 99,94,91 146,136,132 140,131,129 135,122,117 115,105,102 143,130,125 146,132,127 152,139,137 127,117,119 157,146,146 176,167,169 147,134,133 129,119,120 171,161,162 157,146,145 172,166,169 155,149,156 155,150,157 163,158,162 163,158,162 63,59,60 60,57,58 62,60,62 95,92,83 79,78,69 58,56,56 126,116,114 
124,110,109 64,64,64 66,66,66 39,39,39 30,30,30 30,30,30 30,30,30 40,39,39 126,112,112 126,114,111 112,101,101 124,107,103 121,107,103 128,113,112 114,102,104 125,114,109 127,114,110 118,105,103 110,98,100 126,110,108 120,106,103 123,109,103 116,106,102 107,97,95 119,108,108 119,106,105 113,102,100 101,91,93 122,111,110 113,102,100 108,97,97 104,95,95 123,115,115 126,116,117 121,112,114 123,115,117 122,113,116 112,104,104 88,83,83 81,77,78 88,84,84 77,72,72 91,86,86 87,82,81 83,79,79 81,76,75 80,76,76 93,88,88 96,91,89 79,75,72 
