49,52,33 43,52,30 41,48,26 43,50,28 37,43,26 78,74,81 51,52,55 21,23,20 38,41,28 49,48,45 45,48,34 52,58,33 40,42,22 24,27,18 35,39,22 55,54,29 27,29,19 45,47,33 74,74,63 152,151,145 232,233,237 240,242,244 238,239,240 236,237,237 235,236,236 233,233,235 230,231,233 226,226,229 226,227,229 223,223,227 171,170,173 123,118,126 137,131,142 112,106,112 78,76,67 72,72,62 65,59,53 101,96,84 89,84,78 150,147,152 71,70,60 55,57,45 101,97,100 50,54,40 27,29,24 46,47,48 185,182,190 150,146,156 91,93,103 160,161,172 
37,38,34 37,38,35 38,40,34 37,39,35 39,40,36 38,39,35 48,47,47 42,42,43 35,35,33 36,40,27 70,69,52 38,41,26 34,36,22 34,38,17 35,39,18 61,65,33 29,33,18 39,44,22 59,61,44 105,106,97 244,245,249 240,241,244 239,240,241 236,237,237 236,237,236 235,236,236 233,233,234 228,228,230 226,227,229 232,233,236 196,195,202 118,115,120 105,104,105 61,62,48 75,77,73 113,112,113 85,75,76 82,75,64 116,112,112 93,88,81 68,67,60 112,107,112 120,114,130 102,100,107 61,61,63 188,188,198 175,170,180 92,91,98 110,107,114 133,131,147 
45,46,43 67,68,66 86,87,84 89,90,88 80,81,79 92,92,91 79,79,77 94,94,92 70,70,69 39,41,32 38,43,24 43,48,28 37,42,21 46,51,23 44,48,26 58,67,23 55,59,29 63,65,53 119,119,114 119,118,111 233,234,238 240,241,245 237,237,238 234,234,235 236,237,235 235,237,235 233,234,234 231,231,233 229,230,232 233,234,237 145,142,148 154,152,160 103,101,103 82,79,76 189,185,190 187,184,189 99,95,97 78,73,58 86,85,80 82,81,72 85,81,77 102,99,97 184,181,188 227,222,225 133,132,132 154,151,151 81,83,83 92,96,104 64,64,66 176,173,188 
38,40,37 34,35,33 35,36,34 34,35,34 36,37,34 36,37,34 36,37,36 39,40,39 36,36,35 29,31,24 30,33,22 37,41,24 44,51,25 42,49,22 40,48,18 49,57,18 64,69,38 91,87,83 107,106,96 215,216,216 244,245,249 238,239,243 236,237,239 237,238,240 237,238,237 233,235,233 234,234,236 231,232,235 229,230,234 158,156,167 112,111,121 135,134,144 106,103,107 73,74,61 150,142,151 174,167,173 96,94,85 86,80,84 111,108,114 90,89,84 87,87,88 140,136,146 147,141,152 229,225,229 131,128,134 92,95,81 84,85,85 177,178,186 76,77,87 166,165,171 
36,37,34 58,59,54 58,59,57 57,58,56 57,58,57 37,38,35 32,33,32 50,49,51 33,34,33 30,33,28 30,33,25 41,47,27 42,47,25 38,44,23 44,52,19 54,62,20 89,94,65 62,60,53 131,128,129 197,195,194 242,244,249 239,240,243 235,236,237 235,236,238 236,236,237 235,236,236 235,235,236 233,233,236 233,233,236 143,142,153 116,116,125 101,102,98 65,70,51 76,76,66 121,115,122 61,62,47 50,55,36 97,93,98 125,122,127 113,108,106 145,141,151 159,152,161 206,202,210 180,175,180 118,118,112 66,70,52 125,126,125 125,127,126 143,141,150 126,129,135 
41,42,35 37,42,28 34,38,29 33,40,27 47,49,32 39,40,32 26,28,25 39,41,34 37,39,40 31,35,26 23,25,21 35,41,24 35,40,23 38,42,28 51,57,28 62,68,30 65,72,32 63,66,54 187,186,186 118,116,104 240,242,247 241,242,243 238,239,237 237,237,238 235,235,237 235,236,237 235,235,236 235,235,236 227,227,226 171,170,176 91,96,95 96,102,95 68,74,53 95,93,92 98,99,103 64,66,56 66,67,56 92,89,95 82,80,73 78,75,70 98,95,95 103,101,103 181,178,185 101,103,96 102,104,89 81,81,80 144,144,146 112,117,100 86,91,81 107,111,109 
38,43,33 31,36,28 39,42,32 33,39,27 39,46,30 36,38,27 31,34,27 33,38,24 88,85,97 57,56,60 91,92,93 52,56,39 40,47,24 34,37,27 88,89,80 85,79,72 77,84,46 88,87,76 94,96,73 113,119,92 173,178,183 230,230,232 240,240,239 237,237,236 235,235,235 236,236,237 236,236,236 236,236,236 211,212,211 138,142,147 94,100,101 60,69,48 68,74,61 127,125,131 154,151,164 102,103,105 76,75,73 85,82,79 69,71,60 80,81,76 73,75,67 117,118,120 169,167,174 173,169,175 107,107,101 140,139,143 115,115,116 86,91,73 76,83,65 138,138,142 
37,42,32 34,39,31 36,40,30 34,37,31 34,38,30 41,43,32 48,53,32 39,43,29 49,53,38 50,51,45 70,72,59 85,87,71 57,61,38 53,60,38 63,67,51 99,97,90 61,67,36 72,76,54 68,75,45 87,93,75 106,112,111 207,208,211 240,240,237 237,237,235 238,238,236 237,237,238 236,236,235 237,237,235 171,172,183 85,94,90 84,91,84 72,79,72 103,106,112 130,127,140 141,137,149 147,144,155 100,97,107 64,66,57 99,95,97 96,96,99 95,97,100 177,175,180 174,172,177 110,109,115 136,136,135 142,139,151 96,97,90 142,143,148 151,153,151 210,209,214 
48,54,39 39,44,27 57,60,45 39,41,36 39,42,35 52,55,39 50,56,34 55,62,43 57,66,41 38,45,28 49,57,33 83,87,64 65,68,47 70,71,61 69,69,55 66,68,45 70,78,40 69,74,44 67,77,45 69,76,57 71,78,58 218,219,217 241,241,237 238,238,236 240,239,238 239,239,240 239,239,237 239,239,237 220,219,224 93,101,103 114,122,132 102,107,112 147,145,161 72,76,65 94,95,97 113,110,121 86,84,85 74,73,68 52,54,41 86,87,85 165,164,165 172,170,171 152,149,157 140,138,146 166,165,179 165,162,169 145,146,137 198,196,205 219,218,221 186,185,191 
133,134,140 57,60,46 90,92,71 62,61,48 51,50,37 76,73,52 98,95,81 155,156,162 57,62,45 49,55,46 42,50,31 55,63,34 76,76,68 103,102,99 89,85,72 71,75,51 71,78,40 77,82,48 69,74,57 60,65,53 68,74,56 163,165,174 243,243,240 241,241,239 241,241,242 240,240,241 241,241,240 241,241,239 189,192,199 122,125,139 132,138,153 131,134,149 147,146,160 58,61,59 126,126,137 122,120,134 104,103,112 60,61,56 62,64,54 84,89,81 131,129,143 148,145,158 161,159,170 145,143,153 98,95,99 82,82,82 148,147,155 200,200,204 215,215,216 234,233,234 
109,111,118 141,135,139 153,148,136 94,89,76 102,93,85 107,104,97 113,115,102 151,150,153 62,66,49 55,61,39 37,44,32 49,60,31 59,64,46 89,88,79 72,76,52 71,71,57 61,65,42 53,59,31 62,68,45 55,62,45 110,113,116 132,135,142 239,239,237 242,243,240 241,241,242 242,242,242 241,241,241 213,215,217 174,179,185 122,129,133 122,128,142 133,138,155 119,119,135 76,78,81 103,100,110 165,164,178 163,160,173 79,77,84 79,75,79 76,79,85 112,110,122 171,166,179 118,117,121 140,136,154 84,84,75 118,119,128 201,200,202 241,241,239 241,242,239 242,242,240 
80,85,86 161,154,165 179,171,163 108,108,84 114,110,99 102,102,84 89,98,62 109,108,93 100,101,79 77,83,58 70,76,59 70,77,46 58,66,42 70,71,55 56,61,42 65,70,46 59,64,42 51,56,39 42,46,31 47,51,37 84,90,78 86,91,90 227,227,228 245,245,244 243,243,244 243,242,243 244,244,244 139,149,153 78,93,68 68,78,57 87,95,97 95,102,108 83,88,97 61,64,65 92,93,100 164,161,180 113,111,123 129,125,133 83,83,87 168,166,176 100,102,98 105,102,107 98,99,102 185,183,195 171,171,175 138,136,148 206,205,210 242,242,240 242,242,240 243,243,241 
93,91,96 140,134,142 66,73,39 54,63,31 68,70,50 76,83,49 64,74,39 76,85,48 85,92,65 77,82,59 91,97,82 59,65,40 53,56,35 66,72,49 65,70,49 87,84,76 58,63,47 55,60,42 77,84,59 67,72,48 59,64,45 71,79,63 207,208,214 245,246,245 243,244,244 241,242,242 205,209,209 82,95,79 78,92,70 61,75,41 69,81,69 75,85,84 89,94,107 64,66,71 74,72,82 97,95,108 108,105,119 84,82,85 74,72,72 119,117,125 62,65,55 83,80,82 120,120,126 175,173,182 203,203,205 199,199,202 240,239,238 242,242,240 244,244,242 244,244,242 
142,136,143 143,135,145 115,113,98 66,71,53 98,93,74 123,124,103 75,78,59 57,68,43 61,71,41 78,84,55 118,119,117 66,72,50 62,67,49 66,73,49 100,102,93 98,99,95 49,54,41 50,51,36 63,68,48 63,69,48 53,59,39 69,78,55 133,139,129 246,247,247 243,245,244 240,242,241 160,166,166 76,87,67 75,87,64 56,70,37 69,80,74 113,119,121 104,105,122 50,54,55 77,76,86 78,77,82 59,60,57 89,86,93 136,132,142 114,114,124 72,72,72 109,108,115 149,147,157 129,128,131 160,159,167 227,228,227 241,241,240 243,243,241 245,245,243 210,211,210 
153,148,155 145,138,148 194,183,184 158,149,139 141,132,121 161,152,154 86,88,80 72,85,47 63,77,37 61,75,31 60,74,36 86,93,78 101,110,80 77,86,62 81,91,63 100,102,91 58,63,47 54,58,43 46,51,31 56,61,41 52,58,39 68,77,53 97,103,84 241,242,244 243,244,245 240,242,243 171,174,175 74,84,60 74,85,65 64,76,48 109,118,120 107,117,115 141,144,163 144,144,162 89,87,98 77,73,81 72,71,76 91,88,92 125,120,131 119,116,126 91,90,89 126,125,130 129,126,136 136,135,142 172,170,179 229,229,228 240,240,238 203,204,201 245,244,243 176,176,180 
87,93,72 123,122,119 206,194,196 200,184,184 201,188,187 173,163,164 125,118,119 57,64,42 63,72,41 61,70,41 56,69,28 59,72,41 68,88,31 85,102,51 75,92,46 62,68,48 59,65,51 55,57,50 47,49,30 48,51,35 45,49,37 59,66,45 82,88,65 205,206,212 245,246,248 237,238,241 155,159,167 79,87,68 74,83,60 85,94,90 66,81,53 84,92,91 159,160,175 180,180,187 131,129,143 75,73,76 112,108,118 70,65,69 161,157,163 118,114,126 116,113,124 139,134,150 211,210,212 200,199,201 243,243,241 234,232,232 214,210,210 112,120,97 150,152,129 130,135,116 
103,103,102 92,91,86 154,145,141 202,184,184 203,187,188 195,182,185 119,113,110 63,69,46 60,69,44 69,77,45 60,69,42 65,74,47 54,69,24 56,69,28 61,75,36 82,78,67 45,49,37 69,74,57 77,83,68 57,62,40 52,58,40 44,49,33 81,88,65 205,207,210 245,246,248 195,197,206 105,113,108 76,84,59 69,78,51 68,80,60 78,89,78 120,126,138 87,91,91 56,58,49 98,98,102 64,66,56 106,102,105 138,132,139 137,130,141 149,150,144 191,190,192 143,139,143 214,210,212 208,201,205 206,197,201 156,154,142 157,160,148 77,90,58 97,102,91 98,109,84 
69,72,54 79,80,75 122,115,107 160,148,145 210,195,196 149,143,136 78,83,63 61,69,48 67,73,47 68,76,47 69,74,52 72,79,55 55,65,37 60,74,38 81,87,55 81,78,67 55,63,47 70,75,53 66,72,51 44,48,31 43,50,30 51,56,41 81,87,70 181,184,187 242,243,246 180,181,193 97,104,85 70,77,59 59,69,44 63,69,50 76,84,68 71,81,54 63,70,44 58,65,40 72,76,54 63,68,44 70,71,62 126,122,125 137,137,132 109,113,89 161,157,148 186,176,182 211,201,207 184,173,182 135,135,130 86,95,72 80,96,61 74,84,64 95,101,98 78,91,61 
96,93,85 86,86,78 113,106,102 175,164,164 167,162,152 83,90,58 71,78,48 75,78,62 83,85,67 74,76,54 62,71,51 69,77,50 56,70,39 67,81,60 63,71,51 70,69,53 59,69,48 67,77,56 64,71,50 45,50,35 57,63,41 72,79,51 100,102,94 161,165,161 239,240,246 184,185,197 78,87,62 65,71,52 65,74,45 61,69,40 65,74,44 65,72,42 65,71,48 74,74,57 65,70,40 57,60,42 55,57,53 117,114,115 156,156,153 91,94,79 125,122,107 161,150,164 154,143,155 182,172,187 160,156,164 77,90,50 80,95,53 73,86,59 83,97,68 61,74,45 
155,144,150 119,114,120 147,139,135 167,153,153 96,102,73 77,82,54 80,82,63 80,82,63 60,67,49 55,63,42 49,59,42 61,70,55 57,69,46 55,66,48 63,76,54 65,79,42 55,61,40 43,50,33 60,68,46 62,72,52 57,65,43 78,83,55 102,99,95 87,93,74 179,182,189 178,181,184 83,90,63 81,88,65 70,76,49 68,74,53 74,82,58 72,80,51 68,72,48 71,73,53 63,66,39 60,63,42 68,68,58 106,102,99 133,132,135 152,150,157 182,177,192 182,178,191 151,148,152 137,133,146 105,110,91 68,78,48 71,81,56 57,62,51 51,64,49 50,58,47 
145,136,144 117,111,123 206,191,195 132,120,114 108,106,93 76,77,59 60,66,41 69,71,51 55,62,46 54,63,41 54,62,44 54,56,39 49,60,41 59,66,44 60,68,49 65,75,49 52,51,31 54,59,33 38,43,30 50,55,37 56,64,39 71,79,52 79,81,72 72,79,62 86,92,76 127,127,120 66,72,53 66,70,52 68,69,47 74,80,58 73,82,52 81,97,57 58,59,48 72,75,56 89,91,79 92,89,80 76,73,55 94,87,84 91,89,92 163,165,175 169,168,176 119,113,124 97,100,87 63,67,51 74,82,54 71,78,48 61,69,43 52,56,43 48,54,40 41,44,34 
127,121,115 92,92,94 155,142,146 140,122,120 91,83,77 129,118,118 88,87,75 154,142,141 79,78,61 44,50,26 68,74,62 72,68,52 45,51,30 95,90,80 65,70,51 74,79,57 79,76,55 61,64,36 38,45,25 43,50,32 65,70,47 65,70,48 62,65,55 57,64,57 76,79,68 127,123,120 82,83,67 66,66,49 68,68,50 81,88,61 71,79,50 89,99,59 74,81,56 62,62,47 95,95,89 116,115,118 52,73,63 62,72,66 52,81,84 74,110,123 90,125,140 117,132,139 103,115,106 59,71,49 67,76,54 71,77,50 89,93,79 74,79,65 58,60,51 82,90,45 
123,116,110 88,89,78 125,117,113 115,103,97 96,88,79 77,78,67 68,74,60 87,88,76 75,74,61 73,72,52 83,79,70 81,73,58 45,46,28 86,83,71 65,69,52 113,110,103 113,107,98 110,98,93 90,91,76 45,50,29 61,68,40 75,78,59 92,94,89 64,63,55 81,78,72 98,92,92 101,99,82 87,81,78 86,78,72 76,81,60 78,90,56 78,89,51 70,80,48 48,52,39 128,128,138 108,142,156 53,90,91 51,77,73 53,113,120 79,137,143 62,90,76 59,83,58 62,105,88 77,98,76 73,78,59 74,78,59 94,98,79 87,90,73 69,72,62 76,87,34 
96,96,78 100,101,95 127,119,114 105,97,81 119,106,98 66,71,57 73,78,64 64,71,50 64,71,44 75,84,59 103,96,82 119,112,98 117,113,105 116,125,99 89,90,75 77,86,69 85,100,78 102,109,81 93,104,69 81,89,58 99,100,75 115,115,92 129,128,117 109,109,95 105,105,90 150,140,137 132,122,118 122,108,107 128,124,108 83,93,61 81,93,61 75,83,57 78,86,63 73,73,76 128,122,122 51,113,122 35,100,106 49,83,85 19,108,114 41,127,130 51,103,88 55,89,70 65,92,69 86,134,139 58,59,49 63,69,41 75,80,53 70,76,46 70,69,49 68,76,39 
88,87,63 150,138,126 179,167,165 186,174,174 125,118,109 71,74,61 59,66,37 56,65,40 68,79,59 71,79,61 74,84,65 78,91,72 98,110,82 131,144,110 74,84,58 62,73,51 84,96,69 117,125,88 95,107,69 88,100,63 93,99,65 96,102,65 98,98,78 107,104,97 116,111,115 113,106,110 107,107,86 100,102,70 98,107,69 62,75,40 74,81,53 93,97,67 103,114,83 87,92,71 102,98,74 33,104,104 19,102,106 47,66,66 21,106,106 49,100,86 51,96,84 56,90,76 69,112,98 76,121,123 68,63,66 67,69,58 82,85,69 71,75,31 75,79,49 69,73,37 
119,124,101 107,110,90 119,129,103 88,99,72 100,113,80 58,67,36 54,62,36 55,64,40 64,73,55 61,71,53 61,72,56 57,69,55 63,78,58 93,108,82 60,70,44 56,66,42 79,90,62 80,90,53 70,82,48 76,89,53 99,115,68 111,105,80 107,98,101 120,110,125 120,111,128 101,94,97 101,101,73 101,107,65 94,98,58 68,79,46 72,84,48 85,87,61 93,98,77 93,102,69 102,116,74 96,112,76 94,113,80 69,76,62 65,106,86 57,93,83 60,70,47 56,60,37 62,73,51 77,95,79 92,98,81 77,83,60 64,69,43 67,73,47 66,70,42 60,65,39 
126,144,103 71,85,44 51,61,27 65,75,43 66,77,45 58,66,33 47,55,24 66,75,49 54,64,41 44,53,33 51,62,52 50,61,46 54,67,47 74,87,63 59,68,47 68,76,50 78,89,54 65,73,40 70,83,47 81,93,54 96,100,65 100,95,85 113,105,117 125,115,129 128,118,133 106,97,107 102,97,79 103,99,72 91,93,63 61,70,42 59,69,37 89,102,70 95,104,77 89,88,71 82,78,77 87,86,75 99,104,78 90,89,65 116,129,85 120,132,89 112,125,80 71,79,43 66,73,41 109,120,72 130,147,93 105,118,74 81,89,59 73,80,48 68,75,45 51,55,27 
128,142,101 103,117,77 94,105,71 87,99,62 60,68,44 75,82,43 56,61,30 48,55,32 71,82,51 52,62,37 42,51,30 46,55,39 56,66,46 68,80,49 61,73,39 65,74,48 81,92,66 70,82,47 80,87,53 91,85,60 83,77,68 98,93,92 115,106,123 119,111,127 118,109,124 115,106,121 98,91,92 101,93,75 95,91,67 59,65,43 38,42,24 71,73,45 95,106,64 109,117,80 113,122,84 108,115,86 95,95,86 84,74,75 94,90,83 101,102,79 99,107,70 82,93,50 55,60,31 70,74,46 95,105,61 127,140,89 113,124,85 78,86,50 63,70,40 89,98,60 
139,156,109 132,150,109 109,122,83 100,109,74 58,64,46 57,64,34 68,74,39 48,57,30 66,79,50 70,84,53 78,91,54 46,55,31 54,62,36 59,70,44 59,70,45 63,76,47 79,90,61 82,91,58 86,83,58 79,72,63 91,85,78 101,94,104 113,106,124 115,108,126 115,106,123 112,104,121 100,93,108 89,83,80 94,91,70 92,90,66 81,84,54 91,101,61 95,105,62 98,99,64 103,116,73 108,119,77 104,114,75 96,95,74 101,105,84 101,100,90 84,82,84 90,85,85 76,76,62 71,74,41 91,100,57 112,125,83 84,95,60 80,87,48 72,80,46 105,118,76 
127,145,99 115,132,89 104,119,83 69,79,50 52,59,38 50,58,29 56,64,42 56,67,36 66,77,51 63,76,53 66,79,67 59,70,47 54,64,33 52,64,34 58,66,39 70,82,49 80,90,59 93,90,64 86,77,64 85,79,77 95,87,90 106,98,113 115,106,124 113,105,123 113,104,122 111,103,120 106,99,117 91,86,92 91,84,80 104,100,73 108,108,81 89,91,64 87,95,54 87,93,55 91,103,59 97,106,61 98,104,65 96,89,65 108,116,73 113,123,79 115,121,81 112,115,89 92,95,77 61,66,41 69,70,44 91,99,61 93,99,65 76,82,44 65,70,36 97,107,70 
96,110,76 77,87,56 64,74,45 57,65,39 46,52,27 61,69,41 57,69,47 54,66,44 61,74,46 52,63,43 58,70,53 61,76,52 52,68,30 54,64,32 71,84,50 74,87,52 86,95,61 89,89,68 82,76,74 91,83,83 100,92,104 112,102,118 115,106,125 112,102,121 110,101,121 110,102,120 106,99,117 97,91,106 94,87,83 97,90,77 101,98,69 103,103,81 90,89,66 87,97,55 89,98,58 91,99,56 94,95,59 97,81,55 101,106,64 103,110,67 110,115,74 110,113,72 94,100,57 80,87,50 84,94,64 101,111,69 86,93,54 65,71,45 89,89,56 92,95,60 
60,68,48 58,67,49 55,64,42 57,65,33 55,61,34 58,66,44 51,61,42 50,61,43 55,63,46 49,58,41 53,65,41 58,73,40 56,70,31 60,75,41 74,90,54 79,92,57 83,94,58 89,88,62 88,82,81 95,91,86 104,96,112 110,101,118 112,102,122 111,101,124 114,104,124 111,103,121 108,99,119 100,94,109 94,87,92 94,98,75 94,93,65 92,90,59 95,96,71 77,79,56 78,84,51 83,89,52 85,88,51 94,85,58 99,105,63 98,103,64 99,106,61 101,108,63 109,116,71 108,117,69 109,119,75 112,119,76 127,139,88 97,101,64 77,85,51 86,92,58 
67,75,56 60,72,58 63,71,45 57,64,42 58,66,47 50,58,39 51,61,47 52,58,38 52,58,42 54,65,47 59,67,50 62,74,40 67,78,47 73,83,52 74,86,51 78,92,57 91,91,64 94,80,76 101,94,86 99,92,102 103,97,114 108,100,118 110,99,120 109,99,118 112,101,122 109,100,117 105,97,113 107,98,112 91,82,94 92,86,77 95,87,77 96,87,69 93,90,60 102,100,86 89,82,77 72,71,44 75,78,43 76,75,41 96,96,59 95,96,55 95,100,54 99,108,56 101,108,59 102,114,63 109,119,71 91,103,67 100,111,79 93,98,66 85,92,65 90,100,72 
69,80,57 57,70,56 68,79,58 59,67,48 54,58,37 45,48,28 49,53,35 51,58,39 46,53,36 60,58,41 62,62,41 68,78,47 72,83,52 79,92,59 78,92,58 88,77,59 96,73,67 85,81,76 96,93,83 104,97,114 104,99,116 112,103,122 111,102,121 108,100,116 109,100,117 107,98,113 104,96,112 105,96,110 105,95,108 89,79,84 97,90,83 94,86,75 91,81,63 93,92,64 105,101,92 96,88,85 80,71,47 82,86,47 88,82,51 85,81,48 94,87,48 91,90,51 97,99,57 96,106,54 98,104,65 76,87,55 76,87,65 80,89,70 76,87,65 69,79,55 
66,78,58 62,76,61 60,68,49 50,56,39 51,44,29 49,47,28 52,57,34 50,48,31 48,54,33 65,60,44 66,73,46 71,85,53 75,86,56 73,87,54 76,88,58 89,79,66 86,80,79 88,86,77 96,88,99 106,98,113 107,101,118 113,104,121 110,101,118 108,100,116 111,102,118 107,99,114 104,97,112 106,98,113 101,91,105 95,85,96 95,84,85 97,89,83 93,81,69 86,82,52 89,85,62 109,99,102 99,89,89 74,75,49 84,80,47 81,76,46 82,73,44 84,75,49 93,80,60 93,93,63 81,83,44 64,78,54 65,72,46 68,79,53 86,101,59 96,107,59 
58,65,43 55,61,43 52,58,40 56,56,37 60,49,40 59,60,39 62,60,40 68,61,45 62,67,47 75,78,49 71,83,52 72,85,54 73,85,57 77,83,56 80,74,57 102,85,77 98,89,90 83,78,84 86,82,96 92,88,103 97,91,108 97,92,109 94,90,108 95,90,110 94,89,109 93,89,109 91,86,105 90,85,102 87,82,97 83,79,90 80,72,81 102,92,85 95,86,82 94,77,68 93,75,66 97,85,70 101,100,92 93,86,83 71,68,49 87,79,53 78,75,40 86,80,49 86,84,47 81,76,50 88,85,43 76,80,39 59,66,31 64,74,37 78,92,49 99,111,59 
49,49,28 61,59,36 57,64,39 62,65,42 59,61,42 65,65,45 65,66,47 64,62,45 68,76,49 69,80,50 69,81,51 68,74,48 85,77,57 87,77,55 100,84,76 83,75,75 89,86,77 76,71,84 83,81,95 91,88,104 94,91,107 97,92,110 94,89,106 95,90,110 95,90,110 93,89,107 92,88,105 92,86,103 87,82,97 82,78,91 78,71,84 83,75,72 92,87,77 82,75,74 87,69,69 93,72,63 84,76,59 97,93,86 106,94,98 82,77,63 78,80,46 77,74,43 79,70,42 78,77,48 76,82,52 77,80,43 66,70,33 82,86,59 82,90,45 83,91,53 
59,61,41 57,56,37 61,63,41 71,77,52 70,77,55 75,79,52 72,77,56 63,65,44 66,75,52 72,80,54 75,88,57 83,82,56 101,77,58 82,66,60 82,70,75 84,79,76 81,79,76 78,75,90 84,82,96 94,92,106 94,91,104 96,91,108 96,91,108 93,89,108 94,89,109 94,88,106 91,87,104 91,86,101 87,84,98 83,80,93 78,74,88 76,69,80 88,81,75 85,80,77 80,72,73 86,71,69 89,77,65 82,74,57 96,93,83 100,91,93 86,76,62 86,74,52 83,70,46 66,60,36 76,75,41 65,76,40 68,74,32 78,85,27 67,72,49 69,78,47 
72,69,46 68,70,51 70,74,53 73,83,58 80,88,63 77,83,57 76,88,65 75,86,60 77,89,61 79,94,63 84,86,60 91,72,63 112,88,94 77,68,72 81,73,76 85,78,74 75,70,85 82,79,93 87,85,99 99,95,109 91,89,104 93,89,105 91,87,103 92,88,106 93,88,106 91,87,104 90,86,102 88,86,100 87,85,99 82,79,94 78,73,89 75,70,83 77,70,76 94,85,72 93,85,82 83,73,73 93,79,72 90,82,66 84,67,56 97,91,90 97,87,91 86,76,69 73,63,39 81,70,52 76,65,45 60,62,39 53,62,28 47,60,22 44,52,25 65,73,48 
68,73,48 75,76,54 72,79,55 75,87,62 78,90,62 77,88,60 80,94,64 81,92,58 77,91,54 87,88,59 90,74,60 91,68,65 83,72,72 79,72,74 83,79,77 75,71,79 79,76,91 88,84,100 90,87,102 92,89,105 94,90,107 91,87,104 90,87,104 90,88,104 93,88,105 90,85,101 93,88,103 91,88,103 87,85,99 83,79,95 80,75,91 76,72,87 72,67,79 87,74,70 90,83,73 84,76,72 82,71,65 83,73,49 96,80,67 81,75,61 106,99,106 96,85,86 90,78,66 68,67,39 72,62,41 59,51,30 36,34,19 31,32,17 41,45,25 56,63,37 
78,79,56 75,72,55 70,80,53 74,83,58 79,94,61 82,92,61 73,85,54 78,89,57 80,83,60 92,81,65 85,72,60 74,69,62 77,68,69 87,80,84 82,81,80 75,71,86 84,80,94 91,86,100 90,87,103 89,86,104 94,91,107 92,88,104 93,89,105 95,90,107 93,89,107 91,87,103 92,89,104 91,88,103 87,85,100 86,82,98 81,77,93 75,70,86 72,68,82 80,69,76 96,83,76 95,83,81 84,75,69 82,64,56 82,74,53 90,77,61 86,81,64 99,95,89 94,83,80 76,62,50 65,56,34 59,47,31 60,42,24 44,31,19 37,38,23 54,55,38 
75,78,53 87,77,55 76,84,62 82,95,65 77,93,59 81,93,61 79,87,55 75,65,45 96,72,64 83,58,55 76,63,65 78,71,72 85,73,75 91,79,75 71,66,79 81,77,92 89,85,99 88,84,98 89,87,103 90,88,106 92,90,109 93,90,106 100,93,107 98,93,109 92,88,106 91,87,104 91,89,104 91,86,102 89,86,102 88,84,99 82,79,96 79,75,91 73,70,85 71,65,80 81,69,76 97,76,78 92,76,75 78,62,54 82,64,51 77,68,49 80,75,48 78,78,56 102,99,90 88,78,77 70,62,50 62,54,35 58,53,31 51,39,23 51,37,37 52,45,29 
71,70,53 86,90,73 89,101,78 87,100,72 86,89,67 89,94,72 90,81,67 88,67,60 94,64,65 84,70,71 74,66,66 82,76,78 90,79,82 82,74,76 73,69,86 83,80,94 84,80,96 87,84,99 89,86,102 87,86,105 93,90,108 94,91,107 94,90,105 95,90,108 94,89,108 91,89,107 93,90,106 91,87,103 90,87,104 89,85,102 85,80,97 78,76,92 78,74,89 75,68,82 77,68,79 94,81,82 91,78,77 103,74,73 96,69,60 81,70,54 96,86,56 82,61,51 93,83,64 102,98,97 89,80,81 82,78,68 56,53,30 68,54,36 82,71,70 57,51,37 
77,84,62 238,234,228 234,227,209 235,230,219 236,232,225 238,235,228 239,236,229 203,197,192 83,70,65 85,77,75 81,76,71 82,75,75 83,77,77 70,66,79 78,73,90 81,78,94 82,79,95 86,84,100 87,85,103 89,87,105 93,90,108 94,90,109 93,89,107 97,90,107 95,90,109 93,89,109 94,91,108 89,86,103 91,87,106 88,84,102 87,82,99 82,78,95 79,75,91 77,72,87 83,73,84 89,75,78 90,72,71 99,78,74 93,64,61 89,66,60 73,66,41 80,72,49 86,77,56 90,88,69 101,94,91 95,87,87 82,75,65 54,53,32 50,45,40 61,49,32 
73,84,62 238,234,224 233,225,206 232,225,207 221,198,155 235,231,223 237,234,228 203,200,194 84,73,76 87,75,77 83,75,73 82,79,73 82,70,74 72,69,86 82,79,94 80,77,92 84,82,99 89,87,103 91,89,104 88,87,105 93,91,111 94,91,109 92,88,106 96,90,108 99,94,114 96,91,112 94,90,108 91,88,106 93,88,107 91,86,105 85,81,100 85,81,99 82,79,94 78,73,89 77,72,87 84,74,83 86,73,69 113,90,85 100,77,70 83,70,60 84,67,56 88,78,54 103,88,68 93,82,61 91,80,68 103,101,90 91,82,82 79,71,62 51,50,47 58,45,33 
76,89,62 234,228,212 233,225,204 226,218,198 197,181,148 222,213,191 224,217,201 200,195,188 88,74,76 97,82,88 115,93,102 96,88,82 75,70,85 78,74,91 80,78,94 81,79,94 87,84,101 90,87,104 88,87,105 91,89,109 93,91,111 93,92,111 93,89,106 96,92,110 96,93,113 97,92,112 96,91,110 97,91,111 96,90,110 94,89,110 88,82,102 87,84,101 84,81,97 78,75,92 75,70,88 73,69,84 88,73,78 86,70,66 121,91,84 82,67,59 94,82,65 96,80,62 84,82,55 93,84,57 88,69,56 94,78,62 102,95,88 85,74,68 40,39,38 59,55,40 
83,87,62 234,227,207 227,224,199 228,220,201 225,218,202 229,223,209 229,222,204 201,194,182 93,78,83 95,80,87 89,78,80 83,74,81 77,73,89 79,76,93 83,79,96 89,85,100 88,85,101 86,85,102 90,85,102 92,91,111 92,91,110 93,92,111 95,91,110 96,92,111 95,92,113 98,93,113 98,92,114 98,92,112 97,92,112 96,90,112 89,84,102 89,85,102 84,81,98 82,77,95 76,72,90 76,71,88 77,71,82 85,73,74 93,71,73 94,69,71 79,67,59 79,74,52 79,65,47 103,90,72 104,88,71 100,71,61 93,88,65 93,92,75 53,51,49 86,82,72 
71,75,54 232,222,194 231,227,207 231,224,205 235,225,206 233,222,195 234,226,206 204,199,190 85,75,77 89,80,75 91,77,78 72,68,84 77,73,88 81,77,94 82,79,95 88,84,99 87,85,103 88,86,104 90,89,107 95,92,113 92,91,110 99,97,115 128,126,141 98,94,113 100,97,116 103,99,117 100,94,116 114,108,126 117,115,132 98,90,112 91,86,103 87,84,102 87,84,100 83,80,98 80,76,93 78,73,91 79,73,86 86,80,82 105,83,82 104,79,77 82,64,57 97,92,76 108,90,79 36,36,35 39,39,39 53,57,61 113,114,103 75,78,61 42,42,42 83,79,67 
84,87,62 114,110,100 112,109,98 110,107,100 111,107,99 111,107,97 112,109,102 104,102,100 85,79,77 83,72,66 75,66,80 74,71,87 77,74,90 82,80,95 90,86,101 89,85,101 88,86,104 92,90,108 90,89,108 95,93,112 93,91,111 105,104,122 140,138,152 117,115,132 108,107,125 118,115,129 104,100,121 136,133,147 130,128,143 99,93,113 95,88,106 89,87,106 89,87,105 86,83,100 85,81,98 81,78,94 78,73,90 81,76,86 85,78,85 95,79,82 94,74,82 88,67,70 96,77,68 50,45,41 50,51,42 62,56,51 89,83,67 64,65,46 51,46,40 95,99,76 
88,79,56 62,62,62 64,64,64 40,40,40 30,30,30 30,30,30 30,30,30 35,34,34 99,95,82 85,73,76 70,66,84 75,71,88 81,77,93 84,81,97 88,85,101 87,85,102 86,86,104 88,87,105 90,90,109 89,89,111 90,90,111 95,93,115 126,123,141 136,135,149 101,99,123 102,98,120 128,125,143 142,140,152 107,105,124 96,93,112 97,92,112 92,89,109 90,88,107 88,85,104 86,84,101 84,82,98 79,76,92 68,65,77 74,69,70 72,65,66 74,65,67 56,50,51 64,54,54 65,56,53 61,61,49 62,54,47 71,61,54 74,65,57 69,60,52 58,59,45 
