148,150,147 148,150,147 150,152,149 154,154,153 158,158,156 163,162,161 170,169,167 179,178,176 179,178,176 202,201,200 200,200,199 201,201,202 204,204,203 201,201,200 202,202,203 204,204,205 209,210,212 210,210,213 205,205,209 193,193,195 195,196,199 199,200,204 203,204,208 206,207,211 198,199,202 197,198,200 191,192,194 190,192,193 195,196,198 196,198,198 194,195,195 195,195,195 195,194,195 194,193,194 189,189,191 182,182,184 180,180,181 180,180,180 179,179,179 180,181,181 182,183,184 184,184,186 180,180,182 173,173,175 174,174,176 177,177,179 179,178,181 179,177,180 177,175,178 176,174,177 
61,62,61 63,63,63 61,62,61 64,64,63 67,67,66 64,64,64 68,67,67 69,69,69 71,71,70 200,199,197 200,200,198 197,197,196 201,201,199 203,203,202 204,204,205 204,205,206 209,210,212 212,213,216 206,207,211 197,198,201 194,195,198 195,196,200 203,204,208 205,206,210 200,201,205 198,199,202 193,194,196 196,197,199 202,203,205 199,201,201 198,198,198 198,198,198 197,196,196 195,194,195 189,189,190 184,184,184 181,181,181 181,181,181 179,179,180 180,180,180 183,184,186 185,185,188 180,180,181 174,174,175 175,174,176 177,175,178 179,177,180 179,177,180 178,176,179 178,176,179 
69,69,68 94,94,94 108,109,108 111,111,111 106,106,106 114,114,114 106,106,105 117,117,117 102,101,101 201,200,198 200,200,198 199,199,197 206,206,204 209,209,209 201,201,201 207,208,209 209,209,211 207,207,210 204,204,208 197,198,201 196,197,200 195,196,199 204,205,209 206,207,211 203,204,208 201,202,206 197,198,200 202,203,205 206,207,209 204,206,205 203,203,203 201,201,201 201,199,200 197,196,196 189,189,189 185,185,185 182,182,182 182,182,182 181,181,181 182,182,182 185,185,186 183,183,185 177,177,179 175,174,175 176,174,175 175,173,176 178,176,179 179,177,180 178,176,179 180,178,181 
63,64,63 62,62,61 63,63,62 63,63,63 64,64,63 65,65,64 66,66,66 69,69,68 71,71,71 197,196,194 200,200,198 204,204,202 205,205,204 211,212,212 199,200,199 202,202,203 208,208,210 202,202,204 202,203,206 196,197,199 192,193,196 197,198,201 205,206,210 208,209,213 207,208,212 205,206,210 201,202,204 204,205,207 205,206,208 208,210,210 206,206,206 206,206,206 203,201,202 194,193,194 189,189,189 187,187,187 184,184,184 183,183,183 183,183,183 184,184,185 187,187,188 181,180,181 177,176,178 179,177,178 179,177,178 177,175,176 179,177,180 180,178,180 179,177,180 184,182,185 
62,62,61 77,77,77 84,84,83 82,82,82 81,81,81 62,62,62 64,64,63 66,66,66 70,70,69 194,194,192 200,200,197 205,204,202 205,206,204 205,206,206 197,199,198 197,199,198 210,210,212 207,208,210 206,207,211 199,201,202 192,193,195 197,198,200 206,208,212 207,209,213 207,209,213 207,209,211 204,205,208 203,204,206 203,204,206 208,210,210 208,208,208 210,210,210 201,200,200 191,190,191 191,191,191 190,190,190 186,186,186 184,184,184 184,184,184 186,186,187 189,189,189 183,182,183 181,179,181 182,180,181 181,179,180 180,178,179 182,180,181 182,180,182 185,183,186 187,185,188 
155,157,154 153,154,152 150,152,150 152,153,151 152,152,151 155,156,154 162,162,160 172,172,170 176,176,174 199,198,196 199,199,196 202,203,199 200,200,198 201,202,201 200,202,201 199,200,200 209,210,212 210,213,215 208,212,214 200,202,205 192,193,195 202,205,208 207,210,213 207,209,213 206,210,213 207,209,212 208,209,211 205,206,208 205,206,208 207,209,208 209,209,209 211,211,211 201,200,201 194,193,193 195,195,195 192,192,192 186,186,186 185,185,185 187,187,188 189,189,190 193,193,193 187,186,187 184,182,183 183,181,182 183,181,182 184,182,183 184,182,183 188,186,189 188,186,189 186,184,187 
177,179,176 172,174,171 167,169,166 166,168,165 170,172,169 174,174,172 178,178,176 191,191,189 201,200,198 202,201,199 200,200,197 200,201,198 201,201,199 202,202,202 203,204,203 204,205,206 208,210,212 210,213,214 208,212,213 200,203,205 194,195,197 205,209,212 206,210,213 207,209,213 206,209,213 207,209,212 208,209,211 206,207,209 208,209,211 209,211,210 209,209,209 210,210,210 204,203,203 199,198,198 201,201,201 194,194,194 189,188,188 191,191,191 192,191,193 194,194,195 192,191,192 187,185,186 186,184,185 184,182,183 183,181,182 185,183,184 185,183,185 190,188,191 186,185,187 184,182,185 
178,180,177 175,177,174 166,168,166 165,167,165 169,171,168 175,177,174 175,175,173 184,184,182 196,195,193 199,199,197 202,202,199 202,202,200 207,208,207 203,204,204 202,204,203 208,208,210 206,209,211 209,213,214 209,213,214 205,209,210 196,198,199 205,208,211 207,211,214 207,210,214 208,210,212 208,209,211 208,209,211 208,209,211 209,210,212 209,211,210 211,211,211 212,212,212 206,205,206 202,201,201 202,202,201 196,195,194 195,195,194 197,196,197 198,197,198 197,197,197 192,191,192 187,185,186 186,185,185 185,184,185 185,183,184 186,184,185 186,185,187 187,187,189 186,186,188 184,182,186 
180,182,179 180,182,179 173,175,172 164,168,167 168,170,167 174,176,173 172,174,171 179,180,178 195,194,192 195,195,193 197,197,194 196,197,194 206,207,206 212,214,213 203,204,203 208,211,211 209,213,214 207,211,212 211,215,216 209,213,214 201,205,206 205,209,210 208,212,213 207,211,213 207,210,212 207,210,212 208,210,212 209,210,212 209,210,212 208,210,209 212,213,213 212,212,211 205,205,203 205,205,203 204,204,202 200,199,197 198,198,197 198,198,198 201,200,201 199,197,198 197,195,196 189,188,188 186,186,186 187,186,186 187,185,186 188,186,187 189,189,190 189,189,190 190,188,192 186,184,188 
177,179,176 176,178,175 176,178,175 171,173,170 169,171,168 172,174,171 172,175,172 174,176,174 186,187,185 194,193,191 195,195,194 198,198,196 200,201,199 215,217,216 210,212,211 208,210,208 213,216,216 212,216,216 213,216,216 212,216,217 210,214,215 210,214,215 210,214,215 208,212,213 208,211,213 209,211,212 209,211,212 210,211,213 210,211,213 210,211,213 211,212,213 208,209,209 207,207,205 209,208,207 208,207,205 203,202,200 199,199,198 199,199,199 203,203,203 202,201,201 196,196,196 189,189,187 187,186,185 190,188,189 189,187,187 190,188,188 191,190,191 191,190,190 191,190,191 191,189,190 
169,173,170 171,174,171 171,173,171 173,175,172 172,174,171 171,173,170 172,174,171 172,174,173 172,174,173 184,184,182 189,190,188 202,202,200 206,207,205 213,215,214 218,219,218 214,217,216 218,220,219 221,223,222 217,220,219 215,219,218 199,202,197 212,215,214 213,217,218 210,214,215 209,213,214 208,212,213 210,211,213 210,211,213 211,211,214 211,213,214 213,214,214 209,210,209 209,209,208 212,212,211 209,209,208 203,203,201 200,200,200 200,200,200 205,205,205 204,204,204 198,198,197 189,189,187 189,188,187 192,190,191 193,192,190 195,193,194 194,192,194 192,191,192 193,193,193 197,195,196 
164,168,166 166,171,167 166,169,168 167,170,167 173,175,172 171,174,171 173,176,173 172,175,173 170,172,172 171,173,171 180,182,179 195,195,193 213,214,212 214,216,214 219,221,218 214,216,212 160,161,147 146,145,134 197,199,193 220,224,220 131,128,116 135,134,118 219,222,221 215,219,218 211,215,215 210,213,214 210,212,213 211,212,213 212,212,214 213,214,216 214,215,216 211,211,211 208,209,208 213,213,211 209,209,207 205,204,202 203,203,203 205,204,204 205,204,205 204,205,205 199,199,197 190,190,188 192,192,191 196,194,195 198,198,196 202,200,201 200,198,199 198,196,196 201,198,199 198,197,196 
156,159,156 166,171,167 164,169,167 164,168,166 171,173,171 178,180,178 181,182,180 179,181,178 173,175,174 168,171,170 174,177,175 191,192,190 204,206,203 217,219,216 226,227,224 126,132,114 33,45,17 55,68,34 103,107,81 168,170,153 76,84,58 35,45,22 90,97,72 197,200,193 215,218,216 213,215,215 213,215,214 212,213,214 213,214,215 214,215,217 215,216,218 210,210,210 209,209,209 212,212,212 212,211,209 209,208,206 208,207,207 210,208,210 207,207,208 206,206,206 199,199,197 192,192,190 197,197,197 202,201,201 206,206,205 210,209,206 207,207,205 208,206,205 204,203,200 201,200,196 
80,71,58 113,109,100 154,155,153 166,171,169 170,173,170 178,180,179 192,192,190 185,187,185 180,182,182 169,173,172 174,177,176 188,188,186 205,207,203 216,218,212 108,113,97 27,35,22 19,29,13 22,37,10 26,46,8 33,41,22 20,29,13 18,24,13 22,31,12 93,97,80 217,221,217 215,217,215 214,216,215 214,216,215 215,216,217 216,217,218 217,218,218 212,212,212 209,209,208 213,213,213 213,213,211 211,211,209 212,211,210 212,210,213 207,207,206 209,209,209 203,203,201 200,200,198 208,208,208 211,212,208 211,211,206 216,216,214 188,185,176 170,166,157 210,208,205 204,203,201 
91,85,71 87,79,62 80,72,59 99,96,92 162,164,161 175,179,178 184,186,185 187,189,189 195,195,194 182,182,181 179,182,180 188,189,186 199,200,197 88,96,76 22,29,19 19,23,18 17,21,15 18,21,15 16,19,14 19,28,13 21,34,11 19,28,12 20,26,14 110,117,98 221,223,219 219,220,218 217,218,216 216,217,216 217,218,218 218,219,220 217,218,219 214,214,214 213,213,213 215,215,215 215,215,214 214,214,212 214,213,213 214,213,213 212,212,212 214,214,212 212,212,210 214,214,212 215,216,213 191,190,182 103,104,76 111,114,87 64,68,43 70,75,49 174,174,165 208,207,203 
94,86,69 97,89,73 94,84,68 59,56,47 64,59,50 105,104,100 162,162,160 187,190,189 191,193,191 190,190,189 189,190,188 194,194,192 193,194,191 85,91,77 23,25,23 21,26,19 19,24,17 17,19,15 17,20,16 16,18,15 18,23,13 19,28,13 23,36,11 19,28,12 126,133,114 224,226,223 219,221,218 218,220,218 220,221,220 220,221,220 217,218,219 217,217,219 216,216,216 216,216,216 217,217,216 217,217,216 216,216,215 217,216,216 217,217,216 219,219,217 222,221,220 190,192,184 143,146,130 101,106,78 22,28,14 21,25,17 18,23,13 91,94,77 215,214,209 209,208,204 
67,62,48 73,66,49 90,83,65 93,86,70 83,80,67 69,72,63 82,77,66 112,108,103 196,198,196 195,195,193 196,196,194 199,198,196 170,172,167 38,45,37 27,31,24 21,27,20 19,23,18 18,21,16 18,20,15 17,19,14 18,21,14 18,21,14 20,27,14 21,32,13 32,41,24 201,203,196 224,226,222 221,223,221 219,220,218 217,217,216 219,219,219 218,218,220 218,218,218 218,218,219 218,218,218 218,218,217 219,219,218 220,219,218 221,221,219 225,224,222 225,225,222 68,79,56 38,52,19 27,41,15 19,26,17 21,28,17 26,31,20 77,80,66 179,179,168 167,165,152 
24,25,20 50,46,35 44,41,30 59,57,42 84,79,66 89,84,68 94,88,74 114,111,102 189,192,190 197,198,194 200,200,198 204,201,200 200,198,199 103,103,107 27,32,25 26,30,24 21,27,20 19,24,18 19,23,17 19,24,16 18,21,15 19,23,15 20,25,15 20,29,14 25,38,13 158,160,145 209,208,206 225,226,224 218,219,218 218,218,218 219,219,220 219,219,221 220,220,220 219,219,220 220,220,220 221,221,220 221,221,220 222,222,220 225,225,223 208,209,205 126,135,114 50,65,36 29,44,20 30,44,18 24,33,20 18,23,18 20,27,18 35,44,27 36,46,21 90,96,73 
25,26,24 23,24,21 26,27,22 35,35,30 51,54,49 60,59,49 93,87,71 121,119,110 185,189,186 194,196,192 205,204,201 207,204,204 210,207,209 99,104,103 20,24,19 22,25,22 21,27,19 21,28,19 21,27,18 22,29,16 24,33,16 20,24,16 19,22,16 21,28,15 19,23,15 39,55,21 108,111,97 196,197,195 219,219,219 216,216,216 220,220,221 220,220,221 220,220,220 221,221,221 222,222,222 223,222,223 223,223,223 225,225,225 228,229,228 135,143,129 27,40,23 32,46,22 41,56,26 30,44,22 25,33,21 21,27,20 21,27,20 20,25,19 31,36,30 49,55,41 
39,42,36 18,20,20 74,75,68 162,174,173 155,165,164 128,131,125 95,90,75 127,128,118 176,181,178 175,177,178 196,195,196 207,204,206 209,207,210 90,94,94 27,36,25 29,37,21 24,33,18 27,36,22 21,28,18 22,28,17 22,27,17 22,31,15 23,30,16 23,29,15 24,28,16 23,36,17 32,46,25 110,116,110 211,211,213 213,213,215 222,221,222 221,221,221 222,222,223 223,222,223 223,223,223 225,224,224 225,226,225 228,228,228 184,187,181 39,52,33 28,41,21 47,65,29 35,52,23 33,48,24 29,43,20 26,37,20 24,34,21 22,27,22 25,30,24 24,31,20 
39,41,36 22,23,22 95,97,87 158,170,168 149,159,157 119,122,114 92,88,71 122,126,116 157,164,159 125,133,131 145,150,149 162,164,168 192,191,198 101,108,89 27,35,24 27,38,20 26,35,18 29,42,23 31,43,25 22,30,19 23,28,19 22,28,17 22,28,18 23,28,18 23,32,18 22,27,19 34,50,25 62,78,60 205,207,211 223,222,223 224,223,223 223,223,223 223,223,224 224,224,225 226,225,225 226,226,226 227,228,227 230,231,230 193,195,190 30,42,25 37,53,27 25,33,19 24,33,20 34,49,25 25,31,23 25,30,23 24,29,22 24,30,22 24,33,23 26,32,24 
67,65,52 32,33,29 113,115,106 163,173,171 150,160,158 113,114,101 92,90,69 104,109,93 93,100,84 80,89,75 93,99,90 102,106,97 131,132,134 70,82,57 35,49,26 38,49,21 34,48,20 21,29,15 23,31,18 20,29,16 28,37,24 20,26,17 22,29,16 25,33,17 26,33,19 24,30,21 23,31,20 36,51,28 152,158,154 223,223,224 226,225,226 225,225,226 225,225,225 226,226,227 228,228,227 228,229,228 229,231,228 230,232,229 185,190,184 33,45,30 38,52,28 22,30,20 20,24,21 20,23,20 25,34,22 24,31,24 28,36,24 29,41,26 28,39,24 37,51,28 
90,89,71 83,81,64 109,109,95 134,138,129 142,148,142 99,99,79 70,74,44 75,85,62 68,76,54 86,93,82 86,95,85 63,72,51 86,91,80 33,44,27 35,49,26 32,44,26 30,43,17 24,36,15 22,30,15 18,23,13 18,24,13 27,39,18 25,32,15 22,28,15 31,40,25 28,34,23 22,26,20 31,45,24 128,137,126 232,231,232 228,229,228 227,228,227 227,228,228 228,230,229 231,233,232 232,234,233 231,233,231 233,235,234 103,113,95 36,51,27 33,48,25 25,35,21 24,32,20 24,30,21 23,26,23 23,30,21 28,42,23 28,40,23 23,34,18 27,37,21 
60,58,45 71,68,52 74,73,56 75,75,53 66,71,44 61,68,36 59,66,37 49,59,38 46,58,40 45,53,33 45,52,36 60,64,56 77,79,76 48,60,44 34,48,25 25,36,20 31,45,20 24,36,15 24,36,15 21,28,15 19,26,15 27,35,23 32,42,16 26,33,15 27,37,16 33,46,26 24,29,21 30,42,24 48,60,44 216,217,217 231,233,232 230,231,231 231,231,233 231,233,233 194,198,193 169,175,166 216,219,216 227,229,227 49,60,41 33,48,26 25,38,22 25,35,21 26,38,21 27,38,23 26,36,24 28,38,25 23,32,21 26,37,22 27,40,20 22,31,20 
37,37,32 67,68,50 71,75,51 60,67,45 40,47,29 46,54,26 51,63,35 49,59,34 48,59,35 42,51,29 63,68,51 57,65,49 47,57,36 34,46,29 38,52,26 26,36,20 35,51,20 27,40,16 30,43,17 25,34,16 21,28,18 18,21,13 28,36,15 30,40,16 31,41,18 27,38,25 30,42,27 40,53,34 42,53,39 190,194,188 237,239,239 233,234,236 226,226,229 91,100,89 42,56,40 40,55,38 180,185,183 209,211,209 40,52,34 37,53,24 30,45,23 30,44,22 25,35,21 24,30,20 23,28,21 23,34,21 26,37,22 24,36,20 26,37,21 29,41,22 
50,54,40 62,60,43 70,64,48 66,65,49 37,43,30 48,59,43 69,76,62 30,36,23 35,44,25 35,45,26 29,36,22 30,39,22 24,30,18 35,46,27 32,45,23 26,37,18 39,56,25 31,47,15 26,38,14 26,37,15 21,29,15 28,37,17 32,43,16 43,58,19 33,46,21 30,43,29 34,49,30 37,52,30 42,57,35 51,65,45 110,121,109 177,182,180 129,137,131 31,47,30 32,47,30 37,52,34 111,123,114 170,177,170 50,64,36 39,55,27 36,51,28 31,48,23 29,42,22 23,27,19 25,33,22 33,48,27 24,34,21 25,37,23 20,29,17 23,33,22 
56,57,48 71,72,65 72,65,47 62,65,53 37,47,25 93,100,89 72,79,64 30,35,23 29,34,20 30,38,23 27,36,21 28,37,22 26,31,19 44,58,27 38,53,23 38,51,20 37,51,25 27,39,16 28,37,16 33,44,18 29,39,16 26,35,17 31,41,17 33,43,16 38,50,20 26,37,23 29,39,25 40,53,31 43,60,29 43,60,34 35,51,35 81,93,87 85,96,88 28,43,26 26,40,26 36,47,37 39,53,34 64,80,42 36,49,24 30,45,22 26,40,20 23,34,19 24,31,20 24,32,21 26,36,22 25,37,22 25,39,22 35,52,37 41,59,41 25,34,21 
63,66,52 65,70,44 102,79,29 62,68,45 41,52,22 106,113,103 72,81,52 66,69,56 47,51,40 29,36,24 57,60,54 34,36,32 34,40,26 41,46,28 37,47,18 27,34,16 21,26,14 24,31,14 23,28,16 36,43,26 28,34,21 30,38,22 32,41,16 33,43,18 32,42,18 22,29,16 29,38,24 33,43,25 32,44,24 40,55,29 30,46,29 53,70,52 33,48,30 27,41,25 26,40,25 27,41,24 33,47,28 44,57,29 37,49,25 35,52,25 30,46,21 21,29,19 24,34,20 25,39,20 28,44,21 27,42,25 26,38,23 30,42,31 69,92,76 25,35,22 
52,48,39 39,42,30 46,49,23 52,56,42 50,52,30 42,39,31 62,61,56 60,58,60 54,51,56 40,41,37 38,38,36 44,43,43 59,58,59 48,45,43 43,46,25 35,39,21 36,37,25 51,57,34 68,76,49 66,79,79 54,59,72 78,94,112 58,68,78 25,29,28 20,21,18 18,20,17 25,27,24 30,33,26 35,41,29 38,45,34 36,52,34 31,48,30 50,60,49 29,41,26 26,39,24 24,37,23 32,46,26 39,52,26 34,44,24 33,45,24 24,31,20 23,34,19 24,32,20 22,28,20 28,41,22 31,47,25 26,37,21 25,36,24 93,122,101 28,41,22 
81,83,72 88,90,80 100,98,93 97,96,96 92,90,87 92,86,76 100,96,84 91,100,74 94,88,63 91,89,64 46,45,34 59,55,47 93,85,82 90,80,74 56,57,38 44,46,26 45,44,32 53,63,32 51,63,34 73,82,84 57,62,75 73,86,102 58,67,76 38,44,45 31,32,30 28,28,26 39,38,38 53,54,54 47,50,47 51,56,54 52,54,54 82,90,100 60,71,72 39,49,40 39,49,39 38,46,38 30,40,30 33,43,29 30,39,25 33,46,24 26,33,21 28,37,21 29,36,24 26,36,20 26,35,22 27,38,21 28,39,22 27,34,18 88,114,92 27,37,20 
68,76,53 75,85,59 79,87,58 83,94,66 82,94,55 74,89,43 78,91,52 89,97,50 66,74,44 97,101,71 48,50,38 126,117,101 133,120,111 108,108,75 58,66,30 39,45,18 34,36,18 79,87,25 71,79,47 74,83,51 39,42,31 61,66,48 54,56,42 48,48,37 32,33,24 46,49,38 80,78,71 95,91,87 63,65,55 32,37,28 30,36,26 69,80,79 66,80,79 67,79,81 50,63,57 70,81,84 60,73,68 41,51,46 50,57,54 49,60,52 35,45,38 36,44,37 78,90,90 37,42,41 20,20,19 30,33,31 26,31,23 46,46,28 85,105,80 30,39,29 
65,74,45 82,88,64 85,88,72 91,95,83 96,98,85 108,110,101 111,109,103 139,136,130 171,166,164 152,148,139 81,80,67 139,137,118 120,124,93 42,51,23 21,27,14 23,29,13 23,24,16 40,46,21 89,98,53 87,98,49 58,63,37 75,86,42 72,84,38 62,74,31 49,60,26 36,43,20 36,43,18 82,79,70 107,102,99 119,114,112 99,98,91 80,84,70 72,78,60 54,60,42 53,62,40 49,60,34 60,74,41 59,70,42 57,64,40 59,72,41 53,63,40 53,62,42 62,73,57 33,37,31 32,38,30 46,56,44 45,56,41 35,41,34 60,59,57 57,61,59 
129,126,120 135,131,126 130,126,119 87,88,84 90,85,76 96,95,81 84,84,64 107,113,87 68,78,52 46,54,32 53,55,36 58,63,40 65,70,41 62,66,40 53,64,25 51,61,18 52,60,25 76,83,46 78,85,46 60,71,24 51,52,27 63,76,25 58,72,24 30,42,11 40,52,14 33,39,17 40,39,29 63,61,52 83,79,71 107,101,97 128,123,121 132,127,124 131,125,123 126,121,119 114,110,108 104,101,98 99,97,93 96,92,90 95,92,89 99,97,95 108,106,104 111,109,105 110,110,106 52,51,49 70,71,67 65,67,59 82,84,71 51,52,41 61,61,54 68,70,60 
93,88,82 69,62,59 61,52,49 53,52,47 67,75,45 75,93,61 64,78,48 57,62,43 76,83,44 61,72,43 72,84,48 61,75,42 58,72,39 49,48,37 39,46,25 31,39,22 45,55,36 61,70,35 57,69,26 34,48,13 33,28,16 33,47,13 46,58,20 23,31,13 38,42,22 61,61,49 69,67,54 83,78,68 94,87,79 110,105,102 119,113,112 124,117,114 124,118,116 122,115,112 117,112,109 115,109,106 116,110,107 112,106,102 106,100,96 94,91,86 90,88,80 87,83,71 75,76,60 55,55,44 60,61,48 55,55,42 64,66,47 53,58,35 63,70,44 63,74,37 
51,52,40 29,20,26 49,47,42 71,84,43 78,87,41 65,76,35 62,67,40 52,47,39 78,81,39 77,87,46 78,88,45 68,74,38 62,65,45 48,45,47 55,55,55 54,49,47 53,51,45 63,60,54 57,55,38 33,39,19 38,32,26 35,40,20 47,51,29 62,61,48 73,74,63 76,74,61 87,81,70 92,86,77 112,107,106 119,114,113 124,118,116 127,121,119 129,123,121 123,117,114 121,115,112 117,112,109 109,104,101 105,100,96 100,96,88 88,84,72 82,79,68 73,68,57 62,57,47 50,43,30 41,40,24 41,54,25 42,56,27 46,57,32 46,58,34 45,61,30 
94,88,85 91,83,80 70,68,55 60,65,37 75,72,46 69,64,48 63,53,50 64,55,56 76,69,59 68,65,52 69,67,48 76,71,62 95,89,85 104,98,94 103,97,91 80,74,73 79,75,73 82,76,74 93,88,85 75,72,68 97,93,89 95,90,86 107,105,101 91,86,77 91,82,71 95,88,78 95,91,83 114,110,110 123,117,118 126,121,120 129,123,122 130,124,124 132,127,126 128,123,119 126,120,115 124,119,116 114,109,106 112,106,102 104,99,91 87,83,69 84,79,65 74,71,56 75,70,62 54,50,34 46,46,27 49,64,33 46,60,28 51,60,40 46,57,33 49,54,33 
95,91,88 96,93,89 97,95,88 102,99,92 107,102,95 107,102,96 109,106,99 115,110,107 116,109,108 111,106,104 110,105,103 112,107,106 104,99,98 100,95,92 101,96,95 87,83,84 79,73,71 96,90,89 90,87,85 82,79,75 101,95,90 109,103,99 107,102,97 102,96,90 106,102,96 109,107,102 114,111,109 122,118,117 125,120,120 126,120,120 129,124,123 130,126,125 136,132,131 138,132,131 134,127,124 131,126,123 124,119,116 117,111,108 115,109,105 98,95,83 90,87,72 77,77,58 84,86,66 89,85,76 64,67,41 61,70,43 54,70,39 49,58,39 48,57,38 57,59,43 
112,104,100 112,104,97 114,103,96 118,105,96 120,109,102 114,109,105 108,105,101 105,102,98 113,108,106 104,100,99 99,96,93 99,96,93 95,91,89 98,94,90 94,92,91 86,81,81 84,79,77 88,83,83 100,97,96 101,99,98 106,104,104 116,114,114 118,116,115 117,116,115 118,117,115 116,114,111 120,118,117 122,119,117 138,134,134 141,136,135 131,126,126 131,126,125 133,129,129 138,134,133 139,134,132 134,129,126 131,125,122 124,119,116 120,114,110 121,115,111 101,97,82 98,94,80 84,84,64 81,86,63 93,92,82 65,65,45 51,70,30 58,69,46 54,67,39 59,63,43 
117,111,106 119,111,105 117,107,99 117,109,104 116,111,108 113,108,105 114,110,107 117,112,109 107,104,102 104,102,100 102,100,98 102,98,98 101,98,98 99,97,96 91,88,88 93,89,89 101,97,96 106,104,104 114,112,114 115,114,114 119,118,119 121,119,120 120,118,119 119,117,116 117,115,112 126,125,124 122,119,118 123,118,117 127,122,121 134,129,128 136,133,132 133,128,126 135,131,130 134,130,129 131,126,124 130,124,122 135,130,127 134,129,127 129,123,119 125,117,115 123,117,112 112,104,88 109,101,89 99,96,77 82,88,64 90,93,79 67,75,48 58,70,36 51,65,30 53,59,39 
121,117,113 117,111,107 112,107,105 115,109,107 119,113,112 123,118,115 119,114,112 116,112,110 112,109,107 116,110,109 115,110,109 109,106,105 107,105,104 106,104,102 104,101,101 89,85,85 107,105,105 113,111,112 117,116,118 118,115,118 119,118,120 120,118,119 119,118,118 117,115,114 128,127,126 131,129,127 130,126,124 127,121,119 126,120,118 132,126,124 135,131,130 135,130,128 136,131,129 140,134,132 141,136,134 139,135,133 137,133,130 135,131,128 131,126,122 134,127,123 128,121,118 127,120,110 112,103,88 103,96,85 100,96,80 91,92,68 99,101,92 84,87,72 62,75,42 58,71,39 
123,118,115 121,116,114 125,120,117 124,119,116 122,119,117 117,114,110 116,112,109 120,114,113 119,114,112 117,113,112 114,110,109 115,110,110 110,107,107 110,108,109 110,108,109 106,104,104 113,111,113 116,115,116 120,118,121 119,117,118 120,119,121 119,117,117 113,111,110 132,130,129 134,134,131 135,133,131 135,131,130 133,128,125 130,125,121 133,128,125 139,134,132 138,135,134 134,128,126 136,131,128 138,134,132 139,135,132 138,133,129 141,136,133 133,128,126 128,124,120 117,112,108 115,110,105 114,109,97 113,104,91 103,97,86 96,93,81 95,91,78 103,101,93 91,92,84 78,86,59 
126,122,120 130,126,124 132,130,128 122,118,117 114,109,108 117,114,111 124,119,116 120,114,112 118,114,112 116,113,112 117,113,113 115,111,110 116,111,110 115,113,113 117,114,116 114,111,111 119,117,120 124,122,125 124,122,124 121,119,121 123,120,122 116,112,111 128,127,126 132,131,128 132,131,127 134,132,129 136,131,130 136,131,128 139,134,131 135,130,128 136,131,128 139,134,132 136,131,128 132,126,123 138,131,127 139,133,131 138,134,131 140,135,134 139,134,131 136,131,128 120,115,111 114,109,105 126,120,115 121,112,100 119,109,95 111,104,93 103,97,88 86,82,71 57,57,56 91,90,89 
127,121,119 124,121,119 119,116,114 120,116,112 121,108,104 119,109,107 113,104,101 115,106,105 121,116,115 120,117,116 117,113,112 117,112,113 125,120,121 123,120,122 125,123,125 127,126,129 125,124,126 126,124,125 129,127,130 123,119,118 120,115,111 133,131,130 130,130,131 134,134,133 128,127,123 125,122,119 132,128,125 136,130,127 139,134,131 137,131,129 132,127,124 133,128,127 135,129,125 135,130,125 139,132,129 140,135,132 139,134,132 133,128,124 132,128,125 129,125,121 125,119,116 120,115,111 114,110,106 125,120,114 108,101,88 110,101,93 103,96,88 93,87,83 82,58,59 92,90,80 
115,111,111 239,235,227 238,235,227 233,225,205 227,190,174 207,162,156 207,163,160 185,153,150 120,117,116 122,117,117 125,120,120 130,126,127 133,129,132 132,130,132 132,130,133 130,129,131 127,125,126 129,127,129 129,127,128 122,118,117 133,130,129 132,130,129 137,136,135 136,135,133 131,129,126 126,123,122 125,121,119 133,126,124 136,129,126 138,131,129 136,129,127 138,133,132 135,129,125 134,128,125 139,133,130 137,132,130 139,135,133 134,129,126 134,130,128 128,124,120 126,121,118 126,122,118 112,108,102 108,104,100 119,115,111 101,95,83 115,104,95 113,103,97 57,55,53 93,88,82 
111,107,107 235,231,223 237,232,221 233,227,210 215,187,141 225,203,193 226,203,188 198,180,172 120,116,114 121,116,116 126,121,121 132,128,127 130,127,128 130,128,131 124,121,121 124,122,123 132,131,132 132,129,131 121,118,117 135,133,134 134,132,130 132,130,129 135,133,132 129,128,125 131,129,126 133,131,129 132,127,126 128,123,122 136,131,128 136,130,128 130,123,121 129,123,121 130,126,123 137,132,129 135,129,126 136,131,127 135,131,127 135,128,123 128,122,117 130,125,122 128,123,120 133,127,124 128,125,121 114,111,106 118,113,106 129,126,118 107,99,86 121,110,101 59,57,56 111,102,95 
111,107,106 238,235,227 235,229,213 226,217,193 192,180,147 225,205,195 225,204,192 198,183,173 125,122,122 126,123,123 128,125,125 133,130,129 134,131,133 134,131,133 136,134,136 134,132,134 137,135,136 123,118,118 138,135,135 139,136,134 139,137,134 136,135,135 132,131,129 122,122,119 132,131,128 135,134,130 136,131,131 133,128,126 135,130,127 130,125,122 134,129,126 126,121,118 123,118,116 127,122,120 139,134,130 136,131,128 139,135,131 138,135,132 132,127,123 133,128,123 130,126,122 133,128,124 133,128,124 129,125,122 126,121,115 127,122,116 121,117,108 113,105,92 48,46,45 108,99,92 
109,104,103 236,233,224 232,222,195 232,225,206 219,217,195 233,225,205 234,224,202 206,199,180 133,131,132 134,131,132 127,124,124 131,128,128 132,129,129 141,140,140 139,137,138 134,130,130 123,118,116 139,135,133 138,133,132 139,136,134 140,138,136 134,133,132 129,129,127 132,131,129 138,137,134 139,137,134 137,133,132 135,130,127 131,126,123 132,127,124 135,130,127 128,123,120 126,121,118 122,117,113 126,121,117 128,123,118 133,129,124 141,137,134 141,137,135 142,138,135 138,131,127 133,129,125 131,126,123 128,124,121 124,120,116 125,122,117 130,125,121 112,107,97 56,54,50 113,101,94 
113,109,108 238,234,226 234,227,207 232,221,191 233,227,208 231,222,199 234,225,204 206,198,180 135,130,130 141,138,139 134,131,132 129,125,125 138,134,136 141,138,138 141,139,139 127,122,120 136,130,128 137,132,131 137,132,130 136,134,132 128,127,125 135,134,133 129,129,128 131,131,129 136,135,133 139,137,136 142,136,133 134,130,126 130,125,122 133,128,125 133,128,125 129,124,121 134,129,126 132,127,124 128,123,119 123,118,114 123,118,114 139,134,130 138,132,129 140,136,132 139,135,131 149,146,143 150,147,143 36,36,36 39,39,39 53,57,61 113,114,103 75,78,61 42,42,42 105,95,89 
109,105,103 115,114,111 114,112,106 111,106,94 112,109,102 111,108,100 106,108,97 106,102,94 134,130,130 142,139,139 124,120,119 132,128,128 135,131,132 132,130,130 129,123,121 136,132,129 133,127,126 134,130,127 135,131,129 135,132,129 127,125,123 134,133,131 126,125,123 121,120,117 138,137,135 145,144,143 139,136,135 134,129,126 130,126,123 133,128,125 137,132,129 132,127,124 131,126,123 132,127,123 133,128,124 132,127,123 127,122,118 133,128,124 134,129,125 138,133,129 132,126,121 137,132,128 137,131,126 64,63,61 66,64,63 73,72,71 102,99,87 85,85,73 64,63,62 103,96,86 
108,105,104 64,64,64 66,66,66 39,39,39 30,30,30 30,30,30 30,30,30 40,40,40 134,131,130 135,132,132 137,134,134 137,133,132 134,130,130 117,111,107 138,133,130 140,134,133 136,130,131 132,128,126 132,130,129 133,130,128 133,131,129 138,137,137 126,124,123 126,124,121 128,126,122 128,125,123 119,117,115 93,91,91 91,89,88 90,88,86 97,95,93 94,92,91 91,89,87 92,90,89 79,76,75 92,89,88 90,88,86 92,89,88 81,78,76 91,89,87 88,86,84 83,80,78 77,74,72 81,79,77 87,84,82 93,91,89 78,77,75 93,91,89 87,85,84 78,76,75 
