97,88,80 93,83,72 62,52,40 65,55,42 78,69,58 78,71,61 69,59,47 81,70,60 92,81,72 71,58,50 105,96,90 114,100,91 106,90,82 96,86,78 142,138,138 179,177,178 229,229,228 234,234,233 102,97,98 170,169,170 225,225,226 231,230,231 229,229,230 224,224,224 219,219,219 221,222,220 208,212,212 205,209,211 210,215,218 204,209,213 210,215,219 205,211,215 216,224,226 219,227,229 216,224,225 212,219,219 186,188,188 155,156,153 180,182,182 198,201,201 194,196,196 187,188,190 184,186,186 182,185,185 185,187,188 189,191,192 197,199,198 201,202,202 199,201,200 197,198,198 
50,48,46 50,48,46 41,39,36 43,41,38 46,44,41 43,41,38 45,43,40 45,43,41 45,42,39 81,66,55 70,55,43 86,78,70 112,99,91 107,98,88 98,88,79 90,79,73 98,89,84 182,180,180 101,91,86 89,81,74 91,84,80 141,138,139 154,152,153 226,226,225 214,215,216 216,217,217 208,212,213 208,212,214 211,215,218 208,213,217 217,225,227 204,212,215 220,229,231 221,229,231 221,230,231 188,192,192 177,177,178 142,140,139 153,153,151 194,198,197 188,192,191 185,188,189 183,186,186 181,185,185 184,189,188 190,193,192 196,198,197 201,203,202 201,203,202 199,200,201 
58,56,55 83,81,79 95,94,92 99,98,96 95,93,92 101,99,97 87,85,83 100,98,96 81,78,76 88,77,66 82,68,55 79,68,55 74,63,54 106,96,86 104,95,86 94,83,74 98,84,74 86,74,64 102,93,84 103,95,86 103,95,86 91,82,74 171,168,165 226,226,226 212,213,214 215,216,216 214,218,221 212,216,218 215,219,222 214,221,224 217,225,227 211,219,221 222,232,233 222,232,233 224,233,234 166,169,167 118,119,112 148,145,146 203,207,206 190,194,193 183,187,186 183,186,185 181,185,185 182,187,185 187,191,190 192,195,194 196,198,198 201,202,202 203,203,205 206,207,209 
54,53,52 48,46,44 46,44,42 47,46,44 49,48,46 49,47,45 46,44,41 47,44,41 45,42,40 86,75,65 87,76,65 87,78,67 85,72,60 104,94,85 104,94,84 97,86,77 103,93,84 97,86,77 104,95,86 102,94,85 103,95,87 97,88,79 178,175,173 226,226,226 214,214,214 217,218,218 218,221,224 222,225,228 215,221,224 214,222,224 222,231,232 220,229,231 222,232,233 225,235,236 221,228,228 209,213,213 137,135,136 178,177,179 212,217,214 188,193,191 183,187,186 180,184,184 181,185,184 185,190,187 190,193,192 192,195,194 193,195,196 200,202,202 212,214,214 215,216,218 
47,45,43 66,65,64 75,74,73 71,70,68 69,68,66 47,45,43 42,40,38 31,31,31 42,40,37 80,69,57 77,67,57 87,78,67 88,77,65 108,98,89 105,95,87 93,82,72 103,93,84 97,87,77 104,95,86 100,93,84 103,93,84 96,87,79 176,173,172 230,230,230 218,219,219 225,226,226 221,224,226 224,230,232 222,230,232 212,220,222 217,227,228 217,227,228 211,221,222 224,233,233 136,134,131 208,214,213 154,152,156 177,179,181 204,209,205 191,195,192 186,191,188 183,187,186 186,189,188 188,192,189 190,193,192 192,194,194 198,199,201 205,207,207 216,217,219 219,220,222 
115,114,111 99,98,92 82,76,65 91,87,78 105,102,96 96,91,83 69,65,59 40,43,47 44,43,41 100,89,78 93,82,69 71,61,50 86,74,63 107,97,87 108,97,88 92,80,70 103,93,84 97,88,78 105,96,86 103,95,87 101,93,85 94,87,79 89,82,75 126,125,122 225,226,226 233,234,235 225,228,230 220,227,228 222,230,232 214,223,225 212,222,224 217,227,228 209,220,221 215,224,224 141,141,139 204,211,210 179,180,184 193,197,195 191,195,190 150,153,147 152,157,152 166,170,165 121,127,119 191,195,193 195,199,197 198,200,200 205,206,208 213,214,215 220,221,223 224,224,226 
64,53,43 92,85,77 118,115,111 110,106,99 92,85,74 99,95,85 109,104,98 65,65,65 60,58,58 99,88,78 103,93,83 83,73,63 84,74,64 105,95,86 105,95,85 94,82,72 103,94,86 97,86,76 102,95,85 103,92,83 101,93,84 95,86,78 99,91,82 124,119,113 227,228,227 115,110,108 180,180,181 228,235,235 229,237,238 220,230,231 214,224,225 199,210,210 178,188,188 187,195,193 85,92,74 66,73,60 110,112,104 53,60,45 51,62,33 56,65,40 61,68,53 50,55,45 110,116,110 203,208,204 204,206,205 209,209,210 216,217,219 223,224,225 228,228,230 232,232,234 
55,44,29 55,45,30 57,46,35 79,72,62 108,104,97 114,110,103 95,86,76 102,96,88 111,106,100 103,93,84 102,93,83 93,83,74 97,87,77 105,96,87 103,94,84 96,87,77 102,94,84 97,86,76 102,92,82 101,91,82 100,91,82 94,84,74 97,87,77 108,104,96 153,150,147 93,84,76 84,77,69 95,90,84 159,160,159 216,224,224 202,209,210 158,165,166 134,137,138 134,140,128 45,52,39 25,33,21 26,36,21 31,40,26 28,37,20 41,54,24 46,54,31 43,47,40 180,184,181 193,195,194 216,218,217 220,221,221 231,232,234 187,188,187 196,195,196 213,213,216 
53,44,31 54,44,31 56,43,31 55,43,30 55,43,31 70,61,53 107,100,94 116,110,102 94,87,76 102,96,88 106,101,94 94,84,76 99,89,79 104,91,78 101,90,79 97,86,77 101,93,83 96,86,77 102,93,83 99,89,80 100,92,83 92,83,72 101,94,83 93,88,78 68,61,52 92,84,74 96,88,80 94,87,78 89,82,74 177,180,179 122,124,114 171,174,173 168,166,169 84,87,81 20,25,20 23,29,19 19,22,18 18,21,17 18,20,17 22,26,20 31,38,27 38,39,35 74,79,75 220,221,220 220,222,221 176,177,177 119,125,117 70,75,62 90,90,86 166,163,170 
42,35,27 46,37,28 50,42,30 54,44,30 53,43,30 55,43,31 55,43,32 69,59,50 105,99,92 114,108,100 91,84,74 103,98,90 107,102,94 106,95,80 102,89,75 94,85,75 99,90,80 94,86,76 101,92,82 99,89,79 99,92,83 92,84,74 96,89,79 91,85,76 69,61,52 90,83,73 94,86,77 97,88,79 95,82,72 145,141,136 91,82,70 69,69,50 54,60,41 36,42,32 25,30,23 18,20,17 19,19,17 17,19,16 18,20,16 22,25,20 36,44,26 37,38,38 70,78,65 75,86,57 92,101,75 62,68,55 75,77,73 82,82,83 78,81,69 88,88,84 
37,32,26 39,33,26 41,34,26 44,37,27 42,35,27 53,42,32 55,43,32 55,43,31 55,43,31 69,60,50 101,95,88 112,107,98 92,85,75 103,99,91 104,96,87 96,88,78 100,92,82 93,85,74 101,95,84 101,93,83 96,88,78 90,80,71 97,90,80 88,82,72 64,57,48 90,85,76 94,88,79 99,94,85 99,92,82 89,78,65 98,90,75 75,75,56 35,46,24 29,40,20 21,26,19 18,19,16 17,18,16 17,19,16 21,23,19 25,28,22 33,40,27 43,49,37 29,39,21 39,48,24 62,76,32 71,80,42 65,74,44 63,73,48 53,60,38 171,170,173 
38,34,29 38,34,26 38,32,26 42,35,27 36,30,23 43,34,24 48,36,27 51,40,30 55,44,31 57,44,31 57,44,31 67,56,45 98,94,85 109,104,95 95,89,80 104,100,92 107,105,97 99,95,86 101,96,86 100,94,84 95,89,80 89,81,72 94,90,80 77,77,70 34,33,31 91,86,78 96,91,81 99,92,82 99,94,83 89,83,64 40,50,26 47,61,27 34,46,23 30,39,22 33,44,20 30,37,22 29,37,21 21,26,19 21,23,20 25,28,22 31,37,22 43,55,28 31,41,22 32,39,24 37,49,24 56,70,30 62,73,34 66,79,39 68,79,47 111,118,108 
21,21,23 26,26,24 34,31,26 39,34,27 38,32,25 42,33,21 43,33,22 44,34,23 45,35,25 53,41,29 54,41,30 57,45,31 57,46,32 68,58,46 99,93,84 110,106,98 99,95,85 95,92,82 94,91,82 99,98,91 104,102,96 94,90,82 95,92,83 78,79,75 34,34,34 96,90,85 102,96,89 99,93,82 100,95,83 62,67,44 29,40,21 37,50,22 29,39,22 28,37,20 21,23,19 21,24,19 26,32,22 29,38,22 24,30,21 23,26,20 21,26,18 31,42,24 43,53,32 44,55,32 43,54,26 45,58,28 36,45,25 30,36,25 41,50,28 63,73,45 
21,22,24 20,21,22 21,22,21 22,22,20 28,26,21 34,30,21 43,36,23 44,35,21 42,32,20 47,36,26 37,27,20 48,38,26 54,43,30 57,46,32 58,46,33 61,51,39 74,65,54 86,81,72 99,97,90 102,101,92 92,90,82 90,89,81 87,87,80 72,73,70 33,34,34 98,94,86 102,99,89 102,96,83 106,100,86 43,50,33 26,34,23 21,25,21 25,32,20 26,34,20 25,31,20 31,42,22 23,28,21 25,29,22 29,38,23 34,44,22 17,19,17 19,24,17 27,36,21 45,57,31 53,65,38 48,60,35 58,69,36 32,40,25 48,59,31 57,70,37 
22,22,25 22,23,24 23,23,22 22,21,19 20,20,18 17,18,16 17,17,15 24,23,17 35,29,20 44,35,23 40,29,19 44,32,21 43,33,22 44,34,24 54,43,30 51,42,29 56,45,32 56,46,32 53,44,31 52,43,32 66,61,51 82,80,72 92,92,87 75,77,73 35,36,35 96,92,81 101,98,87 104,100,87 106,99,86 58,62,45 27,36,23 30,42,21 37,51,23 30,38,24 23,25,21 21,23,19 30,40,22 40,50,23 27,34,24 32,40,23 33,40,23 42,50,24 15,17,18 25,32,22 37,50,26 45,59,33 42,51,28 50,61,32 48,62,33 50,62,32 
24,24,26 25,25,25 24,25,24 22,22,21 20,20,19 18,19,17 18,18,16 17,17,15 16,16,15 18,18,15 27,24,18 36,30,20 42,33,21 40,30,19 67,58,46 40,34,27 30,26,20 43,36,26 36,30,23 43,36,26 45,39,28 46,39,28 47,40,28 58,54,48 34,35,33 97,90,76 104,101,89 106,104,93 109,104,92 58,64,46 26,31,23 27,35,23 26,32,23 24,29,21 22,24,20 25,30,21 29,35,23 39,51,24 29,34,23 36,45,25 53,66,34 56,69,40 50,60,38 31,40,24 34,46,27 41,52,30 40,48,30 28,35,25 40,50,29 28,34,25 
29,30,32 39,43,40 31,34,32 24,26,25 20,20,20 19,19,18 18,19,17 17,18,17 17,17,16 18,18,16 18,18,16 18,18,18 18,18,17 25,22,18 79,72,62 46,39,29 35,29,20 36,30,21 33,28,19 31,27,20 30,26,20 31,28,22 62,57,47 73,69,62 46,43,39 92,80,70 101,89,79 108,99,88 110,106,92 38,50,30 32,43,26 26,33,24 28,36,23 22,27,20 28,35,21 25,30,21 24,28,21 27,32,22 38,52,27 54,71,33 50,63,34 58,73,37 76,92,46 76,92,39 55,70,39 45,57,35 50,61,35 39,51,30 39,48,31 42,51,31 
35,37,38 47,55,53 44,48,45 42,46,43 38,41,39 34,36,34 28,31,28 23,24,23 19,19,19 19,19,19 19,19,18 19,19,19 18,18,17 19,19,18 92,84,74 52,44,33 46,39,26 47,39,27 41,35,25 14,14,15 16,16,16 44,41,30 60,56,51 57,54,48 69,64,58 58,56,52 84,82,73 109,105,92 110,107,88 35,43,29 35,48,27 28,35,26 26,33,24 27,34,24 27,35,23 33,45,21 27,35,22 30,36,23 40,51,28 35,47,30 31,42,25 37,48,26 44,57,30 50,62,34 56,71,37 48,62,33 39,51,29 39,49,26 38,50,31 40,48,33 
37,40,40 45,50,49 46,50,47 57,56,48 54,53,45 50,49,44 46,47,44 49,51,46 46,47,44 35,36,35 27,27,26 21,21,21 19,19,19 22,22,20 101,93,83 59,54,43 58,52,41 59,51,40 58,53,42 43,40,32 40,38,32 61,58,48 74,71,64 65,63,58 60,59,56 30,31,33 30,31,32 31,32,33 43,44,38 59,63,43 30,39,26 32,44,26 27,36,25 29,39,25 28,35,23 28,36,21 30,38,23 33,44,25 34,44,26 31,42,28 20,23,21 21,25,21 23,29,24 33,44,26 43,58,29 52,63,36 47,58,32 37,47,28 42,53,30 42,54,29 
41,42,46 42,43,46 41,42,43 54,54,49 63,59,48 64,57,49 54,52,45 50,50,46 54,54,51 55,55,49 47,48,45 46,47,45 39,42,41 38,38,34 107,100,90 66,62,51 66,62,53 70,64,51 62,59,50 34,34,32 32,32,29 70,67,58 85,84,78 68,66,60 75,72,67 65,67,64 60,61,57 54,56,52 55,59,46 44,55,33 30,38,26 27,36,24 28,41,22 33,46,25 33,45,26 21,29,18 38,51,28 36,47,28 28,38,24 31,43,26 23,30,22 26,35,24 29,38,23 41,55,27 45,61,33 58,71,36 56,69,37 44,54,32 32,43,25 48,60,31 
43,43,49 47,47,50 44,45,46 42,43,43 43,44,42 50,47,42 59,54,45 54,50,43 53,51,45 59,57,51 51,50,46 52,52,47 52,52,49 48,49,44 112,104,96 77,72,62 75,73,62 78,75,64 70,68,60 42,45,42 42,45,42 81,78,69 90,90,86 40,43,46 49,51,53 97,95,94 55,55,55 76,74,72 86,90,78 39,52,25 38,49,26 27,37,22 34,46,23 26,37,20 27,37,23 33,48,23 47,63,34 33,46,25 25,34,22 26,36,23 40,51,30 28,35,24 30,36,26 31,37,27 50,64,32 76,90,45 71,85,45 41,51,31 39,49,31 36,46,26 
110,111,111 96,95,96 83,82,80 55,57,55 46,48,46 44,45,44 56,55,49 55,53,47 65,62,53 55,52,45 59,54,47 55,51,44 49,49,43 48,47,42 115,108,102 80,77,68 80,79,71 84,81,72 71,72,63 40,46,44 37,44,44 86,84,77 94,94,91 44,48,51 54,56,59 110,107,107 57,61,67 82,81,85 91,95,81 44,62,29 28,39,21 25,35,22 33,47,22 26,33,20 16,19,15 16,20,15 32,42,30 24,31,21 31,44,25 47,64,24 62,77,38 23,27,23 23,25,24 24,27,25 29,34,25 44,54,33 46,58,34 56,69,38 61,72,45 32,40,29 
115,113,110 111,106,104 111,107,102 115,108,98 100,94,84 96,91,80 86,83,72 73,71,63 64,66,57 51,54,49 51,52,48 48,49,45 43,46,46 50,49,45 117,111,106 84,85,79 86,83,76 90,85,74 73,71,65 40,44,44 38,43,43 90,90,83 97,98,96 55,57,59 55,55,58 114,112,112 41,44,48 77,76,81 79,89,67 37,51,20 39,54,25 42,56,30 26,38,20 22,31,17 22,31,15 33,48,15 29,41,23 19,27,15 18,23,14 36,45,27 35,44,29 34,42,30 21,22,23 23,27,24 24,26,24 39,49,30 56,69,36 56,70,41 57,69,41 57,71,41 
93,91,86 100,96,91 110,108,102 114,109,97 105,98,90 113,105,93 114,105,93 112,103,92 111,104,91 109,105,91 102,94,83 91,86,76 75,73,67 69,67,60 118,113,108 89,89,82 89,88,81 93,90,81 74,73,68 40,45,46 39,46,47 93,94,88 101,102,100 101,102,100 109,110,109 112,109,111 116,115,119 115,112,117 81,95,58 51,72,23 33,46,22 40,59,32 29,43,23 29,41,19 29,43,17 38,55,14 21,30,16 21,29,17 21,27,16 23,31,19 27,35,24 28,36,26 28,35,26 26,31,25 34,42,27 33,41,26 49,60,35 49,58,35 46,57,33 56,66,37 
51,42,36 56,47,38 59,51,45 72,67,58 80,75,67 94,87,78 100,93,82 107,99,89 113,106,95 114,107,95 110,99,88 108,100,89 100,91,80 95,88,77 119,115,110 93,93,86 94,94,86 98,95,89 76,74,69 39,43,45 38,45,46 97,96,91 101,103,102 99,99,97 112,111,112 119,117,121 119,118,121 120,117,121 55,69,40 29,40,18 39,55,29 44,62,27 42,59,25 23,37,16 24,35,15 27,40,15 30,44,23 23,32,19 24,31,20 20,25,17 27,35,24 35,45,28 27,31,26 35,44,27 34,42,29 43,56,29 30,37,27 40,52,32 43,55,30 41,49,33 
16,14,13 22,20,17 24,23,20 35,31,26 40,34,28 42,36,30 44,37,30 47,40,31 48,40,32 49,43,35 55,48,40 63,56,50 66,59,51 83,78,70 121,117,113 96,96,91 96,94,89 100,97,92 73,74,71 38,44,45 40,46,46 99,98,92 103,103,103 102,100,99 114,111,113 122,120,125 122,120,123 123,120,124 53,69,33 34,51,17 39,56,32 35,50,24 26,37,17 24,36,16 23,34,17 25,37,16 22,30,14 20,30,13 21,30,13 37,53,21 32,44,24 41,55,29 35,44,30 30,37,28 34,41,29 49,60,34 44,55,34 34,45,28 49,62,34 56,68,43 
17,15,13 25,23,21 21,21,19 32,31,28 32,31,29 35,32,31 29,27,29 26,24,27 29,26,25 26,25,25 27,24,25 27,24,25 26,24,25 71,69,66 124,118,114 101,100,94 100,96,90 103,98,90 72,73,68 39,45,44 42,48,48 103,104,97 106,107,106 109,107,106 117,112,113 122,117,119 123,119,121 119,116,116 56,68,38 64,77,40 53,76,30 36,53,21 26,38,18 40,59,19 39,57,25 31,45,21 32,50,16 30,47,18 32,46,18 41,57,24 36,50,27 39,52,31 44,55,33 27,34,27 29,36,27 39,48,31 43,56,33 33,40,28 47,54,35 51,61,40 
21,19,16 22,20,19 23,22,21 27,25,24 29,26,26 32,30,29 30,28,32 29,27,32 32,29,28 31,28,27 32,29,28 45,43,36 39,40,36 85,82,77 120,113,107 103,101,97 100,97,91 105,101,94 68,66,65 32,33,33 44,49,48 103,104,99 106,106,107 115,113,115 120,115,116 122,117,118 125,119,122 120,116,114 90,94,68 89,92,53 36,51,24 22,31,16 26,37,20 33,44,25 34,51,22 42,61,30 30,44,21 39,57,22 47,63,24 35,46,25 34,46,29 27,34,27 34,44,28 37,49,31 35,43,30 43,51,33 39,48,31 35,41,30 38,41,32 49,54,39 
24,21,20 26,24,24 26,26,25 26,24,24 28,27,27 30,30,30 32,33,33 32,32,32 27,25,28 26,24,27 26,24,27 28,27,29 30,30,31 109,105,100 115,109,102 104,105,100 101,100,95 109,108,103 69,69,68 36,36,35 46,46,46 104,105,100 108,107,104 49,50,49 67,64,64 127,120,121 64,61,64 76,72,75 149,148,103 104,108,57 30,40,21 44,58,26 53,63,35 45,46,39 32,42,26 39,44,34 29,37,20 34,42,25 49,58,38 35,37,26 28,29,23 52,52,40 48,51,41 53,59,43 36,41,31 45,48,39 50,54,40 55,56,44 49,51,44 65,67,59 
27,22,20 18,17,16 22,21,22 23,22,22 29,28,27 29,27,28 30,28,29 29,27,28 26,24,27 27,25,28 27,25,28 26,24,27 26,24,27 117,113,108 117,111,107 105,107,103 103,101,98 113,111,107 70,71,67 44,44,39 53,53,48 107,108,105 111,111,109 49,50,50 62,59,61 131,121,123 58,55,59 69,64,68 167,163,98 114,114,64 69,69,58 79,74,72 95,84,86 79,70,71 56,52,48 68,63,65 33,31,31 28,29,28 92,81,83 54,47,46 31,27,26 87,76,64 113,103,98 102,94,87 37,37,34 77,72,69 102,91,83 110,96,85 83,75,71 108,91,85 
31,23,21 26,21,21 28,24,24 33,27,25 33,30,30 31,29,31 31,29,30 29,27,28 28,26,27 29,27,29 28,26,29 27,24,26 28,26,27 120,116,114 117,110,107 107,102,100 105,101,98 117,112,110 65,64,65 32,31,32 40,39,37 110,108,107 113,111,109 49,49,50 62,58,60 129,120,120 64,57,57 74,69,70 157,153,104 127,122,72 83,76,80 94,85,88 96,84,85 74,66,68 68,61,63 48,44,47 49,44,47 59,53,55 91,81,82 81,71,69 53,46,45 66,57,51 126,109,103 124,109,105 49,44,43 83,74,73 143,124,118 132,110,102 92,79,78 118,96,92 
31,30,21 31,24,25 37,28,27 34,26,26 32,29,32 35,33,35 34,33,33 30,29,29 30,28,29 33,32,31 31,30,31 52,39,28 40,36,31 125,118,116 118,110,109 107,101,99 106,101,99 119,114,110 101,97,97 92,89,90 95,90,90 114,109,107 114,113,112 99,100,103 107,105,109 111,107,112 98,92,97 95,94,100 167,161,110 123,118,81 91,82,81 82,72,71 87,75,73 64,59,61 78,73,75 32,30,31 61,58,53 89,83,77 85,80,64 86,83,55 64,62,43 80,68,60 118,103,95 133,119,112 53,49,47 79,71,69 157,140,133 139,119,110 87,76,74 120,104,99 
49,56,38 39,35,38 32,27,23 29,25,21 32,30,30 39,38,31 37,35,32 33,30,30 31,29,30 37,41,33 33,34,31 27,23,23 34,35,31 126,119,116 116,109,107 98,91,89 95,87,85 109,105,102 111,105,102 115,110,108 108,101,98 115,108,106 119,115,114 102,103,106 104,100,101 88,86,90 82,77,81 80,78,81 144,139,114 103,94,95 103,94,96 94,83,84 98,83,81 71,66,68 104,97,101 30,27,28 50,48,36 51,57,28 51,56,25 66,77,23 40,44,18 76,68,55 115,101,93 102,97,69 59,54,49 63,60,51 118,115,87 113,108,77 68,66,51 96,94,69 
55,55,45 45,42,46 39,35,37 45,43,46 35,35,38 37,35,35 38,37,38 37,38,37 36,41,41 43,52,51 48,50,54 45,45,50 73,71,70 130,122,119 117,110,106 108,100,99 103,93,90 122,116,112 121,111,106 123,114,110 122,112,109 120,114,110 123,118,116 124,125,128 124,120,121 51,45,41 76,68,67 81,72,68 107,96,95 98,89,90 98,88,88 91,78,75 91,77,77 64,59,59 91,85,81 35,31,28 60,60,46 52,62,32 54,64,32 47,56,25 39,43,24 55,64,31 65,74,38 57,65,31 57,47,34 50,51,33 71,80,38 73,82,39 53,54,33 67,70,37 
31,45,43 40,57,58 52,70,73 57,72,77 55,71,76 59,73,79 64,76,83 68,79,86 73,78,86 76,82,89 78,83,89 67,71,75 89,89,90 129,121,118 117,110,106 103,94,88 102,94,88 100,95,92 112,107,104 112,106,103 108,102,100 127,120,116 129,124,122 107,108,106 99,101,96 64,62,49 65,69,56 73,78,61 73,79,58 56,70,41 54,67,38 51,64,31 52,61,32 52,39,30 49,60,30 42,41,30 49,57,31 55,68,32 56,67,33 57,69,34 44,44,26 53,54,28 53,60,29 52,61,29 48,51,30 44,42,28 56,62,30 53,59,29 39,38,29 49,51,29 
81,88,91 86,96,103 89,101,108 89,101,109 83,94,104 83,93,101 85,94,103 82,91,101 85,94,100 82,88,93 76,83,88 72,77,80 101,96,94 133,124,119 119,113,110 86,88,88 92,95,98 98,104,108 101,107,111 103,108,111 101,106,111 110,112,114 113,117,120 72,84,58 74,91,55 76,90,55 70,84,48 64,80,44 59,76,40 61,75,41 55,67,37 46,59,28 44,54,26 44,51,26 46,54,25 56,47,30 49,47,26 47,51,27 49,51,29 50,50,30 40,33,22 48,41,31 45,43,32 44,43,31 43,40,30 52,46,31 48,53,28 46,50,28 47,46,31 52,53,28 
88,97,103 84,96,103 88,100,108 86,97,106 86,96,104 85,94,104 82,91,101 82,90,100 85,90,100 86,92,100 87,92,101 89,93,99 102,104,108 108,110,113 103,107,110 100,103,104 98,104,104 91,94,92 98,101,100 101,105,105 100,105,105 104,109,113 105,112,114 87,93,82 83,93,67 79,91,58 86,91,60 75,86,50 66,82,44 62,74,41 53,63,36 47,56,29 44,51,27 41,46,25 68,82,23 71,74,23 50,39,26 48,44,30 50,43,33 47,43,27 55,56,29 54,48,37 49,43,34 47,44,32 46,39,32 48,49,28 59,67,27 64,62,33 56,47,35 55,47,33 
87,95,104 89,99,107 90,101,109 91,100,110 91,99,110 92,100,112 91,98,109 92,98,107 89,94,100 89,92,97 85,90,96 95,101,104 98,101,103 99,103,103 97,100,100 99,102,100 97,99,98 88,88,86 99,99,101 105,103,104 99,96,98 106,102,104 117,113,115 125,121,124 117,114,104 92,103,66 86,100,56 77,92,48 75,88,47 76,84,48 64,72,43 56,64,37 49,56,32 49,52,32 63,75,22 65,71,29 55,45,35 56,46,36 61,49,41 50,42,32 54,45,35 59,48,39 62,49,37 64,51,38 59,46,38 44,38,32 42,44,27 62,60,34 66,52,40 66,54,42 
98,108,117 105,115,124 109,119,130 110,119,129 103,110,122 93,100,109 93,98,104 99,104,110 97,100,105 98,100,104 93,94,98 94,98,101 93,95,97 99,99,100 104,101,100 108,103,101 104,98,97 99,94,95 97,92,92 101,97,97 110,104,105 105,101,103 114,109,112 120,114,117 118,111,114 119,116,105 99,107,78 87,98,64 79,89,51 74,87,48 73,80,47 72,78,47 68,69,46 61,59,40 68,76,30 65,67,36 67,53,44 70,56,45 71,57,46 68,55,44 62,51,39 69,59,43 72,60,45 77,62,48 80,65,51 87,73,60 86,76,65 88,80,70 88,78,67 88,78,67 
104,111,120 108,114,121 110,118,124 101,105,111 99,104,112 105,110,116 102,105,109 100,103,107 98,98,100 100,96,97 102,95,95 104,97,98 108,100,101 115,108,107 111,104,104 96,93,86 110,104,104 102,97,97 106,100,101 112,107,108 120,115,117 123,117,119 116,110,113 110,103,106 122,115,119 114,105,109 104,94,94 90,95,68 91,98,61 83,92,54 80,86,54 85,83,58 86,76,58 76,64,51 62,60,37 65,67,39 71,59,45 79,63,51 83,68,56 83,69,56 87,75,62 88,79,68 94,88,82 95,88,84 94,85,75 87,77,67 82,73,63 78,69,60 76,69,55 77,70,61 
119,124,130 116,123,126 113,121,128 109,116,125 106,105,108 110,109,114 115,111,115 117,112,115 116,108,110 116,107,109 107,99,101 110,102,102 109,102,102 113,106,106 112,105,106 111,105,105 109,103,104 109,102,103 113,108,107 120,113,114 114,108,108 117,111,112 118,111,112 118,110,113 126,117,119 141,131,132 137,126,127 125,111,106 96,93,73 102,96,75 105,94,78 106,92,78 104,91,76 101,86,71 87,75,59 84,72,57 89,73,59 99,86,75 103,95,89 105,99,95 104,96,91 93,86,78 92,84,74 82,74,60 81,71,61 84,74,64 82,75,62 82,73,65 76,69,64 82,75,68 
107,106,106 117,118,124 123,123,127 124,120,125 126,120,125 127,121,125 118,110,115 114,108,112 110,102,104 114,106,108 109,100,101 103,94,93 110,102,100 112,105,106 112,106,106 113,106,104 112,105,103 114,107,107 113,106,106 119,113,112 121,116,116 124,117,118 125,118,120 132,124,127 136,127,129 129,117,117 136,122,121 126,108,103 130,114,108 109,102,88 104,96,82 117,106,94 113,101,86 112,101,88 116,108,99 116,109,107 110,102,99 105,97,93 97,90,80 88,80,70 89,80,72 91,82,73 87,79,71 83,77,66 82,75,65 81,72,66 84,76,69 86,77,71 47,43,43 77,72,68 
135,129,129 130,125,125 127,124,124 127,121,124 125,118,122 116,109,111 108,103,105 111,106,109 111,103,105 110,103,106 108,99,100 106,97,98 110,100,99 116,109,110 112,105,105 115,108,106 115,106,105 116,109,110 118,111,112 124,117,119 129,123,124 125,117,117 128,119,120 135,125,125 134,126,125 122,112,113 114,102,103 118,102,99 119,102,97 113,98,93 103,99,89 102,95,90 98,91,88 98,92,92 108,104,104 100,96,93 96,89,79 93,85,75 92,84,75 92,84,76 89,82,75 86,80,73 97,88,82 93,84,78 90,81,76 87,79,75 88,80,75 85,78,70 90,69,69 91,84,79 
122,114,118 238,235,228 235,229,214 233,226,208 234,229,217 238,235,228 239,236,229 207,203,199 113,106,107 110,103,105 108,97,97 110,103,104 112,103,102 119,112,114 113,105,106 116,108,108 119,110,111 121,113,113 121,114,115 126,118,120 134,128,129 128,120,122 131,122,123 137,129,129 144,136,137 138,130,131 127,117,118 114,105,104 112,105,103 111,104,105 111,103,103 99,92,94 96,90,85 106,104,101 95,89,77 90,84,71 102,95,87 92,87,81 99,88,87 98,87,84 90,84,78 92,86,79 94,86,82 92,86,82 97,88,85 106,94,89 103,92,85 99,89,80 57,54,51 119,110,105 
121,115,116 239,236,228 234,228,212 232,224,202 219,198,155 231,225,208 226,221,211 207,203,197 121,111,114 112,103,105 109,100,101 113,105,106 107,98,96 123,116,117 117,110,112 116,109,109 120,113,112 130,122,122 128,122,123 129,121,122 130,123,125 136,128,131 138,129,131 146,138,139 144,138,139 126,120,120 119,114,115 113,108,109 115,110,110 116,110,109 112,106,105 119,111,110 111,103,100 97,92,86 103,93,83 106,98,92 105,99,98 110,103,99 97,94,90 93,89,85 100,91,88 108,96,92 105,96,92 104,97,88 105,97,87 112,103,93 122,108,100 128,116,106 61,59,58 115,104,101 
127,119,122 236,231,219 233,225,206 226,217,193 199,188,163 222,212,187 222,215,198 197,190,177 123,114,117 119,110,112 107,98,97 110,101,101 116,107,107 125,116,118 121,112,115 120,111,110 122,115,114 132,124,126 135,127,130 138,131,133 136,128,129 130,122,124 133,124,125 130,124,126 124,119,119 122,117,116 123,117,116 118,111,111 119,114,113 121,115,114 133,126,125 123,113,110 111,102,98 118,107,104 118,109,106 116,105,100 111,102,99 111,104,101 107,102,100 106,102,99 103,98,93 107,98,92 118,105,102 114,101,93 113,102,95 141,128,120 137,127,124 129,117,115 50,48,48 129,120,117 
113,103,108 234,227,206 232,224,200 221,222,198 225,219,204 234,226,209 233,226,207 205,197,181 131,122,123 133,124,124 119,111,112 124,116,117 120,111,111 120,111,113 121,114,116 133,124,124 128,120,118 125,117,119 138,129,132 138,131,134 146,139,140 136,131,131 117,113,113 114,110,109 116,111,109 118,113,112 122,116,115 129,120,117 125,120,119 144,139,140 151,146,147 146,139,138 130,121,119 129,120,118 121,111,108 119,109,107 127,117,114 113,105,101 106,99,97 115,107,104 114,106,100 112,102,96 111,102,94 130,120,116 152,143,141 128,117,116 134,123,122 141,129,128 67,64,64 131,120,118 
108,102,105 234,227,207 232,223,197 233,226,210 231,224,207 235,224,203 233,224,201 209,203,191 143,131,132 141,131,130 145,135,133 133,123,123 125,116,117 133,124,126 125,118,120 120,113,114 133,125,126 117,108,110 131,123,123 124,119,118 116,111,110 114,109,107 118,112,110 117,113,113 119,114,113 123,120,119 127,120,118 138,131,129 145,138,137 150,146,148 140,131,130 140,133,133 146,140,140 133,126,126 137,129,130 136,128,128 148,139,139 130,119,117 119,105,99 117,108,103 119,110,106 133,127,122 146,139,132 36,36,36 39,39,39 53,57,61 113,114,103 75,78,61 42,42,42 133,122,121 
108,100,103 115,112,106 112,108,96 108,106,101 102,100,95 102,100,94 108,106,100 110,107,102 140,129,130 143,132,130 149,137,135 131,120,119 131,122,122 127,118,120 124,115,118 118,111,111 116,110,111 125,120,120 105,102,102 110,105,103 112,107,104 116,109,106 124,118,116 123,118,117 143,141,141 157,154,154 153,148,147 154,148,148 156,151,150 148,141,140 143,136,136 151,144,144 146,142,144 147,141,143 146,139,141 153,147,149 148,138,138 153,145,146 149,140,140 126,118,114 114,106,100 144,141,140 141,134,134 62,60,61 73,71,70 78,75,75 106,102,90 87,86,75 64,61,60 129,119,117 
135,125,126 64,64,64 66,66,66 39,39,39 30,30,30 30,30,30 30,30,30 42,40,41 139,128,130 137,127,128 146,134,135 128,118,120 130,117,115 119,109,108 121,113,112 120,114,113 112,108,107 107,103,100 104,100,97 103,100,97 113,108,106 124,118,114 132,127,123 142,137,136 172,168,169 164,158,158 149,142,143 156,152,154 159,155,156 162,159,160 146,140,139 142,135,135 138,131,131 139,133,133 125,118,118 134,125,125 139,130,128 131,126,126 104,100,100 90,87,86 96,93,92 88,86,87 93,90,91 97,93,93 94,90,89 85,81,81 88,82,82 99,94,94 92,87,87 82,77,76 
