180,184,183 64,66,42 50,55,23 55,59,33 89,89,83 54,57,41 47,50,32 53,58,32 44,49,25 50,55,26 56,60,26 83,87,39 103,108,78 176,178,165 224,225,227 214,216,216 209,211,209 216,219,218 216,218,219 219,220,221 220,221,223 218,219,221 220,221,223 211,212,214 92,95,83 97,102,89 80,84,72 87,92,79 168,171,166 222,223,226 221,222,223 212,214,215 203,207,207 195,199,201 199,201,203 196,198,200 186,189,194 186,189,194 196,199,201 195,199,202 210,212,214 211,213,213 221,223,222 223,225,223 214,216,213 218,220,217 223,225,222 221,223,220 220,222,219 216,216,214 
70,70,70 45,45,41 36,37,32 38,39,34 49,50,46 40,41,37 43,44,39 38,39,35 36,37,31 42,46,21 42,48,21 57,60,27 77,82,38 83,89,46 178,181,169 219,219,220 209,211,209 215,217,217 218,219,220 221,222,224 223,223,224 221,222,225 222,223,225 176,178,183 60,64,43 52,59,31 58,64,37 61,67,37 70,76,41 132,135,130 217,218,220 213,214,215 203,206,206 195,199,201 204,204,206 196,197,200 189,192,197 191,194,198 203,204,206 201,205,207 210,211,213 213,215,214 220,222,221 219,221,219 217,219,216 220,222,219 217,219,216 220,222,219 221,223,220 218,218,216 
79,80,80 93,94,92 88,89,86 90,90,89 86,86,82 94,95,91 90,90,89 95,95,93 71,71,68 33,36,20 40,43,21 35,38,21 46,51,21 70,77,35 171,174,166 223,223,224 211,212,210 214,215,216 219,220,222 221,222,224 222,222,226 223,223,226 225,226,228 136,137,142 53,59,31 51,59,30 46,51,29 48,53,29 52,57,27 59,65,33 163,167,158 213,214,217 199,203,203 192,196,198 199,200,202 197,197,200 190,193,197 191,194,199 200,202,204 203,205,206 205,206,208 207,209,208 211,213,211 206,208,205 214,216,213 215,217,214 219,221,218 221,223,220 219,221,218 227,228,226 
75,75,75 49,49,47 38,38,35 37,37,36 37,38,35 36,37,34 41,41,38 37,37,35 37,37,35 35,39,26 32,37,22 30,33,21 37,41,22 59,66,26 174,178,166 225,226,227 212,213,211 214,214,215 219,220,222 220,221,223 222,222,225 224,225,227 228,228,231 176,177,175 55,60,30 47,52,27 35,40,21 40,46,25 52,58,26 47,53,24 110,114,100 213,214,217 197,201,201 188,192,194 193,195,196 198,199,201 198,200,203 194,197,201 205,207,209 208,210,209 204,205,207 204,206,205 206,208,206 207,209,206 211,213,210 218,220,217 229,231,228 230,232,228 228,230,225 236,238,233 
74,74,74 86,86,86 70,70,70 60,60,57 58,58,56 33,33,32 33,33,31 32,32,31 33,34,31 33,39,23 41,49,24 38,42,24 42,46,23 43,49,25 100,107,65 213,215,215 213,213,213 213,214,215 219,220,222 220,221,223 223,224,226 227,227,230 232,233,236 114,117,110 50,55,33 29,32,21 29,32,21 30,34,21 42,46,24 41,44,26 129,133,126 210,213,216 196,200,200 186,190,192 188,190,192 195,196,198 197,199,201 196,200,202 211,213,213 216,218,217 214,216,216 206,208,206 205,207,205 213,215,212 216,218,214 227,229,225 234,236,233 226,228,223 230,233,227 233,236,230 
119,123,96 156,157,150 127,127,121 72,75,53 33,38,24 48,52,37 39,47,23 27,30,23 27,30,24 27,32,22 30,35,23 34,40,23 40,44,26 39,46,24 60,72,28 159,164,153 213,215,214 214,214,216 219,220,222 220,221,223 225,226,228 215,216,218 113,116,108 59,65,41 41,46,30 36,40,27 41,45,26 34,37,22 29,33,20 53,59,25 64,71,42 190,194,196 190,194,195 179,183,184 184,186,188 190,192,194 189,193,194 194,198,199 210,212,211 217,219,217 215,217,214 206,208,205 206,208,205 210,212,208 219,221,216 228,230,225 232,234,230 222,224,219 229,231,226 234,236,230 
57,65,24 79,86,58 61,67,32 51,59,31 59,62,47 49,57,35 35,44,22 36,46,21 48,52,37 42,51,22 30,35,21 30,34,23 41,45,26 53,60,27 52,62,25 162,167,155 214,216,216 214,215,217 219,220,222 222,223,225 198,199,201 106,108,99 48,53,30 39,44,25 36,40,24 43,49,26 54,60,29 36,38,28 29,31,25 49,53,24 40,46,19 139,143,133 174,177,178 166,171,172 175,179,181 179,183,185 183,187,188 191,194,195 213,215,214 216,218,215 214,215,213 206,208,205 202,204,201 204,207,202 214,216,211 225,227,222 222,224,219 220,222,217 224,225,220 234,235,229 
46,55,21 42,53,23 45,53,21 43,51,22 57,66,27 49,55,25 53,60,34 52,64,26 39,49,21 43,51,23 33,38,22 34,38,23 32,34,24 39,44,24 61,70,35 127,135,112 217,218,218 214,215,217 218,219,221 222,223,225 153,154,146 48,53,32 30,33,23 32,35,23 36,43,21 43,47,25 46,51,28 42,44,32 34,36,31 31,33,23 52,54,40 163,165,166 165,169,170 160,165,166 167,171,172 172,176,178 172,176,177 182,185,186 190,191,190 110,114,97 165,167,164 192,194,190 127,130,122 182,183,180 187,188,185 173,174,164 173,173,169 216,217,211 222,223,217 230,231,224 
43,53,23 51,61,26 59,68,29 47,58,24 42,52,24 48,57,23 47,57,24 52,61,25 43,52,26 38,46,24 43,51,25 48,57,23 45,53,25 46,54,26 50,58,32 106,112,87 218,220,220 213,214,216 217,218,220 225,225,227 111,113,102 30,35,21 27,32,21 38,44,23 35,39,21 31,36,21 33,36,21 50,55,28 26,28,21 33,35,26 82,87,74 182,184,189 160,165,165 155,158,161 156,161,163 160,164,166 168,172,173 136,141,133 51,58,41 37,43,28 57,66,37 67,74,49 58,64,44 55,63,44 42,51,26 42,52,24 94,100,82 150,153,141 156,158,150 127,129,118 
28,33,21 35,41,24 46,55,24 40,48,21 31,38,22 31,37,22 32,38,24 37,44,24 41,50,27 41,54,22 39,48,25 36,44,20 38,47,24 45,53,25 51,58,28 60,67,38 201,204,200 212,213,214 218,218,220 229,229,231 75,78,67 37,41,25 37,43,24 50,54,24 41,45,23 37,41,24 50,57,27 51,55,29 53,59,27 51,56,26 64,70,40 170,172,174 154,161,162 148,154,157 151,155,157 154,158,160 136,141,137 59,66,54 25,32,16 33,44,15 30,39,14 30,40,15 29,38,15 22,27,18 22,25,18 25,29,19 33,43,17 38,50,21 29,36,24 46,54,40 
26,28,21 27,30,23 28,33,22 27,30,23 33,41,22 30,38,22 39,49,22 30,36,25 27,34,21 34,43,24 39,51,23 33,41,22 34,43,24 48,56,24 43,52,25 51,59,35 149,153,141 212,213,214 217,218,220 137,137,142 47,52,32 26,28,21 24,26,19 31,32,25 25,27,19 32,35,22 34,36,23 46,51,24 47,52,25 36,39,22 44,50,23 138,144,135 149,155,155 143,150,152 147,154,155 138,143,143 65,74,52 32,43,15 25,32,15 20,23,16 17,19,16 17,18,15 18,20,16 18,20,16 20,22,18 23,26,20 30,38,20 33,39,26 24,27,20 31,34,27 
27,32,23 26,31,22 26,32,22 24,28,22 33,39,24 27,33,23 28,35,22 32,42,24 29,37,23 30,37,24 37,49,20 32,39,22 34,42,24 40,49,24 40,44,29 42,48,30 126,130,117 207,209,209 213,213,217 91,93,86 29,33,21 27,29,21 21,22,18 20,20,19 26,28,19 35,39,21 30,33,20 38,42,25 47,52,26 37,41,21 21,24,14 73,82,61 142,149,147 141,147,149 147,155,155 101,108,96 29,35,18 23,28,15 17,18,15 16,17,14 17,17,16 16,18,15 16,18,16 18,18,16 19,20,17 24,28,22 31,38,24 38,49,19 36,50,20 35,43,27 
26,30,23 27,32,23 22,26,21 39,47,26 46,57,27 34,44,23 33,44,24 31,39,23 31,38,24 26,32,22 28,33,22 34,43,23 30,37,24 30,35,24 32,35,26 30,32,27 105,110,94 203,205,205 211,212,215 129,129,129 29,31,24 27,28,21 29,33,19 30,34,19 31,35,21 27,30,20 26,28,20 22,23,19 29,33,20 37,42,20 25,28,15 35,42,25 109,118,113 139,147,148 144,152,150 34,44,26 21,24,16 17,19,14 17,18,15 17,17,15 16,18,16 16,17,15 19,21,16 28,37,18 36,48,20 41,49,23 22,24,19 25,31,22 31,40,23 30,35,26 
26,28,22 24,28,23 30,36,24 42,50,26 42,50,30 37,44,26 43,56,24 36,48,24 36,48,24 26,33,22 24,29,23 26,32,22 30,35,24 31,36,26 34,40,25 53,62,28 55,60,43 124,125,124 205,206,208 162,160,167 52,52,51 36,39,31 24,27,19 24,25,19 20,21,18 20,21,18 22,22,19 22,22,19 30,33,21 30,33,21 30,35,19 52,59,36 86,94,88 131,140,138 48,57,44 23,28,17 17,18,15 16,17,14 17,18,14 17,18,16 18,20,16 19,22,17 25,30,20 26,33,19 28,34,20 31,37,21 31,40,21 41,52,27 37,49,23 39,45,33 
26,30,23 24,30,23 26,31,23 22,25,21 21,24,21 23,25,22 30,37,23 30,36,24 33,40,25 36,45,25 30,37,25 22,27,21 24,28,22 27,30,24 29,33,24 33,35,25 44,49,30 127,128,125 198,198,200 192,192,195 105,103,109 28,29,25 19,20,18 21,23,19 22,24,20 42,47,25 32,35,22 28,30,20 30,31,24 44,51,25 37,45,17 28,34,18 71,79,73 74,83,71 22,24,19 18,18,16 17,18,15 16,18,14 18,20,15 22,25,17 19,22,17 22,26,18 21,24,18 21,23,18 22,26,19 32,38,22 26,31,23 40,53,22 44,56,24 46,56,27 
30,36,25 26,31,22 22,25,21 21,24,21 20,22,21 20,23,21 22,24,21 22,26,22 21,24,20 21,23,19 22,25,21 24,29,22 26,34,24 26,31,23 26,28,23 31,35,24 31,33,28 114,114,110 197,198,199 202,203,205 139,140,139 29,33,21 36,41,24 28,31,23 34,37,22 36,41,22 37,41,24 44,52,26 30,34,24 30,34,21 22,29,15 24,29,15 71,81,71 35,41,31 21,22,18 21,22,20 18,19,16 18,21,16 20,24,17 23,28,17 22,26,19 20,25,19 20,25,19 20,25,19 25,28,21 26,29,22 31,38,23 29,33,25 35,42,28 49,62,31 
38,49,24 31,38,23 21,25,21 20,24,21 19,24,20 20,25,21 20,25,21 20,25,21 20,24,21 21,23,19 20,23,20 26,32,24 30,39,25 29,35,25 28,34,24 32,38,24 35,38,28 78,80,72 200,200,200 204,205,206 72,77,63 28,32,19 33,38,23 23,25,19 42,45,29 27,28,22 31,35,22 39,46,21 35,40,22 25,31,17 26,33,15 21,25,14 35,41,25 27,29,22 28,30,27 22,24,20 22,24,18 19,21,17 19,22,17 19,23,17 20,24,18 20,25,19 21,26,20 22,25,20 23,26,21 25,30,23 29,35,25 32,38,28 36,42,29 42,52,32 
37,50,24 32,38,25 24,29,24 22,27,22 21,27,22 26,32,25 23,29,24 22,28,23 23,29,24 22,26,22 22,26,22 27,34,24 28,34,25 26,32,23 28,35,24 27,31,23 33,35,27 73,75,69 204,204,202 183,185,186 47,53,35 31,36,20 26,28,22 27,29,24 36,40,30 24,26,21 32,35,22 37,40,22 38,45,24 25,30,17 20,24,14 26,30,15 48,57,45 30,32,26 26,28,24 23,25,21 21,22,19 20,22,18 20,23,17 19,24,18 20,25,18 20,25,19 20,25,19 22,27,19 23,29,22 26,32,23 33,41,26 38,46,31 40,48,33 30,37,25 
37,49,23 43,57,23 27,33,25 40,51,27 50,65,23 39,51,27 29,36,28 28,34,28 26,33,25 24,31,23 23,29,23 21,27,21 24,28,22 25,28,22 27,32,24 31,38,27 30,34,25 128,132,124 210,210,207 119,123,118 43,48,23 30,34,21 27,29,23 32,34,28 26,29,21 28,31,24 21,22,19 25,26,22 23,25,21 33,38,21 27,34,16 29,36,15 51,61,47 49,56,49 30,31,27 28,31,26 23,25,21 21,26,19 20,26,18 20,26,17 21,26,18 21,24,18 21,26,19 21,25,19 21,27,19 27,34,24 35,43,26 41,51,30 46,60,33 56,71,33 
60,77,27 52,68,23 51,65,30 47,61,25 51,68,23 31,42,26 38,54,25 26,34,25 26,33,24 23,29,22 22,29,22 22,28,22 22,26,21 22,25,20 22,24,20 26,31,23 38,48,25 101,110,80 189,191,188 103,106,107 32,36,24 55,55,57 42,44,36 38,39,37 33,36,31 49,59,30 46,54,28 43,54,28 32,37,29 27,29,27 19,20,17 30,36,21 67,78,65 63,73,63 53,62,53 60,69,61 24,28,21 23,28,20 24,30,19 21,27,17 23,29,18 17,20,16 19,22,17 26,32,19 25,33,18 32,40,28 32,41,26 36,44,28 40,52,29 42,55,33 
49,65,29 47,61,26 59,74,31 49,63,27 44,54,27 33,42,25 35,48,25 45,62,25 38,53,26 53,75,23 42,57,25 30,42,24 34,50,23 29,40,23 27,34,23 25,27,22 30,35,23 59,65,37 112,117,97 143,147,141 25,29,21 45,52,32 52,60,33 47,55,36 35,44,23 57,69,33 52,64,24 50,62,28 55,69,30 47,56,27 39,45,24 41,50,23 82,96,82 111,127,117 112,131,118 41,51,42 26,33,22 29,36,21 29,39,21 22,29,18 24,35,19 25,35,21 23,28,18 29,40,19 38,51,22 34,45,25 27,33,23 33,43,25 50,64,37 43,56,34 
64,77,38 42,56,31 39,52,31 32,41,30 39,48,31 41,54,30 54,76,33 38,56,26 35,51,27 32,46,25 42,58,25 35,49,25 33,47,25 32,45,23 33,43,26 29,36,24 28,35,22 41,51,20 68,75,43 99,104,84 41,48,23 49,58,30 52,63,32 39,45,31 49,58,30 49,59,31 46,58,22 47,59,26 51,65,24 54,67,30 48,61,24 37,47,24 40,55,32 36,51,34 29,40,26 32,40,33 33,43,24 30,41,24 23,30,19 27,35,20 26,34,23 22,32,19 33,44,23 41,54,27 42,53,27 41,51,30 32,40,24 32,42,25 46,59,36 44,58,35 
56,67,43 57,69,39 42,53,35 65,80,41 53,65,34 52,68,34 62,81,35 48,67,30 42,61,27 44,63,25 38,53,26 32,45,25 48,64,30 44,64,25 36,49,28 33,45,30 34,45,28 37,49,22 45,54,25 51,60,29 45,54,29 36,45,25 46,54,31 49,57,33 51,62,28 50,58,27 55,65,31 45,55,24 45,55,25 40,52,24 49,61,27 37,49,22 42,57,34 27,40,25 30,42,25 23,31,17 23,28,19 41,53,30 23,32,16 29,38,21 32,43,25 27,37,22 28,34,23 29,37,24 33,40,24 27,32,24 22,29,18 32,42,26 42,54,34 46,61,34 
55,69,41 66,82,46 60,75,39 41,50,25 37,43,24 42,58,29 39,56,31 46,62,40 40,54,34 37,54,26 45,64,39 38,55,26 41,54,29 35,53,25 39,57,34 43,56,38 39,52,35 28,36,23 45,56,23 54,66,30 46,56,27 31,37,23 40,52,27 35,42,24 31,36,24 33,37,25 32,38,23 32,37,24 27,32,24 33,40,25 38,45,27 38,48,27 23,30,17 33,48,31 34,50,32 24,33,20 21,29,17 28,36,24 29,40,19 30,41,22 37,50,26 35,48,26 31,40,22 18,21,16 19,25,16 28,37,25 22,28,21 22,28,18 32,43,24 52,64,38 
46,60,38 54,66,40 37,43,20 33,40,24 39,52,29 58,78,44 46,61,38 44,60,35 32,44,21 31,44,24 25,36,19 24,32,21 28,36,20 28,39,24 30,40,28 31,38,30 34,43,36 29,35,24 37,47,24 50,64,29 34,41,25 32,40,24 44,52,30 32,38,24 26,28,23 29,33,24 41,49,26 31,37,25 35,46,25 35,42,24 37,46,24 50,64,30 38,52,27 24,35,21 24,34,22 29,37,30 42,48,43 38,48,33 31,43,22 39,53,25 33,45,25 26,36,21 33,42,27 39,53,27 36,51,28 35,48,32 33,44,30 42,58,33 35,47,27 42,51,31 
52,66,45 55,67,48 31,41,27 45,59,44 35,48,30 33,46,30 26,34,19 31,41,21 46,62,36 28,36,20 24,35,16 20,29,16 23,33,18 25,35,21 35,47,32 26,32,23 27,35,25 35,44,30 37,46,28 53,66,31 32,38,24 36,43,25 28,31,24 26,29,24 27,32,24 30,34,26 36,42,26 27,31,25 26,31,25 28,32,25 37,44,28 32,41,28 33,44,23 30,41,26 33,45,33 46,56,50 45,55,41 29,41,24 48,62,30 45,60,25 39,54,26 40,55,32 36,48,29 36,46,27 45,57,34 44,60,38 35,45,26 55,70,35 60,74,40 44,55,33 
65,80,50 60,73,48 44,59,36 31,42,24 38,51,34 33,45,27 32,43,23 23,32,17 21,29,15 23,31,17 34,50,26 41,59,30 35,51,27 36,55,28 32,46,30 31,40,30 33,46,31 35,49,31 30,39,25 36,47,25 29,34,24 32,38,24 34,39,29 29,34,25 30,36,26 25,27,25 24,27,24 24,26,25 27,32,26 26,28,27 35,40,30 30,35,27 32,44,27 28,36,28 67,75,72 58,66,64 30,42,25 42,57,36 36,50,29 44,60,30 28,41,21 36,47,25 44,58,32 33,44,28 32,42,28 32,46,28 38,50,33 44,55,33 47,57,36 65,77,44 
45,61,40 44,54,38 47,61,31 30,42,22 38,52,31 35,49,30 35,48,29 28,40,23 31,45,24 42,60,35 40,55,31 33,44,27 27,36,22 35,50,28 31,45,25 27,36,25 32,46,28 31,40,27 37,49,30 32,40,26 26,30,24 37,44,29 31,36,27 30,35,27 37,44,27 22,24,24 41,51,28 28,32,26 29,33,26 30,34,28 32,36,30 37,45,33 33,44,25 23,30,21 42,57,31 45,60,34 44,61,30 36,53,24 25,34,19 25,33,21 41,56,23 36,49,23 30,39,23 25,32,17 26,36,21 32,41,27 37,50,24 36,44,23 38,46,29 56,68,44 
37,50,37 31,41,29 44,57,33 46,58,42 41,52,34 40,50,35 36,49,31 31,43,23 29,38,25 32,43,26 34,47,29 35,50,29 43,54,25 42,59,27 41,58,28 34,49,28 29,41,25 29,35,28 41,51,34 33,42,27 28,34,25 29,33,27 25,27,26 27,30,26 28,32,27 26,31,26 47,59,32 33,41,27 33,42,27 35,42,30 36,44,31 45,58,36 44,61,37 36,49,31 33,44,26 44,59,30 41,54,28 34,48,25 29,40,24 28,36,19 32,46,22 37,50,23 34,43,23 33,40,18 28,37,21 26,30,21 32,41,24 30,37,20 36,42,29 54,61,48 
31,40,22 32,39,20 25,32,14 28,36,16 29,36,18 24,31,15 36,46,30 34,46,26 26,35,17 33,42,26 29,38,26 43,56,30 39,51,24 30,41,20 27,39,21 33,46,30 37,48,28 33,42,30 31,37,28 40,52,29 30,34,27 29,33,28 28,33,29 33,40,27 33,41,27 39,50,29 40,51,30 36,45,29 42,57,29 43,54,34 44,57,37 39,51,35 28,38,22 35,46,24 31,38,19 31,41,22 28,36,20 34,45,23 26,33,19 47,63,26 31,40,21 48,63,26 33,40,19 42,53,25 25,29,17 23,25,17 28,33,21 20,22,16 34,39,19 33,38,24 
27,42,13 39,56,16 39,52,22 28,43,15 25,33,17 29,39,20 30,38,19 47,61,33 34,38,23 23,27,18 19,21,16 32,42,20 40,51,27 37,46,29 41,53,31 38,47,31 25,33,19 32,38,29 35,42,30 40,49,31 28,31,29 30,35,28 32,39,30 34,42,30 37,48,31 41,51,31 39,46,32 33,39,30 47,63,34 53,66,43 47,58,41 73,83,69 56,70,44 51,65,28 61,72,36 55,64,36 71,77,69 41,51,28 28,35,21 32,42,23 21,24,19 51,59,48 53,61,51 68,72,64 43,47,38 13,13,12 45,51,42 20,21,19 42,37,19 28,30,20 
41,51,28 40,50,24 37,46,27 37,47,25 30,40,22 54,71,34 48,55,30 70,85,47 30,30,22 12,12,13 15,15,15 56,69,40 51,57,36 42,52,31 60,72,57 49,57,43 40,52,29 46,57,40 54,63,43 62,74,45 63,71,51 83,100,62 56,70,42 55,70,35 49,62,32 38,46,31 39,43,31 47,54,33 78,89,58 75,88,56 78,93,56 120,140,86 88,107,56 64,79,31 55,67,30 90,100,62 109,117,94 84,96,48 52,60,34 31,34,28 22,25,21 71,74,72 92,96,93 90,96,93 62,63,62 11,11,11 68,76,72 30,30,30 75,75,71 29,29,30 
60,77,47 40,43,33 34,39,25 39,47,31 38,47,24 45,58,27 38,42,30 44,61,34 32,35,26 14,14,14 19,19,18 40,48,30 41,51,26 48,66,31 50,61,41 49,56,42 51,60,40 60,76,47 64,77,47 80,98,53 80,98,49 102,120,60 72,87,48 43,52,34 45,53,36 43,49,31 29,31,25 86,100,52 110,126,69 106,124,67 108,126,71 113,133,72 115,133,73 111,127,73 103,119,68 105,120,69 106,121,73 108,122,74 86,99,55 31,35,23 15,17,15 81,92,59 93,104,73 105,109,93 88,83,77 18,17,18 106,103,102 26,24,24 107,109,96 21,21,20 
48,68,31 39,47,29 39,47,25 38,47,23 40,50,26 41,49,26 41,46,33 33,43,26 40,43,33 14,14,15 29,30,25 47,55,35 53,64,37 66,84,46 78,99,58 91,114,67 96,123,67 101,128,68 97,121,63 97,118,57 95,113,52 97,111,53 97,108,53 94,106,53 97,111,58 73,83,46 32,33,23 107,124,59 107,124,60 111,125,63 108,125,64 107,127,63 107,130,65 107,128,66 103,124,64 105,123,70 101,117,67 94,109,62 87,101,57 30,35,22 16,17,15 73,83,48 75,87,49 68,84,44 64,82,42 20,23,16 57,63,47 32,31,25 68,66,62 25,22,21 
37,49,27 33,40,22 34,35,28 33,31,24 37,46,29 31,38,26 47,54,36 56,66,43 59,62,44 15,15,15 51,56,40 91,108,66 88,111,62 89,118,60 95,123,64 100,127,66 106,131,66 109,132,67 104,123,61 101,119,57 101,116,55 102,115,54 103,116,55 105,117,54 102,115,55 75,87,43 29,30,20 102,119,54 99,116,52 99,115,55 96,118,55 94,115,56 97,114,61 89,110,53 83,108,46 79,104,44 78,99,46 81,96,48 88,93,57 43,47,30 15,16,14 81,86,54 78,90,54 72,87,49 64,82,40 26,31,19 45,56,33 39,43,29 50,45,39 51,44,37 
50,65,34 39,46,26 42,41,29 46,52,34 56,62,39 67,76,48 76,83,54 82,89,59 80,90,58 14,14,15 43,56,31 76,107,43 82,112,49 90,120,55 94,122,56 93,121,53 101,126,59 102,125,58 98,120,53 97,114,50 96,109,48 93,105,46 94,105,47 89,102,43 85,98,40 53,60,26 25,25,17 76,94,33 76,97,33 77,95,35 73,95,36 75,92,42 78,90,41 79,89,46 72,91,43 64,87,37 63,83,39 69,85,44 79,88,49 49,52,33 23,25,19 67,84,42 66,80,43 69,80,45 65,80,43 32,35,23 45,52,34 50,45,35 66,60,47 68,66,47 
38,51,28 40,45,30 48,52,37 54,57,40 59,61,41 63,66,43 67,72,47 74,76,49 63,73,40 15,15,15 38,52,24 67,94,32 73,101,38 75,102,42 79,106,42 81,106,42 79,102,40 80,103,40 81,104,40 77,96,36 75,94,32 77,96,35 75,93,33 75,92,34 76,94,32 54,68,24 28,29,17 70,88,31 78,91,36 71,86,33 62,78,33 66,71,37 77,83,47 77,85,50 65,81,43 60,80,38 59,80,37 60,78,39 62,80,39 44,53,31 30,35,24 68,79,46 64,74,42 62,74,41 56,70,39 33,35,22 54,47,40 53,44,37 67,65,50 75,70,56 
53,59,38 56,60,41 61,67,45 67,71,49 72,75,52 73,80,53 74,85,51 70,83,45 59,78,37 15,15,16 46,62,29 64,91,36 66,93,38 67,92,35 65,92,35 76,100,45 79,103,45 78,100,45 76,100,41 73,95,37 70,92,32 73,96,34 76,97,35 78,98,35 68,87,29 56,69,27 32,34,21 73,85,39 77,90,40 80,91,45 70,78,41 81,77,49 80,79,51 74,85,51 63,80,44 71,90,51 68,89,45 63,83,39 61,78,40 43,51,31 30,34,24 60,74,41 58,70,39 56,68,40 57,67,41 31,27,22 48,41,34 67,63,52 64,56,47 89,80,76 
70,72,54 64,68,48 73,73,53 79,79,56 75,81,52 66,85,43 60,83,36 62,87,35 64,87,38 17,18,18 42,55,29 75,102,43 72,99,44 70,97,43 75,101,48 75,98,44 75,98,43 84,105,57 76,102,40 80,103,45 81,100,47 81,102,45 73,93,44 74,93,42 79,101,35 73,83,39 39,38,29 92,98,50 84,95,47 81,98,48 75,92,42 95,100,60 80,97,53 72,91,49 70,89,51 74,93,53 63,80,42 60,77,40 61,77,42 58,63,42 38,39,29 55,68,37 52,64,37 52,57,38 48,42,36 34,31,25 47,44,32 63,57,50 71,61,57 94,86,86 
69,67,51 74,74,54 76,74,55 67,73,46 60,79,39 60,83,38 60,86,36 62,86,35 72,93,44 24,24,21 52,58,34 74,94,46 70,95,47 75,98,50 82,99,58 73,86,49 75,94,45 77,98,48 78,98,47 76,93,44 79,96,47 72,89,41 84,99,55 80,97,51 74,90,44 75,89,43 57,52,40 87,95,49 69,84,38 74,91,50 65,82,38 63,80,42 65,85,42 67,87,47 69,88,49 70,87,51 65,83,43 60,77,41 56,69,37 49,52,31 36,29,25 57,67,39 54,63,39 57,58,43 49,41,37 47,44,35 47,46,33 55,47,42 87,78,78 98,89,91 
79,72,60 66,66,53 66,75,50 63,78,44 64,80,45 62,81,42 67,86,45 66,85,44 75,89,50 37,34,28 68,63,49 79,88,53 80,93,55 87,95,59 91,95,63 85,90,57 81,88,53 80,83,54 76,80,52 84,88,56 75,83,47 79,90,49 81,95,50 81,95,53 82,97,53 74,86,47 52,43,33 73,90,45 73,91,44 72,88,48 70,88,46 70,88,47 71,90,48 68,87,47 65,84,47 62,74,41 62,74,42 58,69,38 58,67,40 51,52,36 36,24,22 52,51,39 45,41,32 48,41,35 54,49,42 58,49,44 51,42,38 67,59,55 97,88,87 75,65,63 
65,64,51 56,65,43 60,72,45 64,81,43 63,81,43 58,76,41 61,79,41 76,87,55 82,82,60 42,25,23 77,58,46 90,92,61 89,97,60 93,95,64 93,98,65 87,95,59 91,95,63 92,90,64 91,93,64 92,90,65 92,87,65 89,94,60 83,98,52 84,97,53 78,93,48 74,81,47 58,29,22 72,90,44 67,83,40 67,82,44 66,82,43 66,83,44 63,81,40 63,79,42 60,76,40 53,65,33 56,62,42 54,53,43 57,52,44 47,47,36 43,32,29 58,49,44 57,48,44 52,44,40 51,47,38 48,39,35 69,58,55 91,84,83 57,41,42 72,65,66 
73,74,62 67,77,56 73,81,59 71,82,55 78,85,61 74,81,62 73,84,61 75,81,61 65,68,47 48,25,24 71,57,44 65,70,46 75,78,59 82,87,65 80,89,65 74,84,54 82,87,61 74,83,54 81,85,61 91,95,69 79,86,54 74,82,52 62,70,39 55,58,35 64,64,46 67,60,46 62,33,26 59,59,39 64,66,49 69,76,53 61,71,42 63,72,45 63,71,50 60,66,46 61,66,49 65,61,55 61,54,50 63,54,49 66,58,51 55,60,40 52,45,39 53,48,40 55,50,42 55,46,41 55,45,42 75,66,64 79,71,69 82,75,74 80,70,71 84,79,77 
66,61,53 229,226,218 238,233,222 234,228,214 231,222,200 233,226,208 227,218,194 187,181,168 47,43,36 60,50,42 72,65,56 69,62,54 74,66,60 81,72,65 77,71,60 72,66,58 75,80,60 88,80,70 96,91,80 87,88,69 74,71,58 71,64,53 85,73,64 86,74,66 87,76,67 77,67,58 70,57,49 78,68,58 74,64,56 67,62,52 69,62,55 68,63,53 72,64,60 67,60,54 70,75,55 74,68,59 83,76,67 91,81,76 56,46,42 57,49,41 58,51,45 60,52,47 60,50,45 79,68,66 103,94,95 99,91,93 89,79,76 81,73,72 52,49,49 68,64,58 
63,57,51 239,236,227 237,232,221 232,222,197 220,197,144 232,225,209 225,218,198 191,184,171 55,49,46 63,58,49 78,71,63 87,80,70 79,70,66 72,67,57 97,89,79 76,68,60 70,73,52 99,94,82 88,81,73 76,71,63 83,74,68 98,88,80 77,67,57 81,73,63 87,76,67 73,65,57 73,64,56 78,71,61 89,79,70 77,69,60 75,68,59 94,84,76 62,56,46 63,56,48 71,65,53 75,66,60 62,53,47 65,55,50 77,67,66 72,62,58 78,69,66 84,77,73 91,84,81 94,87,86 88,80,79 87,78,78 89,81,79 93,86,83 53,52,52 77,72,69 
71,62,58 238,235,228 233,224,201 227,219,199 200,187,157 232,224,206 235,225,206 196,187,167 67,62,56 97,91,86 86,76,69 79,68,62 87,77,70 91,82,75 84,75,67 91,83,74 85,82,71 88,82,72 90,84,74 85,73,66 96,83,77 84,73,64 78,70,61 86,74,65 87,78,70 83,73,62 79,69,56 78,72,58 94,86,74 82,74,65 88,84,70 96,88,81 93,89,80 90,83,77 82,74,72 90,81,81 109,100,98 112,104,104 108,103,102 104,97,99 97,91,90 91,85,84 83,76,74 88,80,79 87,80,78 84,77,73 76,67,62 68,62,56 41,40,39 92,84,84 
96,93,95 238,235,227 236,230,215 231,220,190 221,215,199 216,209,195 221,213,196 193,186,171 108,101,97 106,98,95 110,100,97 119,111,108 126,119,117 111,105,105 119,114,115 104,100,100 93,89,90 120,115,113 142,132,133 139,128,129 140,130,130 144,134,132 139,130,130 138,129,127 139,129,126 128,117,113 112,101,95 114,103,96 128,121,118 129,124,125 124,121,123 122,120,124 123,120,123 118,114,116 102,99,101 99,95,95 95,91,95 90,87,91 87,84,86 83,77,79 86,81,81 81,75,71 75,68,64 72,62,59 73,63,57 69,61,54 72,62,54 72,65,58 51,49,48 91,83,84 
90,88,92 238,235,227 238,234,226 233,225,201 226,221,208 209,204,191 207,204,190 177,173,163 93,91,93 94,89,92 96,90,90 98,92,94 98,93,93 97,93,94 92,89,91 89,85,87 88,83,82 103,97,96 99,94,97 101,94,95 93,87,87 93,85,84 89,83,83 97,89,85 100,91,87 97,90,88 91,84,83 97,91,88 97,92,91 98,95,94 101,97,97 103,101,102 104,101,100 104,101,100 101,96,96 103,99,100 93,88,86 91,83,82 93,84,82 98,90,86 81,73,68 101,95,89 97,93,86 36,35,35 39,39,39 53,57,60 113,114,103 75,78,60 42,42,42 97,89,89 
89,83,79 116,115,112 115,114,111 112,111,108 112,109,103 110,107,99 108,105,100 103,100,94 101,97,91 103,97,91 105,96,92 107,96,94 117,110,111 112,110,109 114,110,109 123,117,117 126,124,122 137,133,135 137,131,135 140,132,135 142,134,136 145,138,140 135,127,126 145,137,138 144,135,133 125,116,113 119,109,104 129,122,119 123,115,109 115,105,98 125,116,110 123,117,108 123,115,110 110,103,96 106,98,92 101,93,83 98,88,78 95,84,77 88,75,69 88,76,69 87,79,71 101,95,90 92,87,80 53,51,49 59,57,56 62,61,60 91,88,76 75,75,63 54,52,51 99,91,90 
100,95,96 64,64,64 66,66,66 39,39,39 30,30,30 30,30,30 30,30,30 36,36,35 95,92,86 89,87,81 93,91,85 87,86,79 90,88,81 90,90,82 93,91,84 90,91,82 91,91,83 97,94,86 103,98,93 110,103,97 103,98,91 117,108,103 127,116,113 130,118,116 139,127,119 134,121,115 144,130,122 139,128,122 138,127,122 137,126,122 128,118,109 114,107,100 111,102,95 115,106,101 119,113,112 116,108,106 126,114,114 94,88,85 79,74,71 74,70,68 73,71,68 65,62,60 75,72,70 73,70,69 69,66,65 68,66,65 67,64,63 79,76,75 76,72,71 65,61,61 
