32,33,30 56,58,51 37,40,36 31,34,27 20,22,19 19,21,18 36,38,35 108,110,104 68,70,62 149,154,151 151,153,153 159,161,162 176,179,182 170,173,174 182,185,188 135,135,136 142,143,145 98,99,98 44,45,32 73,73,60 82,78,67 106,100,102 111,106,109 79,75,67 65,65,52 39,43,30 48,48,40 58,57,48 118,118,118 222,223,224 222,225,225 211,212,215 221,222,222 208,209,211 205,206,208 202,204,207 202,203,205 204,205,207 205,208,209 208,210,210 141,143,138 151,154,149 205,206,203 204,205,202 162,162,156 196,196,194 194,195,193 196,198,197 197,199,197 194,197,194 
50,50,49 38,38,38 46,46,45 39,39,38 37,37,36 32,32,32 38,39,38 42,42,40 51,52,51 140,144,141 171,175,175 138,141,140 111,113,109 175,178,179 173,176,178 182,185,185 103,104,104 75,74,69 82,83,78 53,53,36 74,73,65 63,60,57 110,103,110 128,122,127 73,70,63 39,42,28 73,74,67 116,115,116 101,101,95 117,119,110 124,125,124 116,120,119 217,218,219 206,208,210 205,206,208 202,206,207 203,207,209 206,210,212 204,208,208 178,182,181 116,121,109 146,152,146 209,210,207 127,131,117 92,98,77 152,153,146 187,188,187 204,207,204 199,201,198 200,201,198 
55,55,53 75,75,74 92,92,92 90,90,89 83,83,83 91,91,91 79,79,79 92,92,92 80,81,80 164,170,167 161,166,165 148,153,152 164,172,171 142,145,143 164,167,166 181,185,185 83,82,79 100,102,99 80,79,71 67,68,52 60,58,49 47,45,42 118,112,121 113,109,113 47,47,34 41,45,27 35,37,25 59,60,53 52,53,39 101,101,96 75,76,64 133,135,135 212,213,215 205,208,209 202,206,208 202,206,208 204,208,211 210,214,216 154,161,150 123,128,120 59,68,46 106,114,94 101,107,89 66,77,41 54,66,30 77,84,56 155,158,153 203,206,202 199,201,196 190,194,185 
44,44,42 45,46,44 40,41,40 35,35,35 35,35,36 34,34,34 34,34,34 37,37,36 47,49,47 139,146,139 176,184,181 158,165,161 143,151,147 163,171,168 114,119,109 130,134,127 79,80,72 80,83,73 58,59,49 50,52,35 58,55,47 39,39,33 122,120,125 61,62,53 38,41,27 31,35,23 33,37,23 50,52,47 70,69,62 72,74,64 65,66,50 194,196,198 209,210,212 205,207,209 202,205,207 202,206,208 207,212,214 186,191,190 86,95,66 59,71,41 55,68,25 55,70,27 51,65,24 50,62,25 47,58,27 46,57,30 142,148,144 144,149,135 151,159,144 105,116,88 
39,40,38 78,79,78 65,65,64 69,69,68 58,58,58 32,32,32 32,32,32 46,47,45 49,50,47 121,130,119 143,153,143 167,175,170 138,146,139 101,107,96 90,96,82 62,65,52 54,61,42 40,45,33 41,43,32 42,47,35 61,61,57 49,49,46 64,63,61 42,45,32 48,47,33 53,54,41 57,58,50 59,61,56 90,91,92 60,62,49 107,110,107 212,216,217 206,208,210 199,203,204 198,202,203 203,210,211 215,220,221 115,124,107 49,61,33 42,56,29 47,63,25 44,60,25 44,57,25 36,44,26 38,48,31 56,66,47 110,117,99 67,79,45 80,93,56 63,80,45 
35,40,34 56,61,49 60,64,55 51,54,50 51,56,48 35,39,35 27,31,26 47,57,40 51,64,43 95,108,91 56,69,46 95,108,85 164,173,166 157,167,158 59,66,49 64,73,51 41,49,31 41,46,32 33,36,25 44,48,37 76,77,71 63,65,63 68,69,69 34,36,23 77,76,70 62,62,52 104,103,102 77,78,76 127,129,129 159,163,164 184,188,191 207,211,212 202,206,207 198,203,204 199,205,205 206,215,215 137,145,130 59,70,42 41,51,32 34,42,30 38,47,31 39,50,28 44,58,31 38,50,30 34,46,29 40,52,31 35,48,24 59,71,37 59,74,42 55,70,39 
35,39,29 24,30,23 26,31,25 23,26,23 67,74,60 38,44,34 34,40,33 25,33,23 50,64,46 66,77,58 67,80,60 52,66,43 121,134,119 166,175,166 75,81,65 39,46,26 43,50,29 36,41,27 36,37,26 45,48,40 46,49,43 49,51,41 51,53,47 42,45,36 80,81,79 57,61,44 62,62,55 96,97,96 171,174,177 211,214,215 205,209,211 209,213,215 203,208,209 200,206,208 201,209,210 156,165,161 63,75,51 44,54,37 33,37,31 40,51,31 38,47,31 37,47,30 32,38,30 32,39,28 34,45,30 33,42,24 37,46,30 52,66,35 52,65,30 48,63,29 
45,45,30 26,31,25 24,29,23 21,25,20 46,53,39 50,57,44 65,73,61 35,45,33 28,38,24 31,43,25 55,73,44 40,56,33 90,103,85 148,159,145 98,108,88 35,41,25 39,45,29 38,42,28 36,37,25 70,71,69 56,59,60 54,57,46 103,104,104 87,88,89 66,69,61 104,106,103 99,101,101 91,95,92 89,92,84 117,124,115 179,185,184 196,200,202 208,212,214 205,210,211 182,189,190 85,98,80 52,61,48 42,51,37 43,56,34 41,50,34 35,42,32 37,46,34 38,47,35 33,39,29 24,30,22 25,33,23 35,47,28 43,57,35 48,63,34 48,61,30 
39,40,26 28,34,25 25,31,24 25,31,23 22,28,21 30,38,25 51,58,44 126,139,116 44,59,33 26,34,23 35,48,30 46,62,37 61,74,57 143,157,139 71,87,50 43,58,22 38,44,29 31,34,25 33,37,25 63,66,62 105,107,116 73,75,71 106,109,106 153,156,156 59,62,58 115,118,121 109,111,113 83,86,82 95,99,87 84,90,82 123,128,118 184,189,187 211,217,217 207,212,213 140,152,146 44,56,38 43,50,41 39,47,35 45,58,40 35,43,29 33,37,31 34,40,32 30,36,29 35,44,32 23,27,22 21,26,17 32,42,26 30,38,23 36,51,28 38,48,25 
46,43,33 29,38,26 29,37,25 26,33,25 24,29,22 25,32,22 25,32,21 39,53,25 31,44,21 27,35,22 28,37,23 51,66,42 45,61,37 94,113,81 50,67,36 40,53,30 41,51,35 31,35,25 33,38,26 57,62,55 71,75,73 69,72,66 84,88,83 124,127,123 73,76,77 157,160,162 159,162,164 93,97,92 51,54,38 135,141,130 155,161,156 208,213,216 213,217,220 205,211,212 95,111,103 39,51,35 46,60,39 41,52,37 38,46,38 31,38,30 45,56,43 29,32,26 21,24,22 22,25,21 23,26,18 34,45,27 41,53,27 35,47,22 32,41,21 40,51,28 
48,43,36 23,29,19 26,35,27 26,36,27 28,36,27 27,37,25 31,41,25 39,52,28 38,52,27 29,43,20 37,49,31 29,39,22 35,49,27 48,67,43 66,81,67 44,59,35 35,43,28 29,34,21 33,40,29 37,45,34 70,72,69 44,47,37 47,52,41 57,61,52 145,147,152 166,169,170 182,186,187 101,106,96 59,65,42 106,114,91 144,151,138 214,218,220 214,219,223 179,189,185 54,71,53 32,41,30 48,60,44 38,47,33 33,39,31 34,41,27 38,46,35 24,25,22 22,24,22 20,20,19 28,32,24 35,48,33 32,43,26 34,47,23 37,51,29 32,45,25 
53,48,39 28,34,23 26,32,23 23,30,22 26,32,22 28,36,27 29,39,27 40,59,30 35,54,26 30,46,18 31,42,19 29,38,16 37,47,27 39,51,31 49,66,44 45,57,34 30,35,20 35,36,20 56,63,41 35,40,33 82,85,83 38,42,32 56,59,55 67,71,65 136,139,142 134,137,138 159,163,163 126,131,124 62,70,38 53,60,33 109,122,98 187,196,195 188,196,196 106,122,102 49,67,40 41,53,35 53,65,49 41,50,32 40,50,35 26,31,24 40,51,34 32,39,27 23,23,21 21,23,20 35,45,29 26,36,23 30,43,27 30,42,23 30,42,25 30,38,22 
42,40,32 38,38,29 22,27,16 22,29,20 27,33,24 25,34,24 28,34,25 29,43,22 26,36,17 35,48,20 31,41,14 25,33,14 41,49,24 39,51,21 37,53,22 49,61,41 31,36,21 50,55,40 62,70,44 42,46,33 45,50,40 45,50,39 66,71,69 68,72,69 75,78,70 103,105,101 98,106,85 96,102,88 54,61,34 46,57,26 80,97,56 119,132,120 124,138,126 75,92,61 47,66,35 47,63,33 53,71,35 53,68,39 37,45,33 28,33,26 35,47,32 30,34,25 27,29,25 31,38,31 26,34,24 25,36,23 27,35,24 25,34,21 29,39,24 37,50,31 
37,37,29 37,37,29 26,33,22 28,38,27 25,30,22 25,30,20 31,36,22 29,34,25 34,41,30 37,46,24 33,46,15 36,47,18 42,49,27 34,49,20 37,48,21 59,71,59 43,55,35 48,63,43 53,62,44 40,45,30 36,42,28 36,42,29 69,73,73 50,55,48 30,34,23 42,48,30 65,76,34 42,47,25 53,62,35 43,58,21 67,83,40 77,96,55 79,97,70 73,92,55 48,69,31 51,71,32 49,65,36 30,35,27 24,26,22 26,31,26 32,42,31 33,38,29 29,32,28 22,25,21 28,37,27 24,30,23 24,31,21 29,37,25 37,49,31 42,54,33 
39,39,31 44,41,33 23,29,20 25,33,23 24,29,22 22,25,18 28,35,25 25,27,19 30,33,25 37,42,27 38,49,24 47,62,25 44,51,30 36,48,23 44,52,34 53,61,46 49,64,47 53,66,46 45,54,39 34,38,27 46,50,34 45,50,36 63,65,51 41,46,31 34,38,26 38,44,25 49,61,27 50,56,28 72,83,58 42,58,19 49,66,21 60,79,35 59,78,35 55,74,30 49,67,32 48,65,35 57,76,41 44,56,38 26,29,24 19,19,18 33,43,29 45,56,38 39,46,34 35,39,32 32,42,28 20,25,21 20,24,21 29,37,26 31,42,27 37,51,31 
35,36,27 53,48,40 27,32,20 26,29,17 21,22,13 22,23,15 25,30,19 25,26,19 26,29,21 32,36,26 55,60,52 43,54,30 40,48,26 49,57,39 59,63,59 63,69,52 71,77,74 47,61,42 82,88,80 47,53,41 65,68,56 69,72,54 56,61,39 60,67,49 37,43,24 41,47,27 41,49,29 53,61,34 57,67,42 49,65,25 52,69,23 55,71,32 51,65,37 53,71,34 38,54,27 33,45,27 42,58,31 51,68,39 26,30,23 31,39,27 43,56,35 36,43,31 43,55,35 34,44,29 41,50,37 22,27,21 26,32,26 32,41,29 37,48,34 36,46,32 
34,34,24 57,52,45 29,34,20 28,32,17 27,29,14 20,18,13 25,29,16 24,26,18 27,32,23 36,46,28 54,64,54 43,52,34 42,46,30 52,60,42 61,67,53 60,67,48 83,86,86 60,68,59 117,120,117 118,121,116 80,86,75 48,54,39 43,50,35 34,40,29 25,30,20 33,39,25 32,40,26 48,54,33 44,50,32 46,62,28 50,66,31 43,58,34 35,49,31 45,62,35 34,47,27 29,42,25 35,46,28 48,62,33 38,45,35 41,50,37 46,57,41 45,58,39 38,45,33 41,52,33 39,54,37 28,36,26 30,40,28 37,44,33 35,42,31 47,54,44 
35,36,25 67,60,52 25,29,14 32,37,17 26,29,12 21,18,12 23,23,13 22,24,16 31,36,28 32,46,21 36,48,25 51,60,48 44,50,36 42,46,36 59,74,40 48,60,39 51,59,50 51,56,44 108,108,107 99,101,98 65,68,58 33,40,28 40,44,31 40,47,29 35,41,24 30,33,24 30,34,23 42,48,33 48,57,36 47,62,27 39,51,27 38,56,31 32,45,28 42,59,35 38,54,31 38,52,36 40,50,37 48,63,38 42,54,36 48,63,40 45,56,38 51,60,41 42,55,37 36,47,31 32,43,30 25,31,24 22,25,21 18,19,17 33,43,28 32,43,29 
37,38,27 66,61,51 41,48,16 28,33,13 24,26,13 27,28,14 23,21,15 22,25,15 26,31,22 28,35,22 31,36,24 39,46,32 47,57,42 45,49,40 43,56,29 40,51,31 38,46,35 47,50,40 89,89,85 66,68,63 63,67,56 35,39,29 31,36,27 32,40,26 37,44,29 40,46,32 34,41,26 31,40,29 35,44,31 49,61,36 44,56,34 37,55,31 33,47,31 33,50,31 33,50,31 43,61,45 44,63,44 51,66,39 44,56,38 45,56,37 37,42,29 38,47,32 36,48,32 29,36,27 26,31,24 29,37,28 23,28,21 20,21,16 25,28,18 28,33,24 
33,34,23 66,61,54 51,61,26 33,35,21 31,35,18 42,49,27 26,24,15 42,45,37 25,27,18 25,30,19 28,32,24 36,42,35 64,70,68 49,51,47 33,41,24 31,39,24 41,48,41 56,57,51 72,72,70 51,53,54 46,45,42 45,51,38 33,38,31 32,38,29 36,43,25 38,49,31 28,32,26 26,30,25 39,49,34 53,63,41 36,45,34 39,52,33 37,50,32 23,36,19 29,44,23 33,49,29 42,58,37 43,56,42 46,59,38 37,41,31 32,41,27 37,48,33 36,47,32 25,29,23 25,32,23 31,41,29 23,26,20 24,27,18 34,35,23 26,31,20 
33,35,27 59,55,46 65,74,49 55,55,44 30,33,25 95,96,94 32,27,20 37,43,29 42,45,34 38,44,26 42,48,35 38,42,39 94,97,102 79,80,82 23,26,20 24,26,22 78,83,86 72,72,72 70,69,69 59,62,64 53,51,50 54,62,51 50,58,48 74,83,74 37,44,28 59,67,55 51,54,43 31,35,28 47,58,37 52,62,39 35,44,30 43,53,33 47,56,43 124,126,124 60,70,56 55,68,50 81,86,75 63,71,54 38,43,31 28,33,25 31,37,27 40,48,35 44,48,36 26,34,24 20,22,17 54,56,54 26,23,19 15,15,14 37,40,27 32,38,21 
44,47,34 73,67,57 75,87,55 58,63,47 36,37,30 74,79,64 37,32,25 77,80,74 49,53,40 41,48,31 48,56,48 47,47,51 126,132,140 94,96,100 60,62,62 93,95,101 94,98,106 84,86,89 81,80,83 73,76,82 53,51,51 75,85,78 56,67,53 80,91,84 34,45,31 61,71,49 91,101,61 71,78,58 73,80,62 69,76,59 64,71,58 65,76,64 72,86,71 178,178,178 144,140,142 123,121,120 146,141,143 95,86,88 32,30,30 49,48,48 52,52,50 78,74,79 56,51,52 36,28,24 25,24,21 86,83,91 22,18,17 14,13,17 55,53,47 25,24,19 
62,73,44 68,60,54 59,69,40 53,63,41 39,47,26 43,51,30 42,35,31 67,75,64 79,81,79 79,82,79 81,84,84 72,72,76 88,92,93 82,83,86 61,61,63 74,76,80 68,71,75 74,74,77 75,73,71 57,61,58 61,60,58 68,81,69 49,61,48 70,80,73 54,60,49 42,46,32 33,58,83 6,51,104 13,60,115 45,82,125 15,63,127 7,57,126 39,78,125 99,107,83 128,125,116 189,180,184 187,177,182 90,78,77 55,47,44 72,61,59 60,56,47 51,46,42 49,47,56 66,53,54 55,49,48 82,76,79 42,34,33 42,38,39 47,38,38 44,38,38 
60,77,35 62,57,48 52,60,36 44,59,28 54,52,42 69,68,56 49,36,32 79,80,81 79,81,84 90,93,97 90,92,95 95,94,97 80,78,75 57,55,51 52,48,48 61,61,57 60,60,59 60,59,53 79,69,63 114,113,116 79,78,75 66,70,58 60,62,55 69,72,65 71,73,63 55,53,41 58,79,107 49,81,122 26,68,123 20,64,123 19,66,133 18,65,133 66,98,145 146,150,150 84,91,74 95,90,75 126,111,106 76,62,57 45,38,34 39,31,29 43,38,32 49,39,36 51,42,43 67,56,53 42,35,34 64,55,54 62,51,47 70,61,58 78,70,69 85,76,74 
63,77,43 58,64,53 71,76,53 57,75,36 59,72,37 65,68,52 51,44,40 71,69,67 74,73,70 75,73,66 66,66,55 58,61,48 54,59,45 50,59,40 59,66,47 74,91,53 70,86,54 69,77,56 75,66,57 83,84,80 85,84,73 79,83,80 64,67,63 75,79,62 72,75,55 62,57,42 56,77,108 66,93,132 64,96,140 56,90,138 35,77,139 66,100,149 79,108,151 167,169,177 107,102,101 103,94,92 86,76,76 62,53,51 58,52,50 57,50,52 54,49,51 55,51,56 60,57,63 65,63,69 74,71,77 107,103,109 69,61,63 83,77,81 114,110,115 134,125,129 
67,90,42 62,74,43 72,72,49 67,79,48 66,66,56 67,65,63 72,68,64 58,52,48 69,59,53 66,69,51 46,64,33 46,66,32 57,79,39 55,81,37 65,80,49 61,83,44 62,76,56 58,62,61 65,65,64 91,93,95 64,79,50 71,81,57 63,68,49 71,91,54 65,85,46 64,71,42 44,72,101 47,78,128 34,73,133 5,51,127 4,53,132 7,55,132 77,107,154 171,174,183 102,98,98 104,97,94 103,94,92 97,90,91 97,91,93 54,45,42 50,42,34 49,41,37 49,43,41 50,45,44 50,45,44 59,60,54 55,50,49 92,88,89 120,114,118 131,123,126 
68,72,45 66,65,45 75,60,54 70,64,47 76,57,49 75,53,51 83,64,59 68,52,50 67,49,47 70,56,51 68,61,48 68,60,50 69,62,48 74,70,54 71,64,51 79,73,59 105,89,86 60,47,47 93,81,70 93,76,74 81,64,64 82,66,64 75,60,56 74,77,55 68,74,51 64,63,43 46,71,107 43,77,132 44,82,140 39,78,139 35,78,143 19,66,139 95,121,162 171,174,182 101,98,98 111,105,104 115,106,104 109,100,97 103,94,90 100,94,94 107,104,102 63,65,50 66,63,50 68,62,52 67,64,54 60,58,49 69,65,57 123,115,103 126,116,105 103,94,89 
62,70,39 63,61,42 70,55,49 67,59,47 68,55,46 74,53,50 69,60,48 70,63,52 68,64,50 69,68,51 59,61,42 57,59,42 63,62,45 71,62,51 63,58,44 75,69,59 73,74,58 70,64,51 63,57,43 74,68,56 83,85,67 83,82,63 75,58,55 70,81,51 66,78,46 67,78,46 34,63,107 63,94,145 24,69,138 34,75,138 21,67,139 5,56,135 95,123,164 173,176,183 121,117,117 133,128,127 135,127,126 128,118,117 120,111,109 118,110,106 112,103,98 113,107,109 136,132,135 82,80,72 72,80,62 69,81,59 64,75,51 69,78,50 86,85,59 69,72,51 
60,61,41 62,60,42 69,49,45 61,62,43 57,61,39 66,59,47 58,58,38 60,67,45 56,67,40 64,67,47 57,60,41 62,62,47 63,64,44 65,54,47 63,53,44 62,64,48 70,80,53 83,88,59 79,91,54 81,94,60 80,92,60 78,76,55 80,49,52 70,77,48 66,78,46 66,75,45 42,71,112 29,70,136 34,75,140 55,90,143 55,92,150 31,77,145 111,135,170 172,174,182 100,95,94 112,105,103 116,107,106 120,111,110 125,116,115 125,116,114 124,116,114 127,119,117 116,109,105 88,86,77 105,111,104 94,109,92 63,83,53 63,82,52 60,80,49 61,81,51 
83,86,66 79,80,61 81,70,60 79,76,62 75,77,59 76,72,58 73,66,54 69,71,52 69,71,51 68,69,50 66,68,48 63,60,46 66,66,46 71,67,47 62,45,42 64,62,45 72,73,47 73,78,49 72,72,52 77,76,54 79,75,57 78,68,53 80,44,51 68,68,46 68,67,45 66,66,44 34,65,113 53,89,147 29,74,143 67,100,152 58,96,154 54,94,154 105,131,169 175,177,185 102,99,100 97,88,83 102,93,87 106,98,96 118,110,108 126,118,117 129,121,119 126,118,115 130,122,120 131,123,119 120,111,106 133,129,131 80,86,86 92,104,88 68,81,56 67,78,55 
149,143,140 149,143,140 149,145,144 148,143,143 145,141,140 148,143,144 150,146,149 150,147,149 154,151,152 158,156,159 154,152,154 152,149,150 154,151,151 152,148,148 152,145,148 165,161,162 170,166,167 166,159,159 164,155,155 155,150,146 156,153,148 151,148,143 135,120,122 139,140,131 135,136,128 129,132,120 105,115,133 99,115,145 95,115,149 84,108,147 84,109,150 83,108,149 133,145,170 174,176,181 97,104,107 94,87,83 103,93,85 111,103,100 124,116,114 129,120,118 132,123,121 130,121,119 131,122,120 136,128,124 138,130,127 134,126,121 122,115,108 142,138,138 172,176,177 91,99,90 
147,141,140 149,143,142 147,145,146 146,143,146 145,144,147 141,139,140 149,147,151 152,149,154 153,151,156 156,154,160 154,152,156 159,156,162 165,163,169 169,166,173 171,168,175 173,169,176 181,175,182 181,175,182 182,177,182 182,179,183 182,180,186 178,177,183 173,173,178 170,169,174 171,171,175 165,165,168 142,140,146 153,151,150 153,150,149 150,145,144 153,146,143 161,154,152 160,157,165 171,174,176 96,107,107 114,110,113 110,101,94 111,101,96 117,107,104 132,124,121 140,132,129 135,126,123 135,126,124 135,126,123 141,133,130 146,139,136 145,137,134 139,131,125 127,120,115 93,91,95 
142,138,134 149,143,139 151,149,148 150,149,149 151,150,152 151,150,153 157,157,161 158,158,163 158,158,164 161,162,167 161,161,167 164,163,168 170,170,175 174,174,180 178,177,183 175,172,177 178,174,180 185,181,188 188,187,191 188,186,191 186,184,190 183,182,188 179,179,185 175,176,181 174,175,180 170,170,174 150,148,156 163,161,163 164,162,165 166,164,167 169,167,170 173,171,175 162,160,171 175,175,182 152,158,168 100,95,96 109,102,94 112,101,93 112,100,93 119,109,105 127,120,115 132,124,120 132,124,121 131,124,122 141,133,130 142,134,131 144,137,132 144,137,132 148,141,135 141,133,126 
82,82,61 84,86,60 85,84,64 97,96,78 111,109,95 103,105,88 126,123,116 128,127,116 135,134,127 138,136,131 148,146,142 154,153,150 152,151,146 160,157,154 154,155,148 158,153,148 169,163,161 178,173,173 187,182,183 186,182,182 186,182,186 184,182,186 182,180,186 176,175,180 175,174,179 172,171,175 144,143,153 152,152,158 157,155,160 161,159,163 167,166,169 176,174,179 163,161,171 166,165,174 108,112,127 123,114,109 113,105,98 114,106,98 112,100,92 112,100,93 117,108,104 131,123,119 139,130,128 139,131,128 134,127,122 140,133,128 145,138,135 143,135,131 144,137,132 148,140,134 
88,79,70 88,80,70 93,85,75 93,86,77 87,81,69 81,78,62 84,79,65 84,79,64 84,78,64 88,82,67 87,83,67 88,83,69 89,83,68 93,88,71 89,86,66 94,86,70 97,88,71 101,95,76 107,99,82 113,103,88 129,119,108 126,120,106 131,124,115 141,134,127 142,136,128 141,134,127 119,114,116 111,107,106 109,103,103 106,98,100 105,97,99 110,104,108 139,133,138 157,150,150 108,104,103 122,115,108 110,103,93 112,104,94 113,104,96 112,102,93 112,104,95 119,111,106 127,119,115 129,122,118 128,123,119 129,122,118 132,124,121 134,126,122 134,125,120 130,120,115 
84,87,74 82,83,69 81,83,69 78,77,64 84,83,68 86,86,72 96,92,84 97,93,83 98,93,86 104,98,92 108,102,95 105,98,91 104,98,90 104,95,89 102,94,87 107,99,92 110,99,91 102,91,80 103,93,81 104,92,80 96,89,76 96,86,75 103,93,82 100,91,79 98,89,78 98,89,77 86,80,76 90,82,69 89,81,67 110,99,87 94,86,73 97,89,77 85,78,75 88,78,69 100,95,85 110,106,96 107,100,89 109,99,89 113,102,90 110,98,86 108,98,84 109,100,90 112,102,94 111,100,90 108,97,88 108,99,91 108,99,94 113,105,101 117,110,106 117,108,103 
83,83,65 78,78,59 80,83,62 78,81,59 82,79,64 81,77,63 83,77,65 80,76,62 82,78,67 91,86,75 94,94,79 96,94,79 91,93,72 99,101,81 103,105,84 102,99,84 109,106,89 111,108,92 105,103,85 105,101,84 99,105,80 97,96,78 100,99,81 92,89,75 84,81,69 93,95,78 92,92,84 96,97,80 93,96,75 97,98,81 92,86,74 90,88,73 78,75,70 83,85,67 85,98,69 99,98,85 102,97,86 114,102,92 118,106,97 116,106,97 112,99,89 111,99,90 113,103,94 110,98,87 106,92,77 106,92,78 104,92,80 106,96,86 113,105,101 118,110,106 
78,80,60 82,77,63 81,79,62 85,81,67 87,81,68 85,79,67 78,71,61 82,73,63 87,81,69 88,92,70 88,85,70 92,93,71 87,92,64 89,92,65 87,91,66 92,90,66 96,94,70 91,95,71 97,100,77 96,95,75 99,100,78 86,93,71 89,94,69 91,93,75 93,95,77 80,91,64 85,83,73 82,93,65 87,96,68 101,109,77 85,99,71 87,91,70 84,89,74 86,98,69 81,103,67 97,103,83 116,111,101 120,113,105 126,120,114 125,118,113 127,119,115 125,117,113 126,119,114 125,118,112 118,110,101 114,105,95 111,100,89 108,95,83 112,101,93 118,111,105 
79,77,56 84,79,65 87,83,69 85,82,68 84,79,67 87,81,68 85,83,70 86,81,70 89,88,71 87,85,66 91,91,72 90,90,69 91,88,69 96,94,72 94,91,72 94,91,74 97,97,71 96,95,74 93,88,73 101,95,79 95,97,74 83,93,66 85,100,67 90,94,73 91,95,74 80,84,67 88,85,70 89,89,68 88,93,68 94,91,72 87,95,70 96,104,80 83,92,69 93,99,74 84,100,68 100,108,85 139,130,122 144,137,130 150,143,137 147,141,136 150,144,139 150,143,138 148,142,137 155,148,143 155,148,142 155,148,142 153,147,140 149,141,135 144,136,128 143,134,128 
86,81,68 93,88,75 91,84,73 85,79,68 93,89,76 89,82,68 87,84,70 86,88,67 87,87,68 88,89,70 86,91,62 90,87,70 98,90,76 101,94,77 95,93,75 99,98,78 99,98,76 101,98,78 98,91,78 99,97,83 99,99,76 91,97,70 85,95,68 86,90,69 93,95,73 86,94,71 88,97,75 92,94,75 97,97,76 101,96,79 97,96,76 91,96,75 85,100,70 89,100,71 87,100,70 94,103,79 145,134,125 153,146,140 140,133,125 155,148,141 151,144,137 153,146,139 154,146,141 159,151,145 159,152,145 156,149,143 156,149,143 158,151,145 159,150,143 154,147,140 
96,92,77 92,88,75 99,92,80 100,94,80 96,93,79 91,91,76 81,82,63 81,90,58 85,88,64 87,89,66 87,90,66 90,90,72 92,91,76 89,86,74 83,80,71 94,91,75 98,95,79 105,99,82 116,106,92 106,105,87 97,93,79 130,109,91 109,101,84 98,99,78 100,96,78 94,96,75 88,92,71 90,97,75 96,92,77 99,103,79 99,97,79 98,97,79 88,103,73 89,104,74 85,102,72 91,98,75 151,142,133 168,159,151 153,146,139 153,144,135 158,151,141 155,146,138 154,147,139 161,152,145 159,151,143 157,150,143 158,151,145 158,151,145 152,145,139 162,153,147 
96,91,77 96,90,77 99,92,80 96,92,78 91,86,73 90,90,71 87,94,64 81,85,63 86,91,63 87,88,68 92,91,72 91,86,72 91,89,77 93,90,78 91,96,74 93,91,77 98,97,79 110,103,90 107,101,85 100,98,82 114,108,92 121,107,91 160,132,116 93,91,74 99,100,81 88,97,74 84,90,69 88,97,73 105,101,85 99,101,82 94,103,77 96,102,81 89,95,72 92,95,73 86,94,70 93,95,72 143,133,123 169,159,150 164,155,146 154,144,135 160,151,142 159,151,142 152,143,135 152,143,134 158,149,141 160,152,145 159,153,146 152,146,141 63,62,62 140,134,130 
95,95,81 102,100,87 105,99,87 103,95,85 100,93,80 98,97,77 84,83,65 92,95,73 85,88,64 90,93,73 88,91,75 84,84,72 87,90,75 92,92,75 96,95,79 103,99,84 94,90,79 118,110,95 112,107,89 98,99,81 104,102,86 105,97,82 115,109,91 88,92,72 94,97,76 82,84,67 89,93,75 91,101,76 93,100,80 98,98,82 105,102,83 93,98,76 103,104,86 107,103,86 103,103,84 100,102,78 135,123,114 160,151,141 172,163,154 157,147,137 159,150,140 165,158,149 160,153,145 160,152,142 159,150,141 159,151,143 161,153,145 145,139,132 85,61,62 135,129,124 
94,94,81 232,223,198 226,224,202 231,225,209 228,221,203 230,224,210 229,221,202 205,203,194 90,91,75 89,90,72 85,92,70 87,90,74 95,93,81 87,88,74 87,89,76 100,99,83 108,105,89 108,103,88 108,109,89 104,103,86 104,105,85 98,102,83 92,96,74 91,95,74 97,100,80 97,98,79 94,100,76 95,99,77 94,101,78 94,102,82 122,118,103 109,105,90 101,100,84 108,104,89 103,103,83 100,96,75 134,123,112 149,138,129 165,157,148 159,149,138 158,147,136 154,144,136 157,149,141 162,154,145 162,152,143 159,150,141 159,149,141 160,152,144 76,74,71 155,147,139 
99,99,84 233,225,202 229,226,207 232,224,205 221,196,147 232,223,198 235,229,213 206,204,194 95,97,79 91,90,76 89,90,74 87,92,73 93,90,78 101,100,82 95,97,80 96,98,83 101,101,86 113,110,93 101,104,83 101,105,82 101,106,82 92,95,76 92,96,76 91,98,73 94,99,76 95,103,79 93,102,76 100,104,80 89,94,73 96,97,78 103,98,83 111,104,92 104,99,86 106,99,89 113,110,94 110,102,89 128,115,105 140,127,118 147,135,126 153,142,130 151,139,129 149,137,126 160,151,142 161,152,142 158,148,138 161,151,142 157,147,138 158,150,141 64,63,62 151,143,134 
97,95,83 231,221,191 228,222,205 207,201,186 184,170,145 220,212,194 237,232,219 205,203,194 92,95,75 85,87,73 97,99,82 99,105,87 91,96,76 97,99,81 99,102,84 108,104,89 104,95,83 99,101,80 92,102,75 93,100,76 94,102,79 93,97,76 90,100,76 87,89,70 90,98,75 86,93,74 88,95,72 89,98,75 95,98,79 108,102,90 104,97,85 113,101,91 107,98,88 108,98,87 114,109,94 110,103,90 125,112,104 140,127,116 138,125,114 135,124,113 136,123,114 145,135,123 152,140,131 151,140,131 154,142,131 154,144,133 153,142,134 153,142,133 53,52,51 149,140,132 
103,98,87 234,227,208 227,222,209 214,209,194 203,200,188 214,208,192 239,235,225 206,204,195 96,93,80 106,104,89 94,108,80 92,101,76 93,98,76 103,103,84 108,107,87 107,108,88 104,109,87 100,104,80 97,103,78 93,98,75 91,97,75 90,99,76 88,98,74 84,89,70 89,103,79 75,84,67 80,91,71 91,100,77 98,99,81 109,100,92 108,99,91 117,111,99 103,99,89 115,107,96 115,109,96 111,104,88 119,107,98 137,124,113 135,122,111 135,122,111 132,119,110 139,128,117 135,123,112 143,131,121 138,124,113 143,131,120 147,139,128 147,135,125 69,65,63 148,137,128 
102,97,84 238,235,227 235,228,212 232,225,207 229,224,214 228,222,205 240,237,227 209,206,197 111,106,92 100,100,84 96,98,79 101,102,81 98,99,78 110,111,95 111,110,94 109,111,89 96,104,80 100,105,81 97,102,80 92,99,78 93,104,80 89,100,76 87,95,72 85,92,71 87,96,76 92,101,80 85,95,75 83,96,74 95,99,80 110,104,92 114,108,97 110,109,96 115,110,99 115,107,97 118,110,100 120,110,100 115,104,94 130,118,107 131,117,106 133,120,109 136,122,111 145,134,127 145,135,127 36,36,35 39,39,39 53,57,61 113,114,103 75,77,60 42,42,42 140,127,119 
107,102,88 115,114,111 114,112,106 111,109,101 113,112,109 109,108,105 113,112,109 106,104,100 113,102,90 110,101,87 109,96,87 103,99,81 97,95,78 107,101,85 105,103,85 100,100,81 100,98,78 100,101,80 94,96,79 93,96,75 90,92,72 92,99,77 86,95,73 94,99,80 104,108,92 109,114,100 92,95,77 84,88,70 91,92,75 108,100,89 106,99,88 113,107,94 116,111,100 116,110,99 118,111,100 120,111,102 121,111,103 126,115,106 128,115,106 129,117,107 131,119,107 138,125,116 130,119,110 62,59,56 64,61,58 72,68,65 99,94,80 80,78,65 66,61,59 132,117,107 
110,105,90 64,64,64 66,66,66 39,39,39 30,30,30 30,30,30 30,30,30 40,39,37 121,114,101 124,115,103 124,111,100 123,109,96 125,110,97 133,117,104 128,112,98 132,116,103 129,113,100 110,100,85 106,100,84 101,100,81 96,93,77 98,93,78 102,98,83 101,95,82 93,87,77 99,92,82 104,96,84 106,101,85 114,105,90 117,109,97 117,109,99 120,109,98 121,110,101 121,113,102 119,113,102 122,114,103 124,114,104 105,97,89 90,85,80 87,82,76 89,84,79 77,72,66 87,82,77 79,75,70 79,75,70 77,72,67 80,74,69 89,84,79 87,82,77 77,70,65 
