149,150,141 133,136,118 76,85,36 89,97,41 77,88,28 82,93,26 71,83,24 77,87,58 44,54,21 60,70,40 48,63,22 69,82,38 67,78,26 49,56,26 107,113,89 155,157,154 159,160,160 160,162,160 150,150,144 113,114,94 124,123,109 94,95,73 106,106,93 116,114,100 161,160,155 180,181,183 175,176,180 169,172,176 166,167,169 164,166,164 129,132,121 68,72,48 55,60,28 49,52,24 34,36,22 44,49,26 58,62,37 77,81,63 133,137,136 165,171,172 108,115,82 64,73,25 80,90,32 76,88,32 80,84,33 75,84,27 60,70,27 48,59,24 54,64,26 59,68,21 
51,52,46 50,52,40 42,43,34 45,47,36 46,49,37 40,42,33 42,44,34 43,45,35 37,39,30 72,86,33 64,78,27 62,78,26 51,61,26 59,66,33 64,75,36 103,109,85 148,149,147 127,127,114 93,95,70 80,83,56 114,114,97 83,85,59 82,84,65 90,91,73 131,131,119 178,179,182 175,177,180 169,171,174 164,166,165 163,165,163 112,114,104 69,74,48 49,52,26 40,44,28 30,32,21 63,68,37 70,76,48 60,65,40 157,161,160 199,205,208 99,105,53 46,55,19 52,61,27 57,68,25 70,78,28 48,58,21 43,50,21 52,63,29 53,63,26 46,56,23 
60,61,57 80,82,74 93,95,88 96,98,90 90,91,84 96,97,92 85,86,80 100,101,93 78,80,69 92,106,48 60,73,28 73,86,25 59,69,29 76,84,62 64,73,31 57,67,30 87,91,70 96,96,68 74,77,50 78,79,56 81,83,57 68,72,40 59,61,35 85,88,59 164,163,161 180,181,183 179,180,182 167,170,172 163,165,165 165,167,166 133,135,129 76,82,63 37,41,22 36,41,25 38,42,26 62,67,38 61,69,38 58,66,37 85,88,73 112,116,92 82,89,45 48,57,26 47,56,22 42,52,23 41,51,23 34,44,21 50,61,23 43,51,23 36,45,21 71,79,29 
49,51,45 47,48,43 42,44,38 47,49,43 47,49,43 43,44,39 40,42,37 43,46,36 43,46,33 58,73,27 58,72,30 52,62,25 64,73,32 88,93,78 83,90,65 61,69,44 103,106,92 147,149,143 67,72,42 81,82,63 97,98,86 82,83,69 76,79,58 84,89,51 173,174,171 173,173,170 177,178,178 165,168,170 164,168,169 166,170,171 113,117,109 48,56,33 49,54,29 42,48,27 50,56,28 48,54,25 59,66,40 84,89,71 94,99,84 93,98,46 75,83,45 50,59,25 38,47,20 29,36,23 46,56,25 41,51,23 57,67,28 48,59,28 53,60,24 62,73,30 
45,47,39 62,63,59 64,65,60 66,67,63 69,70,67 41,43,37 45,46,40 44,46,38 38,40,33 46,58,26 54,66,33 52,65,29 63,71,46 69,76,48 116,121,113 61,67,54 153,157,155 65,70,45 70,72,51 51,54,29 61,63,41 96,93,67 86,89,68 74,78,52 138,139,129 123,121,102 86,84,49 148,153,146 163,170,173 131,136,132 86,93,74 54,62,37 54,60,32 62,72,35 48,51,34 45,52,29 34,39,24 51,57,33 90,95,71 92,98,51 67,78,35 43,55,24 28,35,23 23,25,22 31,40,22 34,44,23 58,68,30 86,98,41 72,83,33 63,73,25 
53,65,31 65,77,41 72,80,48 88,92,65 76,82,44 69,79,39 104,110,94 72,81,60 52,60,39 55,62,35 68,76,57 55,61,41 65,73,50 69,78,52 130,136,128 105,109,103 107,111,97 63,66,27 44,48,22 40,41,23 46,48,26 77,75,22 65,69,39 80,85,63 95,96,68 85,88,73 102,101,83 126,130,123 155,161,161 98,103,95 56,63,37 54,60,36 47,53,29 51,61,30 48,55,30 37,44,26 33,40,26 54,61,42 95,97,62 62,70,26 43,55,25 34,41,23 25,31,23 24,27,24 25,27,22 30,35,24 76,78,24 77,82,19 69,79,32 74,83,24 
56,63,29 71,81,45 81,92,53 79,90,35 68,77,30 46,53,15 64,74,33 103,112,92 77,84,66 59,63,45 71,77,61 98,100,97 42,50,21 50,60,30 134,140,129 125,130,123 101,106,93 47,51,24 55,57,38 42,45,27 67,69,53 73,74,53 78,76,43 60,67,34 66,69,38 71,71,45 112,113,105 100,103,95 171,178,178 104,107,98 58,63,43 50,57,31 40,47,25 32,37,25 35,39,26 36,40,26 35,41,29 46,52,35 98,100,56 38,47,23 29,37,25 30,37,24 30,38,26 54,61,23 62,74,30 45,53,28 69,77,24 52,62,24 109,101,25 106,100,23 
76,86,35 64,64,32 77,85,41 73,81,33 73,80,35 65,74,35 56,67,22 87,93,75 104,111,98 68,77,57 49,60,30 67,79,45 48,56,25 44,51,24 69,79,52 167,173,173 151,157,154 48,53,24 67,70,57 43,45,32 36,38,25 59,60,43 74,75,46 52,54,31 53,57,25 60,60,26 46,50,25 103,106,98 132,134,127 58,61,44 49,57,30 51,57,32 47,54,29 31,35,26 35,43,26 42,49,28 44,52,29 72,78,29 45,55,27 28,35,23 24,26,23 29,35,24 47,61,26 62,77,30 57,70,30 82,90,32 57,70,28 45,54,25 82,80,19 57,69,26 
55,62,25 53,62,24 47,57,21 76,83,35 73,76,36 86,100,45 77,91,37 97,110,79 79,91,64 118,124,121 65,77,55 50,66,23 64,73,52 56,66,53 67,76,60 155,162,162 128,134,124 50,57,28 39,42,22 38,40,25 45,46,33 60,64,33 61,66,35 71,69,24 42,46,20 46,52,25 43,48,21 72,73,39 110,111,104 57,60,48 37,41,24 42,47,32 44,52,30 34,37,26 51,62,32 55,63,27 59,70,33 95,92,21 44,53,24 31,40,25 62,69,30 72,83,29 72,78,26 48,60,28 54,67,27 51,59,22 50,59,23 54,61,21 36,43,23 64,79,27 
72,81,35 61,70,30 67,82,33 68,83,32 68,76,34 79,93,39 64,78,34 66,81,40 67,80,52 80,90,72 67,79,48 35,48,18 51,58,39 72,81,75 75,85,77 155,164,164 115,124,110 48,51,28 37,39,24 39,39,28 57,61,32 59,66,27 53,61,26 45,50,25 42,46,21 68,70,29 51,54,26 55,59,32 122,124,113 55,58,46 49,55,39 52,57,38 39,45,29 43,48,29 58,68,37 49,57,29 40,48,28 58,65,26 34,43,26 47,60,28 86,96,28 89,98,34 59,70,31 55,67,25 39,49,22 40,46,22 38,42,20 42,48,23 72,80,22 51,61,27 
77,89,38 66,77,30 67,77,32 61,73,29 57,62,29 70,77,37 52,67,27 57,72,30 65,77,39 74,83,53 51,63,28 39,48,24 40,42,23 47,53,34 92,101,99 117,129,118 100,110,85 59,62,45 31,31,23 46,48,27 73,80,34 62,70,26 45,52,21 36,42,22 38,44,22 65,64,20 39,45,23 61,65,35 69,74,56 85,90,79 85,93,79 49,60,42 35,42,23 41,48,29 47,56,34 43,50,30 45,54,27 41,48,25 37,44,29 67,75,27 86,98,32 79,95,32 61,71,29 44,51,23 36,43,20 36,40,23 32,36,20 27,29,16 32,36,17 67,78,39 
73,81,43 53,65,25 61,70,26 85,90,46 83,90,43 91,99,46 61,73,33 55,69,25 55,69,31 61,71,38 60,66,37 60,63,55 39,41,23 45,48,31 127,136,135 113,124,119 64,77,42 50,54,30 35,37,26 49,53,29 61,70,26 50,57,24 39,45,21 28,31,20 45,55,25 47,51,28 43,52,23 53,59,24 44,52,26 75,83,58 76,85,64 40,50,27 40,47,29 34,39,25 36,41,26 33,37,23 37,44,26 35,40,21 59,69,31 80,85,26 60,75,30 61,75,26 89,107,42 70,82,30 49,55,26 40,44,20 39,44,19 21,22,13 42,49,25 87,102,43 
74,83,33 60,69,26 63,71,27 84,93,40 86,94,46 84,87,46 81,90,49 77,96,35 54,69,26 59,69,47 57,62,42 72,75,69 48,54,40 99,101,102 150,156,154 151,158,160 65,76,52 40,42,27 40,42,30 55,62,31 60,69,24 42,48,21 54,65,24 37,45,22 33,40,17 46,53,30 40,45,29 58,63,41 50,57,44 67,78,54 92,105,90 38,48,23 33,38,21 40,47,30 39,43,32 34,40,26 34,37,25 29,31,25 34,39,31 55,66,24 60,75,32 64,81,33 70,87,35 59,71,25 45,51,23 17,19,12 17,19,14 19,21,14 23,26,15 34,40,21 
48,57,22 60,69,24 52,59,24 64,71,26 81,86,41 68,70,38 72,78,44 88,97,52 55,65,34 61,70,44 52,60,37 64,67,48 67,68,50 69,68,50 119,119,104 95,91,83 76,75,58 54,55,42 46,51,34 58,66,32 58,64,31 56,66,25 56,68,27 36,46,20 29,32,18 44,51,28 46,53,30 48,55,35 73,80,62 125,137,124 88,102,86 30,40,17 33,38,25 45,53,36 40,44,31 34,38,28 42,48,32 30,35,23 34,35,31 50,60,28 69,84,26 50,63,31 72,89,33 63,74,27 95,104,40 34,39,25 31,35,21 31,35,21 31,33,19 31,38,20 
48,57,27 59,67,31 51,58,25 65,71,29 74,77,37 84,86,50 95,102,55 81,91,42 99,105,71 65,75,37 55,62,42 58,61,44 67,66,50 71,68,57 90,93,79 103,104,91 89,86,74 59,56,45 46,54,28 54,64,26 54,64,23 52,61,23 62,78,24 44,54,20 47,54,22 35,39,24 43,49,28 35,43,19 57,63,33 78,89,69 53,65,47 47,59,39 41,50,31 42,49,33 38,43,29 40,45,36 50,56,45 37,41,27 81,88,53 79,92,38 58,72,28 62,77,40 64,78,28 93,105,41 67,77,27 27,30,22 33,36,26 40,44,35 41,44,21 25,30,19 
37,43,18 43,47,23 57,62,32 42,47,23 67,70,35 65,68,35 98,106,55 84,99,45 76,84,46 64,72,34 42,42,27 54,63,34 60,63,47 88,88,79 144,146,141 95,97,85 106,102,94 85,80,69 56,60,31 60,68,28 62,74,23 38,44,21 33,37,19 26,29,18 37,43,20 43,51,22 36,44,23 44,53,32 55,66,45 59,73,42 58,69,48 45,55,37 36,39,27 52,58,43 59,63,56 57,63,60 46,49,47 30,32,25 108,115,96 76,86,33 50,64,33 70,76,30 65,76,36 87,100,35 92,100,46 52,56,28 38,41,32 43,46,37 28,32,25 30,33,24 
41,44,26 48,52,29 45,48,24 48,51,28 40,42,24 46,47,27 72,79,36 92,109,46 81,93,47 58,66,31 61,64,44 61,76,35 99,98,90 78,84,62 95,103,85 108,108,102 109,106,99 82,83,64 51,60,30 44,53,22 46,53,23 48,60,26 33,42,21 27,33,19 42,53,21 51,62,24 41,49,29 33,41,21 71,82,65 64,75,39 67,77,38 42,50,33 47,53,36 73,83,57 84,96,70 84,96,64 37,43,32 43,46,43 98,105,97 58,71,35 61,77,35 50,62,36 48,63,33 74,90,30 86,96,35 49,54,27 31,34,25 26,29,16 40,44,23 30,33,21 
50,55,32 63,67,40 58,63,32 53,55,33 48,51,24 67,71,37 68,73,41 71,88,39 61,72,32 79,83,53 118,118,100 143,143,142 95,86,85 126,129,121 79,87,71 114,115,111 78,83,64 62,70,41 43,47,29 31,35,24 36,41,21 52,67,26 41,52,21 40,51,20 45,57,21 62,77,26 47,58,26 42,51,22 60,72,45 65,79,51 45,56,31 46,57,33 86,106,61 87,109,57 84,105,54 82,101,56 85,96,70 53,59,39 63,73,52 61,76,37 70,86,30 68,86,44 70,87,50 71,88,42 74,83,37 60,66,37 47,52,32 32,35,20 33,36,22 39,46,21 
54,53,36 55,53,36 54,48,33 56,50,39 62,50,40 59,50,35 51,41,33 50,44,31 49,52,28 62,58,41 71,61,56 132,125,125 144,138,139 163,160,161 156,158,158 123,123,122 79,84,69 55,61,41 43,47,31 40,47,26 35,40,22 71,79,23 50,61,21 28,32,19 41,48,21 37,44,25 55,64,37 49,60,22 40,50,25 59,71,43 58,73,31 65,85,42 66,85,39 75,96,44 73,89,44 62,79,41 68,84,44 73,74,64 46,52,35 56,70,27 72,82,33 70,84,38 84,98,51 77,89,52 85,95,48 116,128,56 56,61,36 35,43,18 50,57,23 38,44,24 
50,34,32 54,39,36 53,39,36 51,41,39 51,41,38 59,42,37 69,48,40 73,47,38 72,47,39 71,49,40 76,52,43 106,89,84 138,130,130 173,169,170 155,152,152 126,126,126 96,96,93 62,70,46 47,54,31 49,63,27 42,48,26 45,52,18 42,43,25 26,27,20 35,39,22 46,57,29 70,74,56 48,62,26 42,51,29 54,66,35 65,84,37 64,83,39 59,74,30 62,77,32 62,72,36 69,76,56 112,116,103 103,104,102 52,59,42 48,61,22 36,46,23 47,59,32 83,96,44 72,88,44 84,86,65 77,87,41 44,49,24 31,37,26 60,69,31 66,74,34 
81,65,64 76,56,52 94,71,65 81,64,62 95,79,78 90,70,64 86,61,53 85,58,47 85,55,45 85,57,46 84,56,46 84,65,57 121,114,116 109,105,102 85,91,91 121,122,123 102,101,100 71,72,60 54,62,33 59,79,29 46,57,27 42,53,19 29,32,20 26,28,18 37,41,20 54,61,30 79,79,58 77,81,61 77,82,68 128,135,111 69,88,46 72,92,45 68,83,38 56,67,34 74,92,42 81,95,57 145,147,144 109,110,106 50,55,28 46,58,28 49,60,30 57,72,30 69,84,48 73,86,43 80,82,70 33,37,27 27,32,19 25,28,18 32,39,22 56,66,28 
118,110,109 86,73,73 108,80,76 80,59,59 97,78,78 100,77,73 90,61,52 89,70,63 58,43,38 63,48,44 87,67,58 95,79,72 115,110,107 140,135,138 145,143,144 130,129,131 106,105,107 83,81,78 62,62,49 52,64,28 60,75,34 41,54,19 36,43,20 31,34,19 34,36,21 51,48,44 76,76,71 85,88,68 168,164,157 86,98,60 59,73,33 66,78,36 58,66,33 64,81,43 78,95,58 100,104,85 124,127,122 104,103,104 71,72,65 64,79,42 64,81,41 57,72,32 65,81,47 82,95,60 112,111,116 51,52,44 22,24,16 27,29,19 35,41,23 46,57,31 
121,111,107 95,84,84 105,81,77 90,71,71 91,71,71 103,80,75 92,60,52 93,74,68 50,34,35 55,40,40 92,69,60 98,83,66 105,104,94 138,132,136 168,166,169 136,135,137 110,108,110 87,84,82 66,67,54 55,64,36 56,71,28 51,68,20 37,44,20 39,47,24 59,62,43 54,52,47 99,102,89 73,84,40 158,157,149 118,124,100 84,84,72 85,83,68 85,82,71 73,90,55 115,119,107 137,134,139 148,145,151 87,85,88 47,47,45 73,88,38 49,65,25 61,79,30 68,82,39 70,82,46 84,83,87 73,74,71 58,57,52 38,38,29 47,49,38 39,44,31 
126,114,109 95,87,88 94,72,68 97,78,77 87,66,67 111,84,78 93,63,55 93,72,66 75,63,61 77,66,63 89,67,59 97,74,63 100,102,86 133,126,129 167,163,168 140,137,142 115,113,114 94,91,89 73,76,56 59,67,40 55,74,28 33,44,18 44,48,33 60,61,46 89,86,79 59,56,54 58,59,52 68,72,53 92,96,82 115,112,111 134,129,126 100,93,83 80,78,61 87,86,62 85,86,74 122,122,121 107,107,107 96,94,98 71,71,67 52,60,27 48,61,26 60,67,23 64,77,42 60,72,48 95,94,95 97,96,98 85,82,77 65,62,54 62,61,52 72,71,70 
126,113,108 99,91,91 96,73,69 99,80,79 84,62,62 112,88,82 94,66,58 88,63,54 82,70,64 77,63,56 85,62,53 92,68,60 90,99,65 128,122,118 171,166,170 130,129,123 117,115,114 99,96,91 82,77,70 96,88,78 79,90,52 67,72,51 65,63,49 67,60,56 82,71,70 80,70,72 56,54,53 76,74,72 99,92,89 95,89,88 103,99,92 71,73,53 84,79,59 73,71,55 50,51,38 59,66,43 95,100,64 68,72,56 57,67,38 51,68,27 58,73,42 66,79,39 66,77,46 103,107,91 107,103,103 96,94,96 69,70,58 53,56,43 61,66,46 87,90,87 
117,103,92 96,89,83 90,74,62 99,81,72 89,73,63 95,85,70 85,74,58 80,71,52 81,75,56 138,130,125 121,114,106 75,84,52 87,93,63 106,101,84 141,137,123 109,105,88 109,112,96 103,101,90 70,65,54 65,55,45 71,70,51 59,66,39 59,50,41 62,52,50 75,66,65 73,69,64 69,64,59 86,81,78 102,94,92 104,101,96 88,92,76 104,102,94 109,100,91 101,94,92 80,83,71 55,63,37 79,87,47 65,72,45 69,80,36 60,76,35 68,88,48 77,92,45 82,93,50 73,78,64 89,86,84 90,87,87 66,65,59 67,73,65 75,75,66 85,86,87 
62,75,42 70,76,52 73,74,52 72,70,49 76,74,52 73,73,49 76,75,52 83,84,57 91,100,73 192,191,193 134,127,128 90,102,68 91,97,63 80,92,57 75,92,55 82,95,60 87,102,68 80,88,61 73,71,48 71,58,45 73,70,43 61,66,38 69,62,54 67,59,49 72,66,55 81,74,66 87,80,74 97,89,83 109,101,96 97,95,84 95,97,78 155,142,128 97,99,69 99,100,73 86,96,64 71,81,46 65,70,45 78,86,50 53,66,33 70,85,38 56,72,32 68,78,33 79,92,46 76,69,50 100,95,84 69,77,52 59,67,40 70,79,49 68,75,44 64,70,46 
84,77,59 85,74,63 80,68,54 80,69,53 86,72,58 86,70,59 89,74,59 83,71,54 95,82,71 198,199,201 153,149,152 92,100,72 92,104,69 94,108,72 88,106,68 82,103,61 82,101,61 72,88,54 75,88,53 80,79,53 85,82,59 100,98,87 96,92,83 91,84,70 94,86,74 100,91,81 104,94,84 104,94,86 94,90,78 79,95,65 89,99,75 193,184,183 93,99,67 102,103,70 77,87,50 79,92,52 72,87,48 76,89,55 65,75,40 62,76,33 65,78,44 55,65,34 77,86,49 84,79,57 84,79,59 79,75,54 73,69,48 77,79,53 69,70,45 55,60,35 
80,77,55 79,68,53 70,68,46 76,69,52 75,70,49 80,63,51 77,67,50 79,69,50 83,67,55 190,189,191 161,157,161 84,92,65 86,100,64 89,101,67 85,99,62 76,90,53 73,80,53 73,80,53 90,85,69 117,111,108 108,106,105 114,109,97 114,110,99 120,115,105 115,107,97 111,101,90 107,96,86 100,90,82 89,94,71 79,98,53 86,91,65 209,206,209 106,90,78 104,86,70 106,90,69 97,80,64 98,89,66 91,94,61 66,58,43 60,75,32 73,88,38 69,65,43 76,78,48 74,68,50 73,67,48 74,67,47 79,59,49 74,73,47 68,57,41 53,52,34 
81,74,55 80,71,55 75,68,48 73,64,47 71,57,44 70,55,45 77,55,46 74,53,45 79,54,50 184,181,182 163,159,163 75,81,55 79,94,59 79,89,59 80,86,58 92,89,68 102,94,85 140,138,139 117,116,120 101,96,90 109,101,90 116,109,97 114,107,98 122,116,106 122,116,106 121,112,104 120,108,99 103,93,85 96,97,85 80,91,51 113,113,87 218,216,218 103,85,76 91,74,57 97,83,67 106,86,71 102,89,67 92,102,58 77,68,50 73,67,40 79,72,49 78,55,47 72,56,46 80,60,50 76,59,48 77,54,46 84,62,51 72,57,44 67,52,42 57,40,35 
80,65,56 77,61,52 73,57,48 70,54,44 73,52,46 75,52,51 77,53,52 84,60,58 81,64,58 181,179,177 160,156,157 57,57,44 86,98,60 69,76,50 120,115,107 104,100,105 172,170,177 108,102,100 114,106,97 124,115,105 122,114,104 130,122,112 128,119,110 133,123,114 128,119,111 127,117,110 119,109,101 113,102,96 101,91,87 140,133,124 112,101,90 210,206,207 95,66,66 93,64,64 98,77,68 103,96,68 108,112,71 96,107,61 87,95,55 105,116,70 98,109,62 118,110,86 122,115,97 133,124,106 117,110,89 129,124,102 126,122,97 119,117,89 114,111,87 106,105,81 
140,131,131 134,123,122 141,131,128 148,141,138 151,144,140 149,142,135 147,141,132 164,158,153 129,125,110 141,140,127 118,116,102 73,67,57 123,123,115 130,128,134 144,142,148 133,128,128 114,107,99 119,109,101 126,116,107 126,117,108 128,119,110 138,130,121 125,116,107 128,119,112 134,126,120 125,116,111 131,120,114 131,119,113 127,113,104 158,144,138 135,131,136 192,187,189 166,154,148 147,139,123 108,108,78 100,101,71 92,93,64 94,102,59 84,92,54 94,109,56 105,107,72 105,98,75 92,94,66 94,97,69 87,95,61 87,98,62 87,98,61 87,97,59 90,100,60 91,97,57 
173,169,168 147,138,133 140,133,123 161,154,149 147,140,131 115,113,91 104,109,81 125,121,101 88,99,67 83,92,70 146,150,144 113,116,126 117,118,125 148,140,140 123,112,109 127,118,114 130,121,114 124,115,107 119,110,103 122,113,106 132,123,117 123,116,109 137,128,120 139,130,124 147,140,136 150,143,139 144,134,130 138,127,123 131,119,114 124,113,107 125,116,111 161,158,158 131,128,106 107,107,71 110,110,75 96,103,63 91,92,62 92,96,56 92,103,55 87,102,50 100,104,69 95,99,65 89,99,64 92,99,65 91,97,64 89,96,63 90,97,64 89,96,63 87,99,60 93,101,63 
124,121,101 119,119,95 99,101,71 102,107,76 94,98,69 90,102,66 71,84,50 127,134,121 117,121,121 70,71,85 187,187,189 151,143,142 138,125,121 137,125,121 142,130,125 139,128,122 134,124,117 130,121,115 127,118,113 137,129,123 132,123,116 134,126,118 143,134,128 131,123,117 132,123,118 141,131,127 136,126,122 153,141,138 141,129,125 146,135,131 145,132,129 128,116,106 121,123,100 99,104,64 96,98,66 71,77,46 80,86,48 87,96,50 101,113,58 88,105,51 95,98,69 111,109,88 112,111,93 132,128,118 123,116,106 114,109,98 135,133,123 134,132,122 130,125,114 131,125,112 
87,88,58 88,97,64 84,94,62 75,88,54 83,88,58 82,86,57 77,83,58 187,188,190 150,146,150 122,112,114 140,129,127 158,146,144 141,131,130 152,141,138 159,150,147 152,142,137 153,143,138 151,141,136 154,144,139 144,134,128 136,127,121 135,126,120 123,115,109 132,122,117 127,118,113 123,114,110 135,126,124 134,124,121 142,131,129 136,126,123 135,122,118 127,115,112 117,107,98 105,97,80 101,93,79 62,75,42 76,95,47 88,100,54 99,112,57 92,108,53 106,114,91 111,116,99 102,111,87 104,113,86 98,107,76 93,98,66 97,103,70 101,108,72 101,104,73 104,103,74 
82,86,54 87,93,64 88,84,70 91,85,70 98,86,74 99,87,78 103,93,87 120,110,106 115,103,102 121,109,109 126,113,110 136,121,120 138,125,123 157,146,143 136,125,121 131,121,117 124,116,111 126,116,110 134,123,116 123,113,107 119,111,105 119,111,105 122,114,108 127,118,112 130,121,116 132,123,119 126,116,113 134,123,120 136,124,122 133,122,122 151,140,139 148,137,134 134,118,115 119,113,100 107,110,87 100,109,78 91,106,74 90,104,64 93,107,61 84,99,51 94,107,65 95,107,71 103,108,76 109,110,85 105,107,75 106,104,75 109,104,77 119,112,91 127,117,99 121,113,92 
95,89,72 95,85,82 95,83,82 96,86,85 93,83,83 97,86,85 101,91,90 106,96,95 114,102,102 128,114,114 128,114,113 128,114,113 128,117,114 126,115,112 127,117,114 124,114,111 124,114,110 129,120,115 135,125,120 134,125,120 129,120,115 137,128,123 142,133,129 142,132,128 152,142,138 149,139,137 143,133,132 148,139,141 170,159,160 176,165,166 180,170,172 187,178,179 179,169,168 157,142,137 108,101,89 98,104,76 98,107,79 99,102,77 101,106,79 92,95,69 98,107,73 96,105,74 105,108,77 114,109,85 116,109,87 114,110,86 115,108,82 124,116,93 128,118,100 125,120,96 
90,79,79 91,80,80 100,88,87 96,86,86 103,92,91 106,95,94 106,96,95 113,102,102 129,117,116 136,122,122 132,121,120 135,125,124 143,133,131 151,140,138 150,139,137 163,151,148 174,163,160 166,156,153 178,169,166 170,161,158 167,158,155 176,168,166 175,169,167 168,159,158 172,163,163 166,157,157 156,146,144 153,141,139 161,149,148 161,149,148 177,166,167 174,164,166 167,156,156 162,147,144 144,129,123 119,109,95 102,108,79 94,101,78 92,94,74 91,89,74 84,73,65 87,83,69 99,111,76 103,109,77 108,104,81 108,106,80 109,108,82 113,111,85 115,113,88 108,111,76 
126,114,115 138,125,127 136,125,125 137,125,124 146,135,134 153,142,141 157,146,146 159,148,148 158,147,147 162,151,152 158,146,145 158,147,146 153,144,142 167,158,156 168,158,156 171,161,159 180,169,168 179,171,170 180,173,173 172,165,164 175,168,167 173,168,167 162,156,154 162,155,153 170,163,163 178,172,174 176,168,170 161,150,150 147,136,136 153,142,140 172,160,161 168,157,159 158,148,149 173,163,162 168,156,154 154,140,135 156,147,139 122,119,100 100,103,78 91,88,74 85,79,68 88,88,70 104,103,75 100,104,72 103,105,76 108,106,80 112,112,84 112,112,82 107,108,77 112,111,77 
158,145,145 146,135,136 149,139,139 152,141,141 154,143,143 157,147,148 159,149,150 163,154,155 162,153,154 144,133,132 152,141,139 142,131,129 147,138,135 150,142,140 162,152,150 154,143,141 158,149,147 180,172,172 176,169,169 173,167,166 175,169,169 172,165,165 172,166,165 160,154,152 162,155,154 173,166,167 174,166,169 176,167,169 169,160,162 179,170,170 177,167,167 166,156,157 168,159,159 182,175,175 165,154,153 148,137,135 142,129,128 156,145,144 147,138,133 105,102,83 98,103,78 94,96,74 97,97,78 98,97,74 103,104,76 102,102,76 109,108,80 107,106,79 108,110,77 108,110,74 
145,135,136 140,131,131 161,152,154 163,155,155 158,148,149 159,150,151 163,154,155 163,153,154 144,133,133 147,138,136 150,140,138 155,146,143 171,162,161 173,166,164 148,138,136 155,146,143 165,156,155 177,169,170 169,161,161 176,169,169 172,165,165 179,172,172 176,171,172 177,173,174 177,173,175 182,177,181 180,175,179 175,169,173 182,174,178 173,163,165 179,170,170 182,172,174 183,174,174 180,172,174 171,162,162 163,152,152 153,142,143 144,133,132 171,163,161 161,150,148 119,112,102 100,101,81 99,101,75 96,99,73 103,104,81 103,99,84 102,100,73 112,109,87 106,102,77 106,107,73 
143,133,134 157,148,149 153,143,142 153,143,144 154,144,144 151,140,139 143,132,132 143,133,132 143,133,131 164,156,155 165,157,155 163,153,151 169,161,158 171,163,160 177,169,167 173,166,164 167,158,157 175,166,166 173,164,165 173,166,166 163,155,154 174,165,166 175,169,171 174,169,171 172,167,170 180,176,180 182,177,182 178,171,175 170,161,164 176,167,170 175,166,165 191,184,186 186,179,180 179,171,172 191,185,188 186,181,183 177,170,173 173,166,166 176,170,170 172,164,163 178,171,171 155,146,146 116,108,94 102,101,78 99,103,75 98,105,76 99,104,78 101,103,75 55,43,42 93,95,70 
137,128,130 134,126,124 133,126,124 139,132,131 137,129,127 125,116,114 128,119,118 126,117,115 150,139,138 165,156,155 168,160,158 167,158,156 172,164,162 177,169,167 168,159,157 178,169,168 171,162,161 179,170,170 180,171,172 173,165,165 164,155,155 172,166,167 176,172,174 175,171,175 179,175,180 182,178,184 183,178,185 181,175,179 176,167,170 181,173,175 192,187,188 188,182,186 189,183,185 184,177,179 191,185,188 181,175,178 189,185,187 185,180,181 186,181,181 174,168,166 162,154,153 172,165,163 143,133,125 111,103,84 103,99,80 98,100,74 100,100,73 99,97,74 85,73,72 98,97,77 
117,108,110 233,226,206 224,224,202 233,225,208 232,223,204 233,225,204 236,230,215 212,209,201 159,149,147 162,152,149 162,152,149 160,150,147 163,154,151 171,163,161 171,161,160 175,165,164 172,164,162 173,164,165 173,164,165 172,166,167 171,166,169 180,175,178 180,178,181 178,175,180 177,174,180 183,180,186 186,181,188 184,179,185 188,182,186 195,189,194 197,192,194 196,191,194 193,187,191 196,192,194 182,176,177 149,139,138 138,128,127 152,145,144 140,132,126 127,118,110 111,103,92 115,105,91 111,100,86 112,100,84 119,107,96 116,105,99 117,105,90 114,104,84 61,58,50 108,100,75 
132,123,123 232,222,194 230,224,205 226,218,200 216,191,145 232,224,206 238,233,221 215,212,205 172,166,164 167,160,157 169,162,159 173,166,164 162,152,150 169,162,159 161,152,146 135,129,112 121,115,97 149,141,135 138,136,122 137,134,121 140,133,121 139,136,123 141,133,123 144,139,132 136,130,121 162,157,156 161,157,157 156,149,148 153,144,144 165,157,158 151,143,140 141,131,131 139,129,125 135,128,120 123,114,109 108,100,98 97,88,90 98,89,89 102,92,93 95,87,92 100,92,95 103,92,96 103,96,101 107,99,102 107,99,102 107,100,104 108,100,103 110,101,104 58,56,57 110,100,87 
149,141,142 232,222,195 219,215,203 194,190,180 173,163,137 210,204,186 239,236,227 216,213,206 183,180,180 181,177,175 170,164,160 161,152,147 147,138,129 134,130,115 108,103,80 111,102,79 101,100,76 105,102,77 110,100,76 106,95,71 104,93,74 101,92,73 103,95,77 109,97,84 106,96,83 105,96,89 103,94,92 98,91,94 91,83,91 88,80,85 89,82,89 95,87,94 97,90,97 97,89,95 97,89,94 98,90,96 97,90,94 99,94,99 109,100,104 106,97,100 103,95,100 105,98,103 105,98,104 106,100,105 107,101,106 107,99,104 108,99,104 108,101,106 47,46,46 104,97,99 
157,150,150 238,234,225 234,228,211 228,221,202 220,215,203 234,228,210 240,237,227 213,209,202 150,142,135 142,135,124 111,102,88 114,106,89 112,102,84 109,102,84 108,99,81 105,94,75 103,95,72 104,95,69 105,93,73 105,93,72 112,100,89 111,99,85 113,100,93 109,99,99 109,98,96 112,105,97 96,88,93 99,91,94 93,86,95 95,88,96 99,94,100 99,93,99 102,95,102 106,98,104 107,99,105 105,97,102 105,98,102 108,101,105 106,99,103 112,105,110 107,100,104 105,98,103 109,102,106 107,100,105 107,101,106 107,99,105 107,100,104 110,104,107 57,55,56 103,96,97 
164,159,160 237,234,227 235,229,210 235,229,214 239,236,227 231,227,218 239,236,227 207,203,195 98,86,85 101,90,89 110,96,94 109,97,95 118,104,98 119,106,101 119,103,97 113,105,86 103,97,79 104,95,75 105,94,76 109,99,81 110,102,97 118,107,99 112,105,90 110,101,99 107,100,102 117,109,107 97,91,97 99,92,99 96,90,99 99,92,99 99,93,100 100,95,102 106,100,106 109,101,107 111,103,109 108,100,104 107,101,106 108,102,107 108,102,106 111,103,108 109,102,107 129,124,127 127,122,125 36,36,36 39,39,39 53,57,61 113,114,103 75,77,61 42,42,42 112,103,103 
138,129,129 115,114,111 115,114,111 113,111,109 113,112,109 113,112,109 113,112,109 105,103,100 95,86,89 100,91,96 97,87,91 98,88,92 98,90,94 95,89,93 110,100,103 121,115,101 121,110,97 117,104,94 106,95,80 119,107,90 109,99,99 111,102,96 117,106,98 103,96,98 113,109,113 118,113,116 102,94,99 105,98,104 101,95,103 134,129,137 126,122,129 122,119,125 108,102,109 109,104,109 109,103,108 112,105,111 113,107,112 112,105,110 107,101,106 111,104,108 111,105,109 116,110,115 116,110,113 59,58,59 61,58,59 64,62,64 94,89,80 72,72,63 59,57,58 109,101,102 
78,70,74 64,64,64 66,66,66 39,39,39 30,30,30 30,30,30 30,30,30 37,36,36 100,92,94 101,92,96 102,93,96 101,93,97 96,89,92 100,96,98 106,99,104 106,99,103 106,98,101 108,100,98 124,110,99 117,105,101 98,92,97 109,102,94 108,100,99 99,95,101 95,91,97 97,92,99 100,94,102 104,97,104 104,99,106 110,104,112 122,116,123 128,123,129 114,110,116 112,107,112 115,110,114 113,107,112 118,112,116 100,96,98 84,81,83 82,79,81 82,80,81 68,65,67 80,78,80 76,73,75 76,73,75 69,65,67 70,67,68 83,80,81 81,78,79 67,64,65 
